6.721 6 GPS_INT 637813700 0 0 0 0 0 -17000 0 0 0 649519040 3041 23000 9999 0 0 1
6.721 6 SVINFO 1 5 16 1 0 -91 0
6.722 6 INS 0 0 0 0 0 0 -979 -354 -8534
6.722 6 GPS 0 16602145 0 0 -17000 0 0 1867 23250 31 0
6.722 6 SVINFO 0 3 16 1 0 -91 0
6.723 6 ATTITUDE -0.106411 3.158355 -0.063491
6.747 6 CBF 0. 0. 0. 0. 4 0 0.,0.,0.,0. 5. 1.
6.747 6 CBF 0. 0. 0. 0. 4 0 0.,0.,0.,0. 5. 1.
6.779 6 INS 0 0 0 0 0 0 -980 -348 -8635
6.811 6 ATTITUDE -0.106321 3.158509 -0.063806
6.901 6 ROVER_CTRL 0. 0. 0. 0. 1400. 600. 1000. 0. 0. 0. 0. 0.
6.901 6 INS 0 0 0 0 0 0 -1016 -367 -8509
6.901 6 ATTITUDE -0.10617 3.158699 -0.064108
6.924 6 LINK_REPORT 6 -1 7 0 5371 137 0 1828. 47. 1 42.49
6.959 6 GPS_INT 637813700 0 0 0 0 0 -17000 0 0 0 649519040 3051 23250 9999 0 0 1
6.959 6 SVINFO 1 5 16 1 0 -91 0
6.959 6 GPS 0 16602145 0 0 -17000 0 0 1867 23500 31 0
6.960 6 SVINFO 0 3 16 1 0 -91 0
6.991 6 INS_REF 485064566 -31598534 411664690 404506485 -37271496 702390 650000 0.
6.991 6 INS 0 0 0 0 0 0 -1017 -321 -8383
7.007 6 ATTITUDE -0.106006 3.15879 -0.064414
7.087 6 INS 0 0 0 0 0 0 -1021 -274 -8590
7.103 6 ATTITUDE -0.105923 3.158864 -0.064824
7.223 6 GPS_INT 637813700 0 0 0 0 0 -17000 0 0 0 649519040 3061 23500 9999 0 0 1
7.224 6 SVINFO 1 5 16 1 0 -91 0
7.224 6 INS 0 0 0 0 0 0 -1015 -284 -8505
7.225 6 GPS 0 16602145 0 0 -17000 0 0 1867 23750 31 0
7.226 6 SVINFO 0 3 16 1 0 -91 0
7.227 6 ATTITUDE -0.105848 3.159022 -0.065222
7.236 6 CBF 0. 0. 0. 0. 4 0 0.,0.,0.,0. 5. 1.
7.252 6 CBF 0. 0. 0. 0. 4 0 0.,0.,0.,0. 5. 1.
7.283 6 INS 0 0 0 0 0 0 -984 -294 -8584
7.299 6 ATTITUDE -0.105686 3.159115 -0.065524
7.411 6 ROVER_CTRL 0. 0. 0. 0. 1400. 600. 1000. 0. 0. 0. 0. 0.
7.412 6 INS 0 0 0 0 0 0 -959 -340 -8518
7.413 6 ATTITUDE -0.105619 3.159322 -0.065941
7.462 6 GPS_INT 637813700 0 0 0 0 0 -17000 0 0 0 649519040 3072 23750 9999 0 0 1
7.463 6 SVINFO 1 5 16 1 0 -91 0
7.464 6 GPS 0 16602145 0 0 -17000 0 0 1867 24000 31 0
7.465 6 SVINFO 0 3 16 1 0 -91 0
7.478 6 INS 0 0 0 0 0 0 -1021 -368 -8584
7.510 6 ATTITUDE -0.105578 3.159398 -0.066309
7.574 6 ROVER_STATUS 2 0 0 2 0 24 8.256915
7.590 6 INS 0 0 0 0 0 0 -1007 -354 -8593
7.605 6 ATTITUDE -0.105454 3.159508 -0.06672
7.698 6 GPS_INT 637813700 0 0 0 0 0 -17000 0 0 0 649519040 3082 24000 9999 0 0 1
7.699 6 SVINFO 1 5 16 1 0 -91 0
7.756 6 INS 0 0 0 0 0 0 -1058 -296 -8477
7.757 6 WP_MOVED_ENU 17 -94 2513 2557
7.757 6 WP_MOVED_ENU 17 -94 2513 2557
7.757 6 GPS 0 16602145 0 0 -17000 0 0 1867 24250 31 0
7.757 6 SVINFO 0 3 16 1 0 -91 0
7.757 6 ATTITUDE -0.105442 3.159691 -0.067101
7.759 6 CBF 0. 0. 0. 0. 4 0 0.,0.,0.,0. 5. 1.
7.759 6 CBF 0. 0. 0. 0. 4 0 0.,0.,0.,0. 5. 1.
7.760 6 ROTORCRAFT_NAV_STATUS 21 0 0. 0. 0 3 0
7.788 6 INS 0 0 0 0 0 0 -1083 -303 -8649
7.804 6 ATTITUDE -0.105236 3.159816 -0.067492
7.853 6 DATALINK_REPORT 2 1 1005 1795 0 0
7.909 6 ROVER_CTRL 0. 0. 0. 0. 1400. 600. 1000. 0. 0. 0. 0. 0.
7.909 6 INS 0 0 0 0 0 0 -1053 -329 -8583
7.910 6 ATTITUDE -0.105118 3.15993 -0.067888
7.925 6 LINK_REPORT 6 -1 8 0 7238 185 0 1867. 48. 1 42.49
7.963 6 GPS_INT 637813700 0 0 0 0 0 -17000 0 0 0 649519040 3092 24250 9999 0 0 1
7.964 6 SVINFO 1 5 16 1 0 -91 0
7.965 6 GPS 0 16602145 0 0 -17000 0 0 1867 24500 31 0
7.966 6 SVINFO 0 3 16 1 0 -91 0
7.978 6 INS 0 0 0 0 0 0 -1025 -363 -8688
8.010 6 ATTITUDE -0.104907 3.159943 -0.068272
8.089 6 INS 0 0 0 0 0 0 -1046 -373 -8504
8.106 6 ATTITUDE -0.104983 3.160132 -0.068615
8.219 6 GPS_INT 637813700 0 0 0 0 0 -17000 0 0 0 649519040 3102 24500 9999 0 0 1
8.220 6 SVINFO 1 5 16 1 0 -91 0
8.229 6 INS 0 0 0 0 0 0 -1085 -308 -8702
8.230 6 GPS 0 16602145 0 0 -17000 0 0 1867 24750 31 0
8.231 6 SVINFO 0 3 16 1 0 -91 0
8.231 6 ATTITUDE -0.104848 3.160289 -0.068984
8.244 6 CBF 0. 0. 0. 0. 4 0 0.,0.,0.,0. 5. 1.
8.245 6 CBF 0. 0. 0. 0. 4 0 0.,0.,0.,0. 5. 1.
8.275 6 INS 0 0 0 0 0 0 -1112 -279 -8456
8.308 6 ATTITUDE -0.1047 3.160375 -0.069309
8.398 6 ROVER_CTRL 0. 0. 0. 0. 1400. 600. 1000. 0. 0. 0. 0. 0.
8.399 6 INS 0 0 0 0 0 0 -1087 -356 -8529
8.400 6 ATTITUDE -0.104637 3.160551 -0.069676
8.456 6 GPS_INT 637813700 0 0 0 0 0 -17000 0 0 0 649519040 3112 24750 9999 0 0 1
8.457 6 SVINFO 1 5 16 1 0 -91 0
8.458 6 GPS 0 16602145 0 0 -17000 0 0 1867 25000 31 0
8.458 6 SVINFO 0 3 16 1 0 -91 0
8.488 6 INS 0 0 0 0 0 0 -1088 -347 -8561
8.503 6 ATTITUDE -0.104513 3.160694 -0.070101
8.583 6 INS 0 0 0 0 0 0 -1128 -273 -8623
8.599 6 ATTITUDE -0.104492 3.160771 -0.070456
8.716 6 GPS_INT 637813700 0 0 0 0 0 -17000 0 0 0 649519040 3122 25000 9999 0 0 1
8.716 6 SVINFO 1 5 16 1 0 -91 0
8.716 6 INS 0 0 0 0 0 0 -1216 -357 -8445
8.716 6 GPS 0 16602145 0 0 -17000 0 0 1867 25250 31 0
8.716 6 SVINFO 0 3 16 1 0 -91 0
8.717 6 ATTITUDE -0.104248 3.160939 -0.070792
8.742 6 CBF 0. 0. 0. 0. 4 0 0.,0.,0.,0. 5. 1.
8.742 6 CBF 0. 0. 0. 0. 4 0 0.,0.,0.,0. 5. 1.
8.773 6 INS 0 0 0 0 0 0 -1119 -374 -8551
8.805 6 ATTITUDE -0.104216 3.161071 -0.071176
8.897 6 ROVER_CTRL 0. 0. 0. 0. 1400. 600. 1000. 0. 0. 0. 0. 0.
8.898 6 INS 0 0 0 0 0 0 -1043 -269 -8547
8.899 6 ATTITUDE -0.104343 3.161328 -0.071518
8.926 6 LINK_REPORT 6 -1 9 0 8932 227 0 1694. 42. 1 42.49
8.928 6 ALIVE 181,17,98,0,107,36,58,197,8,42,210,153,81,189,16,63
8.965 6 GPS_INT 637813700 0 0 0 0 0 -17000 0 0 0 649519040 3132 25250 9999 0 0 1
8.965 6 SVINFO 1 5 16 1 0 -91 0
8.966 6 GPS 0 16602145 0 0 -17000 0 0 1867 25500 31 0
8.966 6 SVINFO 2 8 16 1 0 -91 0
8.991 6 INS 0 0 0 0 0 0 -1191 -260 -8568
8.991 6 WP_MOVED_ENU 18 -117 2283 2557
8.991 6 WP_MOVED_ENU 18 -117 2283 2557
9.007 6 ATTITUDE -0.104125 3.161446 -0.071809
9.071 6 ROVER_STATUS 2 0 0 2 0 25 8.256915
9.087 6 INS 0 0 0 0 0 0 -1121 -309 -8650
9.103 6 ATTITUDE -0.103888 3.161539 -0.072305
9.216 6 GPS_INT 637813700 0 0 0 0 0 -17000 0 0 0 649519040 3142 25500 9999 0 0 1
9.217 6 SVINFO 0 3 16 1 0 -91 0
9.218 6 INS 0 0 0 0 0 0 -1118 -435 -8663
9.219 6 GPS 0 16602145 0 0 -17000 0 0 1867 25750 31 0
9.220 6 SVINFO 1 5 16 1 0 -91 0
9.221 6 ATTITUDE -0.103852 3.161576 -0.072679
9.241 6 CBF 0. 0. 0. 0. 4 0 0.,0.,0.,0. 5. 1.
9.241 6 CBF 0. 0. 0. 0. 4 0 0.,0.,0.,0. 5. 1.
9.272 6 INS 0 0 0 0 0 0 -1138 -416 -8472
9.304 6 ATTITUDE -0.10371 3.16176 -0.073023
9.336 6 ROTORCRAFT_NAV_STATUS 23 0 0. 0. 0 3 0
9.369 6 ENERGY 0 8.256915 0.275 2.270652 2. 0.001815 0.014996
9.409 6 ROVER_CTRL 0. 0. 0. 0. 1400. 600. 1000. 0. 0. 0. 0. 0.
9.409 6 INS 0 0 0 0 0 0 -1158 -426 -8417
9.409 6 ATTITUDE -0.103587 3.16185 -0.073399
9.450 6 GPS_INT 637813700 0 0 0 0 0 -17000 0 0 0 649519040 3152 25750 9999 0 0 1
9.450 6 SVINFO 2 8 16 1 0 -91 0
9.451 6 GPS 0 16602145 0 0 -17000 0 0 1867 26000 31 0
9.451 6 SVINFO 0 3 16 1 0 -91 0
9.482 6 INS 0 0 0 0 0 0 -1154 -307 -8535
9.498 6 ATTITUDE -0.10359 3.161933 -0.073712
9.578 6 INS 0 0 0 0 0 0 -1156 -347 -8698
9.594 6 ATTITUDE -0.103246 3.162091 -0.074191
9.711 6 GPS_INT 637813700 0 0 0 0 0 -17000 0 0 0 649519040 3162 26000 9999 0 0 1
9.711 6 SVINFO 1 5 16 1 0 -91 0
9.711 6 INS 0 0 0 0 0 0 -1177 -252 -8383
9.712 6 GPS 0 16602145 0 0 -17000 0 0 1867 26000 31 0
9.712 6 SVINFO 2 8 16 1 0 -91 0
9.712 6 ATTITUDE -0.103224 3.162221 -0.074614
9.739 6 CBF 0. 0. 0. 0. 4 0 0.,0.,0.,0. 5. 1.
9.740 6 CBF 0. 0. 0. 0. 4 0 0.,0.,0.,0. 5. 1.
9.771 6 INS 0 0 0 0 0 0 -1220 -378 -8543
9.803 6 ATTITUDE -0.103154 3.162294 -0.075002
9.894 6 ROVER_CTRL 0. 0. 0. 0. 1400. 600. 1000. 0. 0. 0. 0. 0.
9.895 6 INS 0 0 0 0 0 0 -1232 -429 -8388
9.896 6 ATTITUDE -0.102999 3.162381 -0.075391
9.928 6 LINK_REPORT 6 -1 10 0 10798 275 0 1866. 48. 1 42.49
9.952 6 GPS_INT 637813700 0 0 0 0 0 -17000 0 0 0 649519040 3172 26250 9999 0 0 1
9.953 6 SVINFO 0 3 16 1 0 -91 0
9.954 6 GPS 0 16602145 0 0 -17000 0 0 1867 26250 31 0
9.955 6 SVINFO 1 5 16 1 0 -91 0
9.984 6 INS 0 0 0 0 0 0 -1145 -402 -8555
9.999 6 ATTITUDE -0.103067 3.162437 -0.075812
10.079 6 INS 0 0 0 0 0 0 -1198 -343 -8598
10.095 6 ATTITUDE -0.102968 3.162509 -0.076136
10.212 6 GPS_INT 637813700 0 0 0 0 0 -17000 0 0 0 649519040 3182 26500 9999 0 0 1
10.212 6 SVINFO 2 8 16 1 0 -91 0
10.213 6 INS 0 0 0 0 0 0 -1232 -293 -8567
10.213 6 GPS 0 16602145 0 0 -17000 0 0 1867 26500 31 0
10.213 6 SVINFO 0 3 16 1 0 -91 0
10.213 6 ATTITUDE -0.102992 3.162548 -0.076442
10.238 6 CBF 0. 0. 0. 0. 4 0 0.,0.,0.,0. 5. 1.
10.238 6 CBF 0. 0. 0. 0. 4 0 0.,0.,0.,0. 5. 1.
10.269 6 INS 0 0 0 0 0 0 -1245 -290 -8421
10.286 6 WP_MOVED_ENU 19 760 1031 2560
10.286 6 WP_MOVED_ENU 19 760 1031 2560
10.302 6 ATTITUDE -0.1028 3.162755 -0.076827
10.403 6 ROVER_CTRL 0. 0. 0. 0. 1400. 600. 1000. 0. 0. 0. 0. 0.
10.404 6 INS 0 0 0 0 0 0 -1233 -322 -8724
10.404 6 AUTOPILOT_VERSION 60200 v6.2_unstable-642-gf69a1ee66-dirty
10.404 6 ATTITUDE -0.10279 3.162817 -0.077193
10.455 6 GPS_INT 637813700 0 0 0 0 0 -17000 0 0 0 649519040 3191 26750 9999 0 0 1
10.456 6 SVINFO 1 5 16 1 0 -91 0
10.456 6 GPS 0 16602145 0 0 -17000 0 0 1867 26750 31 0
10.456 6 SVINFO 2 8 16 1 0 -91 0
10.456 6 PONG 
10.472 6 INS 0 0 0 0 0 0 -1138 -486 -8498
10.503 6 ATTITUDE -0.102839 3.162782 -0.077637
10.567 6 ROVER_STATUS 2 0 0 2 0 27 8.256915
10.583 6 INS 0 0 0 0 0 0 -1255 -505 -8557
10.599 6 ATTITUDE -0.102671 3.162783 -0.077936
10.713 6 GPS_INT 637813700 0 0 0 0 0 -17000 0 0 0 649519040 3201 27000 9999 0 0 1
10.714 6 SVINFO 0 3 16 1 0 -91 0
10.715 6 INS 0 0 0 0 0 0 -1230 -391 -8658
10.716 6 GPS 0 16602145 0 0 -17000 0 0 1867 27000 31 0
10.717 6 SVINFO 1 5 16 1 0 -91 0
10.718 6 ATTITUDE -0.102503 3.162816 -0.078279
10.739 6 CBF 0. 0. 0. 0. 4 0 0.,0.,0.,0. 5. 1.
10.740 6 CBF 0. 0. 0. 0. 4 0 0.,0.,0.,0. 5. 1.
10.770 6 INS 0 0 0 0 0 0 -1246 -392 -8559
10.802 6 ATTITUDE -0.102447 3.162934 -0.0786
10.892 6 ROVER_CTRL 0. 0. 0. 0. 1400. 600. 1000. 0. 0. 0. 0. 0.
10.893 6 INS 0 0 0 0 0 0 -1188 -384 -8636
10.894 6 ATTITUDE -0.102443 3.163059 -0.078963
10.928 6 LINK_REPORT 6 -1 11 0 12633 322 0 1835. 47. 2 34.23
10.949 6 GPS_INT 637813700 0 0 0 0 0 -17000 0 0 0 649519040 3211 27250 9999 0 0 1
10.949 6 SVINFO 2 8 16 1 0 -91 0
10.949 6 ROTORCRAFT_NAV_STATUS 24 0 0. 0. 0 3 0
10.950 6 GPS 0 16602145 0 0 -17000 0 0 1867 27250 31 0
10.950 6 SVINFO 0 3 16 1 0 -91 0
10.981 6 INS 0 0 0 0 0 0 -1256 -349 -8511
10.997 6 ATTITUDE -0.102287 3.16315 -0.07929
11.077 6 INS 0 0 0 0 0 0 -1266 -349 -8511
11.093 6 ATTITUDE -0.102372 3.163263 -0.079696
11.210 6 GPS_INT 637813700 0 0 0 0 0 -17000 0 0 0 649519040 3221 27500 9999 0 0 1
11.210 6 SVINFO 1 5 16 1 0 -91 0
11.210 6 INS 0 0 0 0 0 0 -1280 -341 -8630
11.210 6 GPS 0 16602145 0 0 -17000 0 0 1867 27500 31 0
11.211 6 SVINFO 2 8 16 1 0 -91 0
11.211 6 ATTITUDE -0.10218 3.163306 -0.080155
11.236 6 CBF 0. 0. 0. 0. 4 0 0.,0.,0.,0. 5. 1.
11.236 6 CBF 0. 0. 0. 0. 4 0 0.,0.,0.,0. 5. 1.
11.268 6 INS 0 0 0 0 0 0 -1266 -468 -8503
11.299 6 ATTITUDE -0.102029 3.163458 -0.080579
11.390 6 ROVER_CTRL 0. 0. 0. 0. 1400. 600. 1000. 0. 0. 0. 0. 0.
11.390 6 INS 0 0 0 0 0 0 -1234 -497 -8542
11.391 6 ATTITUDE -0.101909 3.163593 -0.080916
11.448 6 GPS_INT 637813700 0 0 0 0 0 -17000 0 0 0 649519040 3230 27750 9999 0 0 1
11.448 6 SVINFO 0 3 16 1 0 -91 0
11.448 6 GPS 0 16602145 0 0 -17000 0 0 1867 27750 31 0
11.448 6 SVINFO 1 5 16 1 0 -91 0
11.479 6 INS 0 0 0 0 0 0 -1305 -389 -8548
11.495 6 ATTITUDE -0.101785 3.163713 -0.081319
11.585 6 INS 0 0 0 0 0 0 -1337 -405 -8587
11.586 6 WP_MOVED_ENU 20 775 -1018 2560
11.586 6 WP_MOVED_ENU 20 775 -1018 2560
11.586 6 ATTITUDE -0.101605 3.163842 -0.081787
11.618 6 ALIVE 181,17,98,0,107,36,58,197,8,42,210,153,81,189,16,63
11.715 6 GPS_INT 637813700 0 0 0 0 0 -17000 0 0 0 649519040 3240 28000 9999 0 0 1
11.716 6 SVINFO 2 8 16 1 0 -91 0
11.717 6 INS 0 0 0 0 0 0 -1290 -408 -8499
11.718 6 GPS 0 16602145 0 0 -17000 0 0 1867 28000 31 0
11.718 6 SVINFO 0 3 16 1 0 -91 0
11.719 6 ATTITUDE -0.101543 3.16394 -0.08212
11.741 6 CBF 0. 0. 0. 0. 4 0 0.,0.,0.,0. 5. 1.
11.745 6 CBF 0. 0. 0. 0. 4 0 0.,0.,0.,0. 5. 1.
11.771 6 INS 0 0 0 0 0 0 -1342 -396 -8537
11.787 6 ATTITUDE -0.101344 3.164006 -0.082489
11.898 6 ROVER_CTRL 0. 0. 0. 0. 1400. 600. 1000. 0. 0. 0. 0. 0.
11.899 6 INS 0 0 0 0 0 0 -1324 -421 -8578
11.900 6 ATTITUDE -0.101274 3.164157 -0.082859
11.929 6 LINK_REPORT 6 -1 12 0 14437 368 0 1804. 46. 2 34.23
11.951 6 GPS_INT 637813700 0 0 0 0 0 -17000 0 0 0 649519040 3250 28250 9999 0 0 1
11.952 6 SVINFO 1 5 16 1 0 -91 0
11.953 6 GPS 0 16602145 0 0 -17000 0 0 1867 28250 31 0
11.954 6 SVINFO 2 8 16 1 0 -91 0
11.966 6 INS 0 0 0 0 0 0 -1347 -471 -8519
11.998 6 ATTITUDE -0.101069 3.16429 -0.083248
12.062 6 ROVER_STATUS 2 0 0 2 0 28 8.256915
12.078 6 INS 0 0 0 0 0 0 -1354 -476 -8562
12.094 6 ATTITUDE -0.101004 3.164405 -0.083558
12.209 6 GPS_INT 637813700 0 0 0 0 0 -17000 0 0 0 649519040 3259 28500 9999 0 0 1
12.210 6 SVINFO 0 3 16 1 0 -91 0
12.211 6 INS 0 0 0 0 0 0 -1341 -507 -8542
12.212 6 GPS 0 16602145 0 0 -17000 0 0 1867 28500 31 0
12.214 6 SVINFO 1 5 16 1 0 -91 0
12.214 6 ATTITUDE -0.10092 3.164509 -0.083996
12.234 6 CBF 0. 0. 0. 0. 4 0 0.,0.,0.,0. 5. 1.
12.236 6 CBF 0. 0. 0. 0. 4 0 0.,0.,0.,0. 5. 1.
12.265 6 INS 0 0 0 0 0 0 -1360 -461 -8526
12.298 6 ATTITUDE -0.100834 3.164583 -0.08431
12.389 6 ROVER_CTRL 0. 0. 0. 0. 1400. 600. 1000. 0. 0. 0. 0. 0.
12.390 6 INS 0 0 0 0 0 0 -1371 -441 -8479
12.390 6 ATTITUDE -0.100658 3.164717 -0.08464
12.446 6 GPS_INT 637813700 0 0 0 0 0 -17000 0 0 0 649519040 3269 28750 9999 0 0 1
12.448 6 SVINFO 2 8 16 1 0 -91 0
12.448 6 GPS 0 16602145 0 0 -17000 0 0 1867 28750 31 0
12.449 6 SVINFO 0 3 16 1 0 -91 0
12.478 6 INS 0 0 0 0 0 0 -1398 -425 -8498
12.493 6 ATTITUDE -0.100551 3.164867 -0.084998
12.526 6 ROTORCRAFT_NAV_STATUS 26 0 0. 0. 0 3 0
12.574 6 INS 0 0 0 0 0 0 -1389 -455 -8546
12.589 6 ATTITUDE -0.100408 3.164991 -0.085445
12.707 6 GPS_INT 637813700 0 0 0 0 0 -17000 0 0 0 649519040 3278 29000 9999 0 0 1
12.708 6 SVINFO 1 5 16 1 0 -91 0
12.709 6 INS 0 0 0 0 0 0 -1368 -450 -8537
12.710 6 GPS 0 16602145 0 0 -17000 0 0 1867 29000 31 0
12.710 6 SVINFO 2 8 16 1 0 -91 0
12.711 6 ATTITUDE -0.100222 3.165098 -0.085775
12.733 6 CBF 0. 0. 0. 0. 4 0 0.,0.,0.,0. 5. 1.
12.734 6 CBF 0. 0. 0. 0. 4 0 0.,0.,0.,0. 5. 1.
12.764 6 INS 0 0 0 0 0 0 -1389 -421 -8537
12.796 6 ATTITUDE -0.100186 3.165208 -0.086161
12.898 6 ROVER_CTRL 0. 0. 0. 0. 1400. 600. 1000. 0. 0. 0. 0. 0.
12.899 6 INS 0 0 0 0 0 0 -1390 -430 -8499
12.900 6 WP_MOVED_ENU 21 -760 -1031 2560
12.900 6 WP_MOVED_ENU 21 -760 -1031 2560
12.901 6 ATTITUDE -0.10009 3.165253 -0.086532
12.929 6 LINK_REPORT 6 -1 13 0 16235 414 0 1798. 46. 2 34.23
12.951 6 GPS_INT 637813700 0 0 0 0 0 -17000 0 0 0 649519040 3288 29250 9999 0 0 1
12.952 6 SVINFO 0 3 16 1 0 -91 0
12.953 6 DATALINK_REPORT 2 2 1240 1816 0 0
12.954 6 GPS 0 16602145 0 0 -17000 0 0 1867 29250 31 0
12.955 6 SVINFO 1 5 16 1 0 -91 0
12.966 6 INS 0 0 0 0 0 0 -1405 -466 -8583
12.982 6 ATTITUDE -0.099998 3.165379 -0.086851
13.062 6 INS 0 0 0 0 0 0 -1404 -486 -8521
13.094 6 ATTITUDE -0.099955 3.165527 -0.087266
13.207 6 GPS_INT 637813700 0 0 0 0 0 -17000 0 0 0 649519040 3297 29500 9999 0 0 1
13.208 6 SVINFO 2 8 16 1 0 -91 0
13.209 6 INS 0 0 0 0 0 0 -1409 -476 -8531
13.210 6 GPS 0 16602145 0 0 -17000 0 0 1867 29500 31 0
13.211 6 SVINFO 0 3 16 1 0 -91 0
13.212 6 ATTITUDE -0.099923 3.165565 -0.08767
13.234 6 CBF 0. 0. 0. 0. 4 0 0.,0.,0.,0. 5. 1.
13.236 6 CBF 0. 0. 0. 0. 4 0 0.,0.,0.,0. 5. 1.
13.264 6 INS 0 0 0 0 0 0 -1429 -471 -8537
13.296 6 ATTITUDE -0.099862 3.165629 -0.088088
13.387 6 ROVER_CTRL 0. 0. 0. 0. 1400. 600. 1000. 0. 0. 0. 0. 0.
13.388 6 INS 0 0 0 0 0 0 -1430 -465 -8552
13.389 6 ATTITUDE -0.099772 3.165737 -0.088475
13.444 6 GPS_INT 637813700 0 0 0 0 0 -17000 0 0 0 649519040 3307 29750 9999 0 0 1
13.445 6 SVINFO 1 5 16 1 0 -91 0
13.446 6 GPS 0 16602145 0 0 -17000 0 0 1867 29750 31 0
13.447 6 SVINFO 2 8 16 1 0 -91 0
13.475 6 INS 0 0 0 0 0 0 -1466 -487 -8575
13.491 6 ATTITUDE -0.099768 3.16588 -0.088795
13.555 6 ROVER_STATUS 2 0 0 2 0 30 8.256915
13.571 6 INS 0 0 0 0 0 0 -1466 -441 -8511
13.587 6 ATTITUDE -0.099707 3.166069 -0.089227
13.704 6 GPS_INT 637813700 0 0 0 0 0 -17000 0 0 0 649519040 3316 30000 9999 0 0 1
13.706 6 SVINFO 0 3 16 1 0 -91 0
13.706 6 INS 0 0 0 0 0 0 -1466 -452 -8528
13.707 6 GPS 0 16602145 0 0 -17000 0 0 1867 30000 31 0
13.708 6 SVINFO 1 5 16 1 0 -91 0
13.709 6 ATTITUDE -0.099584 3.166165 -0.089572
13.735 6 CBF 0. 0. 0. 0. 4 0 0.,0.,0.,0. 5. 1.
13.736 6 CBF 0. 0. 0. 0. 4 0 0.,0.,0.,0. 5. 1.
13.762 6 INS 0 0 0 0 0 0 -1467 -460 -8552
13.794 6 ATTITUDE -0.099498 3.166218 -0.089951
13.858 6 ENERGY 0 8.256915 0.275 2.270652 2. 0.002155 0.017807
13.897 6 ROVER_CTRL 0. 0. 0. 0. 1400. 600. 1000. 0. 0. 0. 0. 0.
13.899 6 INS 0 0 0 0 0 0 -1459 -463 -8529
13.900 6 ATTITUDE -0.099437 3.166429 -0.090313
13.929 6 LINK_REPORT 6 -1 14 0 18015 459 0 1780. 45. 2 34.23
13.940 6 GPS_INT 637813700 0 0 0 0 0 -17000 0 0 0 649519040 3326 30250 9999 0 0 1
13.941 6 SVINFO 2 8 16 1 0 -91 0
13.942 6 GPS 0 16602145 0 0 -17000 0 0 1867 30250 31 0
13.942 6 SVINFO 0 3 16 1 0 -91 0
13.971 6 INS 0 0 0 0 0 0 -1455 -499 -8557
13.987 6 ATTITUDE -0.099283 3.166591 -0.090608
14.067 6 INS 0 0 0 0 0 0 -1491 -518 -8522
14.082 6 ATTITUDE -0.09926 3.166707 -0.091004
14.115 6 ROTORCRAFT_NAV_STATUS 28 0 0. 0. 0 3 0
14.237 6 GPS_INT 637813700 0 0 0 0 0 -17000 0 0 0 649519040 3335 30500 9999 0 0 1
14.239 6 SVINFO 1 5 16 1 0 -91 0
14.239 6 INS 0 0 0 0 0 0 -1460 -496 -8503
14.240 6 WP_MOVED_ENU 22 -775 1018 2560
14.241 6 WP_MOVED_ENU 22 -775 1018 2560
14.241 6 GPS 0 16602145 0 0 -17000 0 0 1867 30500 31 0
14.242 6 SVINFO 2 8 16 1 0 -91 0
14.242 6 ATTITUDE -0.099094 3.166808 -0.091421
14.243 6 CBF 0. 0. 0. 0. 4 0 0.,0.,0.,0. 5. 1.
14.243 6 CBF 0. 0. 0. 0. 4 0 0.,0.,0.,0. 5. 1.
14.263 6 INS 0 0 0 0 0 0 -1495 -504 -8422
14.279 6 ATTITUDE -0.098947 3.166888 -0.091786
14.312 6 ALIVE 181,17,98,0,107,36,58,197,8,42,210,153,81,189,16,63
14.386 6 ROVER_CTRL 0. 0. 0. 0. 1400. 600. 1000. 0. 0. 0. 0. 0.
14.387 6 INS 0 0 0 0 0 0 -1508 -470 -8505
14.388 6 ATTITUDE -0.098859 3.166911 -0.092156
14.442 6 GPS_INT 637813700 0 0 0 0 0 -17000 0 0 0 649519040 3344 30750 9999 0 0 1
14.443 6 SVINFO 0 3 16 1 0 -91 0
14.444 6 GPS 0 16602145 0 0 -17000 0 0 1867 30750 31 0
14.445 6 SVINFO 1 5 16 1 0 -91 0
14.473 6 INS 0 0 0 0 0 0 -1504 -497 -8530
14.489 6 ATTITUDE -0.098762 3.16705 -0.09254
14.569 6 INS 0 0 0 0 0 0 -1489 -460 -8519
14.585 6 ATTITUDE -0.098588 3.16707 -0.092889
14.702 6 GPS_INT 637813700 0 0 0 0 0 -17000 0 0 0 649519040 3354 31000 9999 0 0 1
14.704 6 SVINFO 2 8 16 1 0 -91 0
14.705 6 INS 0 0 0 0 0 0 -1499 -525 -8544
14.706 6 GPS 0 16602145 0 0 -17000 0 0 1867 31000 31 0
14.707 6 SVINFO 0 3 16 1 0 -91 0
14.708 6 ATTITUDE -0.098373 3.167187 -0.09325
14.728 6 CBF 0. 0. 0. 0. 4 0 0.,0.,0.,0. 5. 1.
14.742 6 CBF 0. 0. 0. 0. 4 0 0.,0.,0.,0. 5. 1.
14.759 6 INS 0 0 0 0 0 0 -1525 -528 -8512
14.791 6 ATTITUDE -0.098234 3.167396 -0.093598
14.882 6 ROVER_CTRL 0. 0. 0. 0. 1400. 600. 1000. 0. 0. 0. 0. 0.
14.883 6 INS 0 0 0 0 0 0 -1529 -501 -8552
14.884 6 ATTITUDE -0.0982 3.167497 -0.093944
14.930 6 LINK_REPORT 6 -1 15 0 19819 505 0 1804. 46. 2 34.23
14.939 6 GPS_INT 637813700 0 0 0 0 0 -17000 0 0 0 649519040 3363 31250 9999 0 0 1
14.941 6 SVINFO 1 5 16 1 0 -91 0
14.942 6 GPS 0 16602145 0 0 -17000 0 0 1867 31250 31 0
14.943 6 SVINFO 2 8 16 1 0 -91 0
14.971 6 INS 0 0 0 0 0 0 -1533 -525 -8502
14.987 6 ATTITUDE -0.098139 3.167703 -0.094309
15.051 6 ROVER_STATUS 2 0 0 2 0 31 8.256915
15.068 6 INS 0 0 0 0 0 0 -1552 -517 -8504
15.083 6 ATTITUDE -0.098034 3.167807 -0.094715
15.200 6 GPS_INT 637813700 0 0 0 0 0 -17000 0 0 0 649519040 3372 31500 9999 0 0 1
15.201 6 SVINFO 0 3 16 1 0 -91 0
15.202 6 INS 0 0 0 0 0 0 -1555 -469 -8532
15.203 6 GPS 0 16602145 0 0 -17000 0 0 1867 31500 31 0
15.203 6 SVINFO 1 5 16 1 0 -91 0
15.204 6 ATTITUDE -0.097952 3.167994 -0.095134
15.226 6 CBF 0. 0. 0. 0. 4 0 0.,0.,0.,0. 5. 1.
15.227 6 CBF 0. 0. 0. 0. 4 0 0.,0.,0.,0. 5. 1.
15.257 6 INS 0 0 0 0 0 0 -1572 -516 -8457
15.290 6 ATTITUDE -0.097717 3.168163 -0.095503
15.380 6 ROVER_CTRL 0. 0. 0. 0. 1400. 600. 1000. 0. 0. 0. 0. 0.
15.381 6 INS 0 0 0 0 0 0 -1582 -496 -8566
15.382 6 ATTITUDE -0.097645 3.168252 -0.095828
15.438 6 GPS_INT 637813700 0 0 0 0 0 -17000 0 0 0 649519040 3381 31750 9999 0 0 1
15.440 6 SVINFO 2 8 16 1 0 -91 0
15.440 6 GPS 0 16602145 0 0 -17000 0 0 1867 31750 31 0
15.441 6 SVINFO 0 3 16 1 0 -91 0
15.453 6 PONG 
15.480 6 INS 0 0 0 0 0 0 -1557 -491 -8465
15.481 6 WP_MOVED_ENU 23 15239 15493 2560
15.481 6 WP_MOVED_ENU 23 15239 15493 2560
15.482 6 ATTITUDE -0.097514 3.168378 -0.096225
15.560 6 INS 0 0 0 0 0 0 -1552 -499 -8529
15.575 6 ATTITUDE -0.097426 3.168524 -0.096513
15.706 6 GPS_INT 637813700 0 0 0 0 0 -17000 0 0 0 649519040 3391 32000 9999 0 0 1
15.708 6 SVINFO 1 5 16 1 0 -91 0
15.709 6 INS 0 0 0 0 0 0 -1578 -532 -8554
15.710 6 GPS 0 16602145 0 0 -17000 0 0 1867 32000 31 0
15.711 6 SVINFO 2 8 16 1 0 -91 0
15.712 6 ATTITUDE -0.097336 3.168699 -0.096857
15.743 6 CBF 0. 0. 0. 0. 4 0 0.,0.,0.,0. 5. 1.
15.743 6 CBF 0. 0. 0. 0. 4 0 0.,0.,0.,0. 5. 1.
15.744 6 ROTORCRAFT_NAV_STATUS 29 0 0. 0. 0 3 0
15.763 6 INS 0 0 0 0 0 0 -1620 -539 -8483
15.779 6 ATTITUDE -0.097254 3.168735 -0.097251
15.889 6 ROVER_CTRL 0. 0. 0. 0. 1400. 600. 1000. 0. 0. 0. 0. 0.
15.890 6 INS 0 0 0 0 0 0 -1595 -561 -8555
15.891 6 ATTITUDE -0.097132 3.168832 -0.097563
15.931 6 LINK_REPORT 6 -1 16 0 21630 552 0 1811. 47. 3 29.88
15.942 6 GPS_INT 637813700 0 0 0 0 0 -17000 0 0 0 649519040 3400 32250 9999 0 0 1
15.944 6 SVINFO 0 3 16 1 0 -91 0
15.945 6 GPS 0 16602145 0 0 -17000 0 0 1867 32250 31 0
15.946 6 SVINFO 1 5 16 1 0 -91 0
15.957 6 INS 0 0 0 0 0 0 -1584 -566 -8498
15.989 6 ATTITUDE -0.097075 3.168968 -0.097974
16.069 6 INS 0 0 0 0 0 0 -1634 -558 -8545
16.085 6 ATTITUDE -0.09695 3.169063 -0.098335
16.198 6 GPS_INT 637813700 0 0 0 0 0 -17000 0 0 0 649519040 3409 32500 9999 0 0 1
16.199 6 SVINFO 2 8 16 1 0 -91 0
16.200 6 INS 0 0 0 0 0 0 -1644 -514 -8496
16.200 6 GPS 0 16602145 0 0 -17000 0 0 1867 32500 31 0
16.201 6 SVINFO 0 3 16 1 0 -91 0
16.202 6 ATTITUDE -0.096939 3.169214 -0.098824
16.224 6 CBF 0. 0. 0. 0. 4 0 0.,0.,0.,0. 5. 1.
16.225 6 CBF 0. 0. 0. 0. 4 0 0.,0.,0.,0. 5. 1.
16.255 6 INS 0 0 0 0 0 0 -1619 -509 -8498
16.286 6 ATTITUDE -0.096912 3.169412 -0.099212
16.387 6 ROVER_CTRL 0. 0. 0. 0. 1400. 600. 1000. 0. 0. 0. 0. 0.
16.388 6 INS 0 0 0 0 0 0 -1644 -512 -8511
16.388 6 ATTITUDE -0.09685 3.16952 -0.099584
16.443 6 GPS_INT 637813700 0 0 0 0 0 -17000 0 0 0 649519040 3418 32750 9999 0 0 1
16.443 6 SVINFO 1 5 16 1 0 -91 0
16.444 6 GPS 0 16602145 0 0 -17000 0 0 1867 32750 31 0
16.444 6 SVINFO 2 8 16 1 0 -91 0
16.459 6 INS 0 0 0 0 0 0 -1632 -500 -8501
16.475 6 ATTITUDE -0.096673 3.169626 -0.099959
16.570 6 ROVER_STATUS 2 0 0 2 0 33 8.265746
16.570 6 INS 0 0 0 0 0 0 -1611 -549 -8537
16.586 6 ATTITUDE -0.09662 3.169708 -0.100324
16.698 6 GPS_INT 637813700 0 0 0 0 0 -17000 0 0 0 649519040 3427 33000 9999 0 0 1
16.698 6 SVINFO 0 3 16 1 0 -91 0
16.699 6 INS 0 0 0 0 0 0 -1628 -518 -8459
16.699 6 GPS 0 16602145 0 0 -17000 0 0 1867 33000 31 0
16.699 6 SVINFO 1 5 16 1 0 -91 0
16.699 6 ATTITUDE -0.096481 3.169811 -0.100774
16.724 6 CBF 0. 0. 0. 0. 4 0 0.,0.,0.,0. 5. 1.
16.724 6 CBF 0. 0. 0. 0. 4 0 0.,0.,0.,0. 5. 1.
16.769 6 INS 0 0 0 0 0 0 -1648 -569 -8490
16.769 6 WP_MOVED_ENU 24 15493 -15239 2560
16.769 6 WP_MOVED_ENU 24 15493 -15239 2560
16.785 6 ATTITUDE -0.096393 3.170073 -0.101165
16.875 6 ROVER_CTRL 0. 0. 0. 0. 1400. 600. 1000. 0. 0. 0. 0. 0.
16.875 6 INS 0 0 0 0 0 0 -1648 -594 -8498
16.875 6 ATTITUDE -0.096268 3.170241 -0.101529
16.930 6 LINK_REPORT 6 -1 17 0 23400 597 0 1770. 45. 3 29.88
16.933 6 GPS_INT 637813700 0 0 0 0 0 -17000 0 0 0 649519040 3436 33250 9999 0 0 1
16.933 6 SVINFO 2 8 16 1 0 -91 0
16.933 6 GPS 0 16602145 0 0 -17000 0 0 1867 33250 31 0
16.933 6 SVINFO 0 3 16 1 0 -91 0
16.949 6 INS_REF 485064566 -31598534 411664690 404506485 -37271496 702390 650000 0.
16.965 6 INS 0 0 0 0 0 0 -1699 -573 -8514
16.981 6 ATTITUDE -0.096161 3.170287 -0.101802
16.997 6 ALIVE 181,17,98,0,107,36,58,197,8,42,210,153,81,189,16,63
17.061 6 INS 0 0 0 0 0 0 -1676 -560 -8496
17.076 6 ATTITUDE -0.095973 3.170359 -0.102234
17.194 6 GPS_INT 637813700 0 0 0 0 0 -17000 0 0 0 649519040 3446 33500 9999 0 0 1
17.194 6 SVINFO 1 5 16 1 0 -91 0
17.194 6 INS 0 0 0 0 0 0 -1665 -561 -8477
17.195 6 GPS 0 16602145 0 0 -17000 0 0 1867 33500 31 0
17.195 6 SVINFO 2 8 16 1 0 -91 0
17.195 6 ATTITUDE -0.095821 3.170476 -0.102598
17.220 6 CBF 0. 0. 0. 0. 4 0 0.,0.,0.,0. 5. 1.
17.220 6 CBF 0. 0. 0. 0. 4 0 0.,0.,0.,0. 5. 1.
17.252 6 INS 0 0 0 0 0 0 -1692 -558 -8518
17.283 6 ATTITUDE -0.095811 3.170625 -0.102957
17.316 6 ROTORCRAFT_NAV_STATUS 31 0 0. 0. 0 3 0
17.373 6 ROVER_CTRL 0. 0. 0. 0. 1400. 600. 1000. 0. 0. 0. 0. 0.
17.374 6 INS 0 0 0 0 0 0 -1696 -554 -8454
17.374 6 ATTITUDE -0.095664 3.170684 -0.103317
17.431 6 GPS_INT 637813700 0 0 0 0 0 -17000 0 0 0 649519040 3455 33750 9999 0 0 1
17.432 6 SVINFO 0 3 16 1 0 -91 0
17.432 6 GPS 0 16602145 0 0 -17000 0 0 1867 33750 31 0
17.432 6 SVINFO 1 5 16 1 0 -91 0
17.463 6 INS 0 0 0 0 0 0 -1722 -571 -8487
17.479 6 ATTITUDE -0.095564 3.170707 -0.103707
17.559 6 INS 0 0 0 0 0 0 -1665 -581 -8471
17.575 6 ATTITUDE -0.09548 3.170814 -0.10417
17.692 6 GPS_INT 637813700 0 0 0 0 0 -17000 0 0 0 649519040 3464 34000 9999 0 0 1
17.693 6 SVINFO 2 8 16 1 0 -91 0
17.693 6 INS 0 0 0 0 0 0 -1699 -606 -8472
17.693 6 GPS 0 16602145 0 0 -17000 0 0 1867 34000 31 0
17.693 6 SVINFO 0 3 16 1 0 -91 0
17.693 6 ATTITUDE -0.095386 3.170924 -0.104596
17.718 6 CBF 0. 0. 0. 0. 4 0 0.,0.,0.,0. 5. 1.
17.719 6 CBF 0. 0. 0. 0. 4 0 0.,0.,0.,0. 5. 1.
17.750 6 INS 0 0 0 0 0 0 -1708 -578 -8560
17.782 6 ATTITUDE -0.095156 3.171095 -0.105017
17.874 6 ROVER_CTRL 0. 0. 0. 0. 1400. 600. 1000. 0. 0. 0. 0. 0.
17.875 6 INS 0 0 0 0 0 0 -1752 -568 -8418
17.876 6 ATTITUDE -0.095025 3.17129 -0.105425
17.932 6 GPS_INT 637813700 0 0 0 0 0 -17000 0 0 0 649519040 3473 34250 9999 0 0 1
17.933 6 SVINFO 1 5 16 1 0 -91 0
17.933 6 GPS 0 16602145 0 0 -17000 0 0 1867 34250 31 0
17.934 6 SVINFO 2 8 16 1 0 -91 0
17.935 6 LINK_REPORT 6 -1 18 0 25349 646 0 1949. 49. 3 29.88
17.963 6 INS 0 0 0 0 0 0 -1730 -571 -8542
17.979 6 ATTITUDE -0.094977 3.171371 -0.105763
18.011 6 DATALINK_REPORT 2 3 1472 1787 0 0
18.043 6 ROVER_STATUS 2 0 0 2 0 34 8.256915
18.085 6 INS 0 0 0 0 0 0 -1762 -568 -8524
18.086 6 WP_MOVED_ENU 25 -15239 -15493 2560
18.086 6 WP_MOVED_ENU 25 -15239 -15493 2560
18.087 6 ATTITUDE -0.095054 3.171457 -0.106206
18.197 6 GPS_INT 637813700 0 0 0 0 0 -17000 0 0 0 649519040 3482 34500 9999 0 0 1
18.199 6 SVINFO 0 3 16 1 0 -91 0
18.199 6 INS 0 0 0 0 0 0 -1799 -605 -8509
18.200 6 GPS 0 16602145 0 0 -17000 0 0 1867 34500 31 0
18.201 6 SVINFO 1 5 16 1 0 -91 0
18.202 6 ATTITUDE -0.094985 3.171607 -0.106624
18.223 6 CBF 0. 0. 0. 0. 4 0 0.,0.,0.,0. 5. 1.
18.224 6 CBF 0. 0. 0. 0. 4 0 0.,0.,0.,0. 5. 1.
18.255 6 INS 0 0 0 0 0 0 -1750 -623 -8526
18.270 6 ATTITUDE -0.094906 3.171748 -0.106984
18.350 6 ENERGY 0 8.256915 0.275 2.270652 2. 0.002498 0.02064
18.376 6 ROVER_CTRL 0. 0. 0. 0. 1400. 600. 1000. 0. 0. 0. 0. 0.
18.376 6 INS 0 0 0 0 0 0 -1745 -564 -8473
18.377 6 ATTITUDE -0.09488 3.171839 -0.107389
18.431 6 GPS_INT 637813700 0 0 0 0 0 -17000 0 0 0 649519040 3491 34750 9999 0 0 1
18.433 6 SVINFO 2 8 16 1 0 -91 0
18.434 6 GPS 0 16602145 0 0 -17000 0 0 1867 34750 31 0
18.435 6 SVINFO 0 3 16 1 0 -91 0
18.463 6 INS 0 0 0 0 0 0 -1782 -580 -8513
18.478 6 ATTITUDE -0.094796 3.172014 -0.107822
18.559 6 INS 0 0 0 0 0 0 -1818 -590 -8477
18.576 6 ATTITUDE -0.094646 3.172156 -0.108226
18.690 6 GPS_INT 637813700 0 0 0 0 0 -17000 0 0 0 649519040 3500 35000 9999 0 0 1
18.691 6 SVINFO 1 5 16 1 0 -91 0
18.692 6 INS 0 0 0 0 0 0 -1772 -608 -8531
18.692 6 GPS 0 16602145 0 0 -17000 0 0 1867 35000 31 0
18.692 6 SVINFO 2 8 16 1 0 -91 0
18.693 6 ATTITUDE -0.094574 3.172296 -0.108735
18.716 6 CBF 0. 0. 0. 0. 4 0 0.,0.,0.,0. 5. 1.
18.717 6 CBF 0. 0. 0. 0. 4 0 0.,0.,0.,0. 5. 1.
18.748 6 INS 0 0 0 0 0 0 -1811 -603 -8487
18.779 6 ATTITUDE -0.094533 3.172431 -0.109141
18.869 6 ROVER_CTRL 0. 0. 0. 0. 1400. 600. 1000. 0. 0. 0. 0. 0.
18.870 6 INS 0 0 0 0 0 0 -1798 -586 -8462
18.870 6 ATTITUDE -0.094421 3.172564 -0.109553
18.927 6 GPS_INT 637813700 0 0 0 0 0 -17000 0 0 0 649519040 3508 35250 9999 0 0 1
18.928 6 SVINFO 0 3 16 1 0 -91 0
18.928 6 ROTORCRAFT_NAV_STATUS 32 0 0. 0. 0 3 0
18.928 6 GPS 0 16602145 0 0 -17000 0 0 1867 35250 31 0
18.928 6 SVINFO 1 5 16 1 0 -91 0
18.930 6 LINK_REPORT 6 -1 19 0 27209 694 0 1860. 48. 3 29.88
18.959 6 INS 0 0 0 0 0 0 -1822 -588 -8508
18.975 6 ATTITUDE -0.094344 3.172596 -0.109901
19.055 6 INS 0 0 0 0 0 0 -1852 -587 -8471
19.071 6 ATTITUDE -0.094317 3.172815 -0.110253
19.188 6 GPS_INT 637813700 0 0 0 0 0 -17000 0 0 0 649519040 3517 35500 9999 0 0 1
19.189 6 SVINFO 2 8 16 3 17 -91 0
19.189 6 INS 0 0 0 0 0 0 -1851 -578 -8514
19.189 6 GPS 0 16602145 0 0 -17000 0 0 1867 35500 31 0
19.189 6 SVINFO 0 3 16 1 0 -91 0
19.189 6 ATTITUDE -0.094155 3.173025 -0.11067
19.215 6 CBF 0. 0. 0. 0. 4 0 0.,0.,0.,0. 5. 1.
19.216 6 CBF 0. 0. 0. 0. 4 0 0.,0.,0.,0. 5. 1.
19.247 6 INS 0 0 0 0 0 0 -1816 -587 -8461
19.279 6 ATTITUDE -0.094056 3.173138 -0.111054
19.380 6 ROVER_CTRL 0. 0. 0. 0. 1400. 600. 1000. 0. 0. 0. 0. 0.
19.380 6 INS 0 0 0 0 0 0 -1855 -635 -8475
19.381 6 WP_MOVED_ENU 26 -15493 15239 2560
19.381 6 WP_MOVED_ENU 26 -15493 15239 2560
19.381 6 ATTITUDE -0.093827 3.173319 -0.111474
19.422 6 GPS_INT 637813700 0 0 0 0 0 -17000 0 0 0 649519040 3526 35750 9999 0 0 1
19.422 6 SVINFO 1 5 16 1 0 -91 0
19.422 6 GPS 0 16602145 0 0 -17000 0 0 1867 35750 31 0
19.423 6 SVINFO 2 8 16 3 17 -91 0
19.454 6 INS 0 0 0 0 0 0 -1868 -631 -8473
19.470 6 ATTITUDE -0.093639 3.173337 -0.111872
19.534 6 ROVER_STATUS 2 0 0 2 0 36 8.256915
19.550 6 INS 0 0 0 0 0 0 -1853 -634 -8489
19.566 6 ATTITUDE -0.093566 3.17351 -0.112324
19.694 6 GPS_INT 637813700 0 0 0 0 0 -17000 0 0 0 649519040 3535 36000 9999 0 0 1
19.694 6 SVINFO 0 3 16 1 0 -91 0
19.695 6 INS 0 0 0 0 0 0 -1864 -609 -8498
19.695 6 GPS 0 16602145 0 0 -17000 0 0 1867 36000 31 0
19.695 6 SVINFO 1 5 16 1 0 -91 0
19.695 6 ATTITUDE -0.093525 3.173622 -0.112679
19.695 6 ALIVE 181,17,98,0,107,36,58,197,8,42,210,153,81,189,16,63
19.720 6 CBF 0. 0. 0. 0. 4 0 0.,0.,0.,0. 5. 1.
19.720 6 CBF 0. 0. 0. 0. 4 0 0.,0.,0.,0. 5. 1.
19.752 6 INS 0 0 0 0 0 0 -1897 -577 -8436
19.768 6 ATTITUDE -0.093512 3.173763 -0.113073
19.877 6 ROVER_CTRL 0. 0. 0. 0. 1400. 600. 1000. 0. 0. 0. 0. 0.
19.877 6 INS 0 0 0 0 0 0 -1859 -625 -8544
19.877 6 ATTITUDE -0.093373 3.173892 -0.113468
19.930 6 GPS_INT 637813700 0 0 0 0 0 -17000 0 0 0 649519040 3544 36250 9999 0 0 1
19.930 6 SVINFO 2 8 16 3 17 -91 0
19.930 6 GPS 0 16602145 0 0 -17000 0 0 1867 36250 31 0
19.930 6 SVINFO 0 3 16 1 0 -91 0
19.930 6 LINK_REPORT 6 -1 20 0 29009 740 0 1800. 46. 3 29.88
19.946 6 INS 0 0 0 0 0 0 -1887 -610 -8448
19.978 6 ATTITUDE -0.093285 3.174152 -0.113812
20.058 6 INS 0 0 0 0 0 0 -1788 -566 -8544
20.073 6 ATTITUDE -0.093236 3.173999 -0.114074
20.187 6 GPS_INT 637813700 0 0 0 0 0 -17000 0 0 0 649519040 3553 36500 9999 0 0 1
20.188 6 SVINFO 1 5 16 1 0 -91 0
20.189 6 INS 0 0 0 0 0 0 -2017 -601 -8474
20.189 6 GPS 0 16602145 0 0 -17000 0 0 1867 36500 31 0
20.190 6 SVINFO 2 8 16 3 17 -91 0
20.191 6 ATTITUDE -0.093024 3.174103 -0.114533
20.213 6 CBF 0. 0. 0. 0. 4 0 0.,0.,0.,0. 5. 1.
20.214 6 CBF 0. 0. 0. 0. 4 0 0.,0.,0.,0. 5. 1.
20.245 6 INS 0 0 0 0 0 0 -2180 -811 -8251
20.275 6 ATTITUDE -0.092454 3.174194 -0.114708
20.365 6 ROVER_CTRL 0. 0. 0. 0. 1400. 600. 1000. 0. 0. 0. 0. 0.
20.366 6 INS 0 0 0 0 0 0 -2159 -810 -8457
20.366 6 ATTITUDE -0.092467 3.174281 -0.115269
20.425 6 GPS_INT 637813700 0 0 0 0 0 -17000 0 0 0 649519040 3562 36750 9999 0 0 1
20.426 6 SVINFO 0 3 16 1 0 -91 0
20.426 6 GPS 0 16602145 0 0 -17000 0 0 1867 36750 31 0
20.427 6 SVINFO 1 5 16 1 0 -91 0
20.457 6 INS 0 0 0 0 0 0 -1660 -705 -8520
20.457 6 PONG 
20.472 6 ATTITUDE -0.092076 3.17421 -0.115575
20.504 6 ROTORCRAFT_NAV_STATUS 34 0 0. 0. 0 3 0
20.552 6 INS 0 0 0 0 0 0 -2073 -734 -8420
20.568 6 ATTITUDE -0.092023 3.174567 -0.115959
20.717 6 GPS_INT 637813700 0 0 0 0 0 -17000 0 0 0 649519040 3570 37000 9999 0 0 1
20.718 6 SVINFO 2 8 16 3 17 -91 0
20.718 6 INS 0 0 0 0 0 0 -1811 -627 -8447
20.718 6 WP_MOVED_ENU 27 -20 2560 2560
20.719 6 WP_MOVED_ENU 27 -20 2560 2560
20.719 6 GPS 0 16602145 0 0 -17000 0 0 1867 37000 31 0
20.720 6 SVINFO 0 3 16 1 0 -91 0
20.720 6 ATTITUDE -0.091836 3.174871 -0.116338
20.720 6 CBF 0. 0. 0. 0. 4 0 0.,0.,0.,0. 5. 1.
20.721 6 CBF 0. 0. 0. 0. 4 0 0.,0.,0.,0. 5. 1.
20.749 6 INS 0 0 0 0 0 0 -1985 -723 -8404
20.764 6 ATTITUDE -0.091357 3.175199 -0.116865
20.874 6 ROVER_CTRL 0. 0. 0. 0. 1400. 600. 1000. 0. 0. 0. 0. 0.
20.875 6 INS 0 0 0 0 0 0 -1977 -753 -8509
20.876 6 ATTITUDE -0.090733 3.174975 -0.117356
20.927 6 GPS_INT 637813700 0 0 0 0 0 -17000 0 0 0 649519040 3579 37250 9999 0 0 1
20.928 6 SVINFO 1 5 16 1 0 -91 0
20.929 6 GPS 0 16602145 0 0 -17000 0 0 1867 37250 31 0
20.930 6 SVINFO 2 8 16 3 17 -91 0
20.932 6 LINK_REPORT 6 -1 21 0 30796 786 0 1787. 46. 4 30.34
20.943 6 INS 0 0 0 0 0 0 -1977 -657 -8358
20.975 6 ATTITUDE -0.090315 3.174887 -0.11793
21.039 6 ROVER_STATUS 2 0 0 2 0 37 8.256915
21.055 6 INS 0 0 0 0 0 0 -1947 -753 -8515
21.071 6 ATTITUDE -0.090248 3.175045 -0.118507
21.184 6 GPS_INT 637813700 0 0 0 0 0 -17000 0 0 0 649519040 3588 37500 9999 0 0 1
21.185 6 SVINFO 0 3 16 1 0 -91 0
21.186 6 INS 0 0 0 0 0 0 -1971 -721 -8515
21.186 6 GPS 0 16602145 0 0 -17000 0 0 1867 37500 31 0
21.187 6 SVINFO 1 5 16 1 0 -91 0
21.188 6 ATTITUDE -0.090687 3.17522 -0.119016
21.210 6 CBF 0. 0. 0. 0. 4 0 0.,0.,0.,0. 5. 1.
21.211 6 CBF 0. 0. 0. 0. 4 0 0.,0.,0.,0. 5. 1.
21.245 6 INS 0 0 0 0 0 0 -1969 -743 -8677
21.274 6 ATTITUDE -0.09042 3.175607 -0.119407
21.364 6 ROVER_CTRL 0. 0. 0. 0. 1400. 600. 1000. 0. 0. 0. 0. 0.
21.365 6 INS 0 0 0 0 0 0 -1766 -347 -8477
21.365 6 ATTITUDE -0.09005 3.175568 -0.119629
21.422 6 GPS_INT 637813700 0 0 0 0 0 -17000 0 0 0 649519040 3596 37750 9999 0 0 1
21.423 6 SVINFO 2 8 16 3 13 -91 0
21.424 6 GPS 0 16602145 0 0 -17000 0 0 1867 37750 31 0
21.424 6 SVINFO 0 3 16 1 0 -91 0
21.454 6 INS 0 0 0 0 0 0 -2046 -1299 -8530
21.480 6 AUTOPILOT_VERSION 60200 v6.2_unstable-642-gf69a1ee66-dirty
21.480 6 ATTITUDE -0.089917 3.1756 -0.120043
21.542 6 INS 0 0 0 0 0 0 -2136 -636 -8200
21.575 6 ATTITUDE -0.089852 3.175622 -0.12034
21.688 6 GPS_INT 637813700 0 0 0 0 0 -17000 0 0 0 649519040 3605 38000 9999 0 0 1
21.689 6 SVINFO 1 5 16 1 0 -91 0
21.689 6 INS 0 0 0 0 0 0 -2042 -644 -8569
21.690 6 GPS 0 16602145 0 0 -17000 0 0 1867 38000 31 0
21.691 6 SVINFO 2 8 16 3 13 -91 0
21.691 6 ATTITUDE -0.089617 3.17588 -0.12068
21.714 6 CBF 0. 0. 0. 0. 4 0 0.,0.,0.,0. 5. 1.
21.715 6 CBF 0. 0. 0. 0. 4 0 0.,0.,0.,0. 5. 1.
21.745 6 INS 0 0 0 0 0 0 -2045 -921 -8550
21.761 6 ATTITUDE -0.089628 3.175965 -0.121069
21.932 6 LINK_REPORT 6 -1 22 0 32279 823 0 1483. 37. 4 30.34
22.934 6 LINK_REPORT 6 -1 23 0 32279 823 0 0. 0. 4 30.34
23.934 6 LINK_REPORT 6 -1 24 1 32279 823 0 0. 0. 4 30.34
