5.637 4 INS 0 0 0 0 0 0 -24 0 22
5.638 4 WP_MOVED_ENU 5 437 -3351 2560
5.638 4 WP_MOVED_ENU 5 437 -3351 2560
5.639 4 ATTITUDE 3.10913 0.48875 -0.125322
5.669 4 ROVER_CTRL 0. 0. 0. 0. 1400. 600. 1000. 0. 0. 0. 0. 0.
5.731 4 ENERGY 0 0.035324 0.025 0.000883 0. 0.000358 1.1e-05
5.731 4 INS 0 0 0 0 0 0 -10 -9 1
5.747 4 ATTITUDE 3.109115 0.488684 -0.125324
5.800 4 GPS_INT 637813700 0 0 0 0 0 -17000 0 0 0 649519104 4085 94250 9999 0 0 1
5.800 4 SVINFO 0 0 0 0 0 0 0
5.801 4 GPS 0 16602145 0 0 -17000 0 0 1867 94250 31 0
5.801 4 SVINFO 0 0 0 0 0 0 0
5.816 4 INS 0 0 0 0 0 0 -6 -23 20
5.848 4 ATTITUDE 3.109156 0.488608 -0.12534
5.880 4 ROTORCRAFT_NAV_STATUS 50 0 0. 0. 0 3 0
5.928 4 INS 0 0 0 0 0 0 -22 -14 18
5.944 4 ATTITUDE 3.109181 0.488542 -0.12532
5.976 4 LINK_REPORT 4 -1 6 0 3717 94 0 1911. 49. 1 15.71
6.057 4 GPS_INT 637813700 0 0 0 0 0 -17000 0 0 0 649519104 4092 94500 9999 0 0 1
6.058 4 SVINFO 0 0 0 0 0 0 0
6.059 4 INS 0 0 0 0 0 0 -18 -11 62
6.060 4 GPS 0 16602145 0 0 -17000 0 0 1867 94500 31 0
6.061 4 SVINFO 0 0 0 0 0 0 0
6.061 4 ATTITUDE 3.109192 0.488425 -0.125362
6.095 4 CBF 0. 0. 0. 0. 4 0 0.,0.,0.,0. 5. 1. 0 0
6.096 4 CBF 0. 0. 0. 0. 4 0 0.,0.,0.,0. 5. 1. 0 0
6.130 4 INS 0 0 0 0 0 0 13 -30 31
6.142 4 ATTITUDE 3.109224 0.488327 -0.125374
6.174 4 ROVER_CTRL 0. 0. 0. 0. 1400. 600. 1000. 0. 0. 0. 0. 0.
6.222 4 INS 0 0 0 0 0 0 -26 -24 7
6.238 4 ATTITUDE 3.109159 0.488282 -0.125361
6.296 4 GPS_INT 637813700 0 0 0 0 0 -17000 0 0 0 649519104 4100 94750 9999 0 0 1
6.297 4 SVINFO 0 0 0 0 0 0 0
6.298 4 GPS 0 16602145 0 0 -17000 0 0 1867 94750 31 0
6.298 4 SVINFO 0 0 0 0 0 0 0
6.311 4 INS_REF 485064566 -31598534 411664690 404506485 -37271496 702390 650000 0.
6.327 4 INS 0 0 0 0 0 0 -10 7 10
6.343 4 ATTITUDE 3.109144 0.488195 -0.125389
6.423 4 INS 0 0 0 0 0 0 0 -24 -13
6.439 4 ATTITUDE 3.109117 0.48813 -0.125381
6.555 4 GPS_INT 637813700 0 0 0 0 0 -17000 0 0 0 649519104 4107 95000 9999 0 0 1
6.555 4 SVINFO 0 0 0 0 0 0 0
6.555 4 INS 0 0 0 0 0 0 -27 -15 17
6.555 4 GPS 0 16602145 0 0 -17000 0 0 1867 95000 31 0
6.555 4 SVINFO 0 0 0 0 0 0 0
6.555 4 ATTITUDE 3.109103 0.488046 -0.12541
6.593 4 CBF 0. 0. 0. 0. 4 0 0.,0.,0.,0. 5. 1. 0 0
6.594 4 CBF 0. 0. 0. 0. 4 0 0.,0.,0.,0. 5. 1. 0 0
6.625 4 INS 0 0 0 0 0 0 3 -13 30
6.641 4 ATTITUDE 3.109148 0.48797 -0.125393
6.673 4 ROVER_CTRL 0. 0. 0. 0. 1400. 600. 1000. 0. 0. 0. 0. 0.
6.721 4 INS 0 0 0 0 0 0 -14 -15 43
6.737 4 ATTITUDE 3.109132 0.487895 -0.125412
6.794 4 GPS_INT 637813700 0 0 0 0 0 -17000 0 0 0 649519104 4115 95250 9999 0 0 1
6.795 4 SVINFO 0 0 0 0 0 0 0
6.796 4 GPS 0 16602145 0 0 -17000 0 0 1867 95250 31 0
6.797 4 SVINFO 0 0 0 0 0 0 0
6.826 4 INS 0 0 0 0 0 0 -18 -10 14
6.842 4 ATTITUDE 3.109107 0.487839 -0.125402
6.905 4 ROVER_STATUS 2 0 0 2 0 54 0.026493
6.946 4 INS 0 0 0 0 0 0 -30 -32 55
6.947 4 WP_MOVED_ENU 6 -573 2401 2557
6.947 4 WP_MOVED_ENU 6 -573 2401 2557
6.947 4 ATTITUDE 3.109106 0.48777 -0.125332
6.976 4 LINK_REPORT 4 -1 7 0 5564 140 0 1847. 46. 1 15.71
7.059 4 GPS_INT 637813700 0 0 0 0 0 -17000 0 0 0 649519104 4123 95500 9999 0 0 1
7.059 4 SVINFO 0 0 0 0 0 0 0
7.059 4 INS 0 0 0 0 0 0 -9 21 64
7.060 4 GPS 0 16602145 0 0 -17000 0 0 1867 95500 31 0
7.060 4 SVINFO 0 0 0 0 0 0 0
7.060 4 ATTITUDE 3.109132 0.487716 -0.125325
7.085 4 CBF 0. 0. 0. 0. 4 0 0.,0.,0.,0. 5. 1. 0 0
7.086 4 CBF 0. 0. 0. 0. 4 0 0.,0.,0.,0. 5. 1. 0 0
7.117 4 INS 0 0 0 0 0 0 0 -18 1
7.133 4 ATTITUDE 3.109118 0.487622 -0.125339
7.165 4 ROVER_CTRL 0. 0. 0. 0. 1400. 600. 1000. 0. 0. 0. 0. 0.
7.213 4 INS 0 0 0 0 0 0 13 -16 12
7.245 4 ATTITUDE 3.109102 0.487565 -0.125326
7.289 4 GPS_INT 637813700 0 0 0 0 0 -17000 0 0 0 649519104 4130 95750 9999 0 0 1
7.290 4 SVINFO 0 0 0 0 0 0 0
7.291 4 GPS 0 16602145 0 0 -17000 0 0 1867 95750 31 0
7.292 4 SVINFO 0 0 0 0 0 0 0
7.318 4 INS 0 0 0 0 0 0 -27 -13 51
7.334 4 ATTITUDE 3.109124 0.487483 -0.125359
7.415 4 INS 0 0 0 0 0 0 -6 -23 20
7.430 4 ATTITUDE 3.109135 0.487428 -0.125367
7.462 4 ROTORCRAFT_NAV_STATUS 52 0 0. 0. 0 3 0
7.559 4 GPS_INT 637813700 0 0 0 0 0 -17000 0 0 0 649519104 4138 96000 9999 0 0 1
7.560 4 SVINFO 0 0 0 0 0 0 0
7.561 4 INS 0 0 0 0 0 0 -9 -7 24
7.562 4 GPS 0 16602145 0 0 -17000 0 0 1867 96000 31 0
7.563 4 SVINFO 0 0 0 0 0 0 0
7.563 4 ATTITUDE 3.109159 0.487384 -0.125385
7.585 4 CBF 0. 0. 0. 0. 4 0 0.,0.,0.,0. 5. 1. 0 0
7.586 4 CBF 0. 0. 0. 0. 4 0 0.,0.,0.,0. 5. 1. 0 0
7.616 4 INS 0 0 0 0 0 0 7 -15 46
7.635 4 ATTITUDE 3.109134 0.487327 -0.125331
7.666 4 ROVER_CTRL 0. 0. 0. 0. 1400. 600. 1000. 0. 0. 0. 0. 0.
7.712 4 INS 0 0 0 0 0 0 -2 -16 10
7.728 4 DATALINK_REPORT 2 1 2403 1828 0 0
7.744 4 ATTITUDE 3.109119 0.48727 -0.125326
7.786 4 GPS_INT 637813700 0 0 0 0 0 -17000 0 0 0 649519104 4145 96250 9999 0 0 1
7.786 4 SVINFO 0 0 0 0 0 0 0
7.787 4 GPS 0 16602145 0 0 -17000 0 0 1867 96250 31 0
7.787 4 SVINFO 0 0 0 0 0 0 0
7.818 4 INS 0 0 0 0 0 0 -15 -26 13
7.834 4 ATTITUDE 3.10908 0.487184 -0.125305
7.914 4 INS 0 0 0 0 0 0 11 -16 65
7.930 4 ATTITUDE 3.1091 0.487067 -0.125316
7.962 4 ALIVE 236,77,15,164,137,159,100,186,235,162,191,249,165,238,71,79
7.977 4 LINK_REPORT 4 -1 8 0 7372 185 0 1808. 45. 1 15.71
8.059 4 GPS_INT 637813700 0 0 0 0 0 -17000 0 0 0 649519104 4153 96500 9999 0 0 1
8.060 4 SVINFO 0 0 0 0 0 0 0
8.060 4 INS 0 0 0 0 0 0 -27 -19 36
8.061 4 GPS 0 16602145 0 0 -17000 0 0 1867 96500 31 0
8.062 4 SVINFO 0 0 0 0 0 0 0
8.062 4 ATTITUDE 3.109075 0.486961 -0.125362
8.084 4 CBF 0. 0. 0. 0. 4 0 0.,0.,0.,0. 5. 1. 0 0
8.085 4 CBF 0. 0. 0. 0. 4 0 0.,0.,0.,0. 5. 1. 0 0
8.116 4 INS 0 0 0 0 0 0 -5 -20 5
8.136 4 ATTITUDE 3.109054 0.486886 -0.125368
8.164 4 ROVER_CTRL 0. 0. 0. 0. 1400. 600. 1000. 0. 0. 0. 0. 0.
8.224 4 INS 0 0 0 0 0 0 -22 15 -4
8.225 4 WP_MOVED_ENU 7 -637 4497 2557
8.225 4 WP_MOVED_ENU 7 -637 4497 2557
8.239 4 ATTITUDE 3.109072 0.486812 -0.125379
8.293 4 GPS_INT 637813700 0 0 0 0 0 -17000 0 0 0 649519104 4160 96750 9999 0 0 1
8.295 4 SVINFO 0 0 0 0 0 0 0
8.295 4 GPS 0 16602145 0 0 -17000 0 0 1867 96750 31 0
8.296 4 SVINFO 0 0 0 0 0 0 0
8.309 4 INS 0 0 0 0 0 0 3 -32 35
8.340 4 ATTITUDE 3.109081 0.486725 -0.12537
8.404 4 ROVER_STATUS 2 0 0 2 0 55 0.026493
8.421 4 INS 0 0 0 0 0 0 -24 -23 70
8.436 4 ATTITUDE 3.109079 0.486656 -0.125348
8.550 4 GPS_INT 637813700 0 0 0 0 0 -17000 0 0 0 649519104 4168 97000 9999 0 0 1
8.551 4 SVINFO 0 0 0 0 0 0 0
8.552 4 INS 0 0 0 0 0 0 1 9 6
8.552 4 GPS 0 16602145 0 0 -17000 0 0 1867 97000 31 0
8.553 4 SVINFO 0 0 0 0 0 0 0
8.554 4 ATTITUDE 3.109094 0.486559 -0.125287
8.587 4 CBF 0. 0. 0. 0. 4 0 0.,0.,0.,0. 5. 1. 0 0
8.588 4 CBF 0. 0. 0. 0. 4 0 0.,0.,0.,0. 5. 1. 0 0
8.618 4 INS 0 0 0 0 0 0 -9 -5 15
8.638 4 ATTITUDE 3.109086 0.486474 -0.125253
8.667 4 ROVER_CTRL 0. 0. 0. 0. 1400. 600. 1000. 0. 0. 0. 0. 0.
8.715 4 INS 0 0 0 0 0 0 -20 0 38
8.730 4 ATTITUDE 3.109036 0.4864 -0.125273
8.788 4 GPS_INT 637813700 0 0 0 0 0 -17000 0 0 0 649519104 4175 97250 9999 0 0 1
8.789 4 SVINFO 0 0 0 0 0 0 0
8.790 4 GPS 0 16602145 0 0 -17000 0 0 1867 97250 31 0
8.791 4 SVINFO 0 0 0 0 0 0 0
8.819 4 INS 0 0 0 0 0 0 -10 5 20
8.835 4 ATTITUDE 3.108996 0.486314 -0.125263
8.914 4 INS 0 0 0 0 0 0 9 -30 16
8.930 4 ATTITUDE 3.109001 0.486257 -0.125244
8.978 4 LINK_REPORT 4 -1 9 0 9174 230 0 1802. 45. 1 15.71
9.048 4 GPS_INT 637813700 0 0 0 0 0 -17000 0 0 0 649519104 4183 97500 9999 0 0 1
9.050 4 SVINFO 0 0 0 0 0 0 0
9.050 4 INS 0 0 0 0 0 0 -6 -20 34
9.051 4 GPS 0 16602145 0 0 -17000 0 0 1867 97500 31 0
9.052 4 SVINFO 0 0 0 0 0 0 0
9.053 4 ATTITUDE 3.109014 0.486191 -0.125224
9.086 4 CBF 0. 0. 0. 0. 4 0 0.,0.,0.,0. 5. 1. 0 0
9.088 4 CBF 0. 0. 0. 0. 4 0 0.,0.,0.,0. 5. 1. 0 0
9.089 4 ROTORCRAFT_NAV_STATUS 53 0 0. 0. 0 3 0
9.118 4 INS 0 0 0 0 0 0 -3 -5 70
9.140 4 ATTITUDE 3.108986 0.486144 -0.125245
9.165 4 ROVER_CTRL 0. 0. 0. 0. 1400. 600. 1000. 0. 0. 0. 0. 0.
9.214 4 INS 0 0 0 0 0 0 -3 -13 21
9.229 4 ATTITUDE 3.108987 0.486068 -0.125255
9.288 4 GPS_INT 637813700 0 0 0 0 0 -17000 0 0 0 649519104 4190 97750 9999 0 0 1
9.289 4 SVINFO 0 0 0 0 0 0 0
9.290 4 GPS 0 16602145 0 0 -17000 0 0 1867 97750 31 0
9.291 4 SVINFO 0 0 0 0 0 0 0
9.318 4 INS 0 0 0 0 0 0 -25 -35 41
9.333 4 ATTITUDE 3.108949 0.486005 -0.12532
9.414 4 INS 0 0 0 0 0 0 -5 9 45
9.429 4 ATTITUDE 3.108954 0.485897 -0.125297
9.579 4 GPS_INT 637813700 0 0 0 0 0 -17000 0 0 0 649519104 4198 98000 9999 0 0 1
9.580 4 SVINFO 0 0 0 0 0 0 0
9.581 4 INS 0 0 0 0 0 0 -40 2 44
9.582 4 WP_MOVED_ENU 8 -637 5268 2557
9.582 4 WP_MOVED_ENU 8 -637 5268 2557
9.583 4 GPS 0 16602145 0 0 -17000 0 0 1867 98000 31 0
9.584 4 SVINFO 0 0 0 0 0 0 0
9.584 4 ATTITUDE 3.108957 0.485819 -0.125326
9.585 4 CBF 0. 0. 0. 0. 4 0 0.,0.,0.,0. 5. 1. 0 0
9.587 4 CBF 0. 0. 0. 0. 4 0 0.,0.,0.,0. 5. 1. 0 0
9.610 4 INS 0 0 0 0 0 0 -35 -8 45
9.626 4 ATTITUDE 3.108925 0.485744 -0.12534
9.662 4 ROVER_CTRL 0. 0. 0. 0. 1400. 600. 1000. 0. 0. 0. 0. 0.
9.706 4 INS 0 0 0 0 0 0 -20 -43 70
9.722 4 ATTITUDE 3.108925 0.485633 -0.125351
9.781 4 GPS_INT 637813700 0 0 0 0 0 -17000 0 0 0 649519104 4205 98250 9999 0 0 1
9.782 4 SVINFO 0 0 0 0 0 0 0
9.783 4 GPS 0 16602145 0 0 -17000 0 0 1867 98250 31 0
9.783 4 SVINFO 0 0 0 0 0 0 0
9.812 4 INS 0 0 0 0 0 0 -14 -30 19
9.828 4 ATTITUDE 3.108927 0.485526 -0.125364
9.892 4 ROVER_STATUS 2 0 0 2 0 57 0.026493
9.908 4 INS 0 0 0 0 0 0 15 -11 -25
9.924 4 ATTITUDE 3.108926 0.485449 -0.125367
9.979 4 LINK_REPORT 4 -1 10 0 11004 276 0 1830. 46. 1 15.71
10.053 4 GPS_INT 637813700 0 0 0 0 0 -17000 0 0 0 649519104 4213 98500 9999 0 0 1
10.054 4 SVINFO 0 0 0 0 0 0 0
10.055 4 INS 0 0 0 0 0 0 -5 2 30
10.056 4 GPS 0 16602145 0 0 -17000 0 0 1867 98500 31 0
10.057 4 SVINFO 0 0 0 0 0 0 0
10.057 4 ATTITUDE 3.108924 0.485371 -0.125343
10.078 4 CBF 0. 0. 0. 0. 4 0 0.,0.,0.,0. 5. 1. 0 0
10.080 4 CBF 0. 0. 0. 0. 4 0 0.,0.,0.,0. 5. 1. 0 0
10.110 4 INS 0 0 0 0 0 0 -12 5 34
10.125 4 ATTITUDE 3.108952 0.485296 -0.125381
10.158 4 ROVER_CTRL 0. 0. 0. 0. 1400. 600. 1000. 0. 0. 0. 0. 0.
10.219 4 ENERGY 0 0.035324 0.025 0.000883 0. 0.00039 1.2e-05
10.220 4 INS 0 0 0 0 0 0 -25 -17 61
10.234 4 ATTITUDE 3.10895 0.48522 -0.125365
10.288 4 GPS_INT 637813700 0 0 0 0 0 -17000 0 0 0 649519104 4220 98750 9999 0 0 1
10.289 4 SVINFO 0 0 0 0 0 0 0
10.290 4 GPS 0 16602145 0 0 -17000 0 0 1867 98750 31 0
10.291 4 SVINFO 0 0 0 0 0 0 0
10.303 4 INS 0 0 0 0 0 0 -20 2 71
10.335 4 ATTITUDE 3.108938 0.485133 -0.125358
10.400 4 INS 0 0 0 0 0 0 -13 -35 38
10.431 4 ATTITUDE 3.109026 0.485016 -0.125393
10.544 4 GPS_INT 637813700 0 0 0 0 0 -17000 0 0 0 649519104 4227 99000 9999 0 0 1
10.545 4 SVINFO 0 0 0 0 0 0 0
10.546 4 INS 0 0 0 0 0 0 -15 20 39
10.547 4 PONG 
10.548 4 GPS 0 16602145 0 0 -17000 0 0 1867 99000 31 0
10.549 4 SVINFO 0 0 0 0 0 0 0
10.550 4 ATTITUDE 3.10901 0.484939 -0.125382
10.581 4 CBF 0. 0. 0. 0. 4 0 0.,0.,0.,0. 5. 1. 0 0
10.581 4 CBF 0. 0. 0. 0. 4 0 0.,0.,0.,0. 5. 1. 0 0
10.612 4 INS 0 0 0 0 0 0 -5 -1 49
10.629 4 ATTITUDE 3.109023 0.48484 -0.125361
10.645 4 ALIVE 236,77,15,164,137,159,100,186,235,162,191,249,165,238,71,79
10.674 4 ROVER_CTRL 0. 0. 0. 0. 1400. 600. 1000. 0. 0. 0. 0. 0.
10.675 4 ROTORCRAFT_NAV_STATUS 55 0 0. 0. 0 3 0
10.706 4 INS 0 0 0 0 0 0 11 -16 31
10.722 4 ATTITUDE 3.109022 0.484804 -0.12534
10.781 4 GPS_INT 637813700 0 0 0 0 0 -17000 0 0 0 649519104 4235 99250 9999 0 0 1
10.782 4 SVINFO 0 0 0 0 0 0 0
10.783 4 GPS 0 16602145 0 0 -17000 0 0 1867 99250 31 0
10.784 4 SVINFO 0 0 0 0 0 0 0
10.822 4 INS 0 0 0 0 0 0 3 -21 21
10.823 4 WP_MOVED_ENU 9 143 7032 2557
10.824 4 WP_MOVED_ENU 9 143 7032 2557
10.824 4 ATTITUDE 3.109011 0.484683 -0.125312
10.902 4 INS 0 0 0 0 0 0 -7 -22 -14
10.934 4 ATTITUDE 3.109024 0.484582 -0.125246
10.980 4 LINK_REPORT 4 -1 11 0 12891 324 0 1887. 48. 2 71.12
11.046 4 GPS_INT 637813700 0 0 0 0 0 -17000 0 0 0 649519104 4242 99500 9999 0 0 1
11.047 4 SVINFO 0 0 0 0 0 0 0
11.048 4 INS 0 0 0 0 0 0 9 -41 7
11.049 4 GPS 0 16602145 0 0 -17000 0 0 1867 99500 31 0
11.049 4 SVINFO 0 0 0 0 0 0 0
11.050 4 ATTITUDE 3.109066 0.48448 -0.125222
11.072 4 CBF 0. 0. 0. 0. 4 0 0.,0.,0.,0. 5. 1. 0 0
11.073 4 CBF 0. 0. 0. 0. 4 0 0.,0.,0.,0. 5. 1. 0 0
11.104 4 INS 0 0 0 0 0 0 4 -21 -2
11.119 4 ATTITUDE 3.109026 0.484394 -0.12521
11.152 4 ROVER_CTRL 0. 0. 0. 0. 1400. 600. 1000. 0. 0. 0. 0. 0.
11.199 4 INS 0 0 0 0 0 0 6 -26 3
11.232 4 ATTITUDE 3.109101 0.484296 -0.125211
11.275 4 GPS_INT 637813700 0 0 0 0 0 -17000 0 0 0 649519104 4250 99750 9999 0 0 1
11.276 4 SVINFO 0 0 0 0 0 0 0
11.277 4 GPS 0 16602145 0 0 -17000 0 0 1867 99750 31 0
11.278 4 SVINFO 0 0 0 0 0 0 0
11.305 4 INS 0 0 0 0 0 0 -10 -10 58
11.321 4 ATTITUDE 3.109146 0.48425 -0.125157
11.401 4 ROVER_STATUS 2 0 0 2 0 58 0.035324
11.403 4 INS 0 0 0 0 0 0 -21 -16 -39
11.417 4 ATTITUDE 3.109137 0.484204 -0.125166
11.546 4 GPS_INT 637813700 0 0 0 0 0 -17000 0 0 0 649519104 4257 100000 9999 0 0 1
11.547 4 SVINFO 0 0 0 0 0 0 0
11.548 4 INS 0 0 0 0 0 0 -19 26 24
11.550 4 GPS 0 16602145 0 0 -17000 0 0 1867 100000 31 0
11.550 4 SVINFO 0 0 0 0 0 0 0
11.551 4 ATTITUDE 3.109212 0.484129 -0.125116
11.572 4 CBF 0. 0. 0. 0. 4 0 0.,0.,0.,0. 5. 1. 0 0
11.574 4 CBF 0. 0. 0. 0. 4 0 0.,0.,0.,0. 5. 1. 0 0
11.603 4 INS 0 0 0 0 0 0 -25 -12 -20
11.619 4 ATTITUDE 3.109279 0.484062 -0.125096
11.655 4 ROVER_CTRL 0. 0. 0. 0. 1400. 600. 1000. 0. 0. 0. 0. 0.
11.699 4 INS 0 0 0 0 0 0 -13 -15 20
11.731 4 ATTITUDE 3.109388 0.483956 -0.125094
11.773 4 GPS_INT 637813700 0 0 0 0 0 -17000 0 0 0 649519104 4264 100250 9999 0 0 1
11.774 4 SVINFO 0 0 0 0 0 0 0
11.775 4 GPS 0 16602145 0 0 -17000 0 0 1867 100250 31 0
11.776 4 SVINFO 0 0 0 0 0 0 0
11.805 4 INS 0 0 0 0 0 0 -11 1 64
11.821 4 ATTITUDE 3.109424 0.483861 -0.12506
11.901 4 INS 0 0 0 0 0 0 4 -9 31
11.917 4 ATTITUDE 3.109496 0.483755 -0.124999
11.981 4 LINK_REPORT 4 -1 12 0 14641 367 0 1750. 43. 2 71.12
12.045 4 GPS_INT 637813700 0 0 0 0 0 -17000 0 0 0 649519104 4272 100500 9999 0 0 1
12.047 4 SVINFO 0 0 0 0 0 0 0
12.047 4 INS 0 0 0 0 0 0 -17 -14 29
12.049 4 GPS 0 16602145 0 0 -17000 0 0 1867 100500 31 0
12.050 4 SVINFO 0 0 0 0 0 0 0
12.051 4 ATTITUDE 3.109563 0.483659 -0.124984
12.071 4 CBF 0. 0. 0. 0. 4 0 0.,0.,0.,0. 5. 1. 0 0
12.073 4 CBF 0. 0. 0. 0. 4 0 0.,0.,0.,0. 5. 1. 0 0
12.113 4 INS 0 0 0 0 0 0 -39 0 7
12.114 4 WP_MOVED_ENU 10 358 8279 2557
12.114 4 WP_MOVED_ENU 10 358 8279 2557
12.128 4 ATTITUDE 3.109551 0.483584 -0.124983
12.161 4 ROVER_CTRL 0. 0. 0. 0. 1400. 600. 1000. 0. 0. 0. 0. 0.
12.208 4 INS 0 0 0 0 0 0 -14 -7 53
12.224 4 ATTITUDE 3.109529 0.483508 -0.124931
12.278 4 GPS_INT 637813700 0 0 0 0 0 -17000 0 0 0 649519104 4279 100750 9999 0 0 1
12.279 4 SVINFO 0 0 0 0 0 0 0
12.280 4 ROTORCRAFT_NAV_STATUS 56 0 0. 0. 0 3 0
12.281 4 GPS 0 16602145 0 0 -17000 0 0 1867 100750 31 0
12.281 4 SVINFO 0 0 0 0 0 0 0
12.294 4 INS 0 0 0 0 0 0 -14 -30 28
12.325 4 ATTITUDE 3.109517 0.483418 -0.124949
12.406 4 INS 0 0 0 0 0 0 -2 -8 7
12.421 4 ATTITUDE 3.109578 0.483322 -0.124902
12.537 4 GPS_INT 637813700 0 0 0 0 0 -17000 0 0 0 649519104 4286 101000 9999 0 0 1
12.538 4 SVINFO 0 0 0 0 0 0 0
12.539 4 INS 0 0 0 0 0 0 -34 -42 2
12.540 4 GPS 0 16602145 0 0 -17000 0 0 1867 101000 31 0
12.541 4 SVINFO 0 0 0 0 0 0 0
12.542 4 ATTITUDE 3.109562 0.483241 -0.124861
12.575 4 CBF 0. 0. 0. 0. 4 0 0.,0.,0.,0. 5. 1. 0 0
12.576 4 CBF 0. 0. 0. 0. 4 0 0.,0.,0.,0. 5. 1. 0 0
12.607 4 INS 0 0 0 0 0 0 -9 -11 25
12.622 4 ATTITUDE 3.109575 0.483168 -0.124868
12.655 4 ROVER_CTRL 0. 0. 0. 0. 1400. 600. 1000. 0. 0. 0. 0. 0.
12.702 4 INS 0 0 0 0 0 0 -8 -16 11
12.718 4 ATTITUDE 3.109607 0.483088 -0.124855
12.776 4 GPS_INT 637813700 0 0 0 0 0 -17000 0 0 0 649519104 4293 101250 9999 0 0 1
12.777 4 SVINFO 0 0 0 0 0 0 0
12.781 4 GPS 0 16602145 0 0 -17000 0 0 1867 101250 31 0
12.782 4 SVINFO 0 0 0 0 0 0 0
12.807 4 INS 0 0 0 0 0 0 -10 -16 54
12.808 4 DATALINK_REPORT 2 2 2638 1837 0 0
12.823 4 ATTITUDE 3.109597 0.483032 -0.12482
12.887 4 ROVER_STATUS 2 0 0 2 0 60 0.035324
12.903 4 INS 0 0 0 0 0 0 -2 -19 11
12.919 4 ATTITUDE 3.109595 0.482945 -0.124822
12.981 4 LINK_REPORT 4 -1 13 0 16495 414 0 1854. 47. 2 71.12
13.068 4 GPS_INT 637813700 0 0 0 0 0 -17000 0 0 0 649519104 4301 101500 9999 0 0 1
13.069 4 SVINFO 0 0 0 0 0 0 0
13.069 4 INS 0 0 0 0 0 0 -4 -8 21
13.071 4 AUTOPILOT_VERSION 60200 v6.2_unstable-643-gd322aacf4-dirty
13.072 4 GPS 0 16602145 0 0 -17000 0 0 1867 101500 31 0
13.072 4 SVINFO 0 0 0 0 0 0 0
13.073 4 ATTITUDE 3.109594 0.482878 -0.1248
13.074 4 CBF 0. 0. 0. 0. 4 0 0.,0.,0.,0. 5. 1. 0 0
13.076 4 CBF 0. 0. 0. 0. 4 0 0.,0.,0.,0. 5. 1. 0 0
13.099 4 INS 0 0 0 0 0 0 -12 13 2
13.114 4 ATTITUDE 3.109577 0.482793 -0.12477
13.147 4 ROVER_CTRL 0. 0. 0. 0. 1400. 600. 1000. 0. 0. 0. 0. 0.
13.195 4 INS 0 0 0 0 0 0 -12 -3 -13
13.227 4 ATTITUDE 3.109577 0.482708 -0.124776
13.270 4 GPS_INT 637813700 0 0 0 0 0 -17000 0 0 0 649519104 4308 101750 9999 0 0 1
13.271 4 SVINFO 0 0 0 0 0 0 0
13.271 4 GPS 0 16602145 0 0 -17000 0 0 1867 101750 31 0
13.272 4 SVINFO 0 0 0 0 0 0 0
13.301 4 INS 0 0 0 0 0 0 16 -14 24
13.317 4 ATTITUDE 3.109598 0.482606 -0.124754
13.333 4 ALIVE 236,77,15,164,137,159,100,186,235,162,191,249,165,238,71,79
13.408 4 INS 0 0 0 0 0 0 -12 15 35
13.409 4 WP_MOVED_ENU 11 -184 9021 2560
13.410 4 WP_MOVED_ENU 11 -184 9021 2560
13.423 4 ATTITUDE 3.109565 0.48256 -0.124758
13.536 4 GPS_INT 637813700 0 0 0 0 0 -17000 0 0 0 649519104 4315 102000 9999 0 0 1
13.538 4 SVINFO 0 0 0 0 0 0 0
13.539 4 INS 0 0 0 0 0 0 -14 -25 24
13.540 4 GPS 0 16602145 0 0 -17000 0 0 1867 102000 31 0
13.541 4 SVINFO 0 0 0 0 0 0 0
13.541 4 ATTITUDE 3.109624 0.482481 -0.124692
13.575 4 CBF 0. 0. 0. 0. 4 0 0.,0.,0.,0. 5. 1. 0 0
13.577 4 CBF 0. 0. 0. 0. 4 0 0.,0.,0.,0. 5. 1. 0 0
13.591 4 INS 0 0 0 0 0 0 -25 8 24
13.622 4 ATTITUDE 3.109605 0.482386 -0.124655
13.655 4 ROVER_CTRL 0. 0. 0. 0. 1400. 600. 1000. 0. 0. 0. 0. 0.
13.702 4 INS 0 0 0 0 0 0 -24 -3 58
13.718 4 ATTITUDE 3.109631 0.48232 -0.12464
13.772 4 GPS_INT 637813700 0 0 0 0 0 -17000 0 0 0 649519104 4322 102250 9999 0 0 1
13.773 4 SVINFO 0 0 0 0 0 0 0
13.774 4 GPS 0 16602145 0 0 -17000 0 0 1867 102250 31 0
13.775 4 SVINFO 0 0 0 0 0 0 0
13.804 4 INS 0 0 0 0 0 0 -15 -50 9
13.819 4 ATTITUDE 3.109675 0.482251 -0.124631
13.851 4 ROTORCRAFT_NAV_STATUS 58 0 0. 0. 0 3 0
13.900 4 INS 0 0 0 0 0 0 -17 -18 24
13.915 4 ATTITUDE 3.109723 0.482143 -0.12458
13.982 4 LINK_REPORT 4 -1 14 0 18383 461 0 1888. 47. 2 71.12
14.033 4 GPS_INT 637813700 0 0 0 0 0 -17000 0 0 0 649519104 4330 102500 9999 0 0 1
14.034 4 SVINFO 0 0 0 0 0 0 0
14.035 4 INS 0 0 0 0 0 0 -2 12 37
14.035 4 GPS 0 16602145 0 0 -17000 0 0 1867 102500 31 0
14.036 4 SVINFO 0 0 0 0 0 0 0
14.037 4 ATTITUDE 3.10974 0.482067 -0.124568
14.070 4 CBF 0. 0. 0. 0. 4 0 0.,0.,0.,0. 5. 1. 0 0
14.071 4 CBF 0. 0. 0. 0. 4 0 0.,0.,0.,0. 5. 1. 0 0
14.102 4 INS 0 0 0 0 0 0 -22 -9 24
14.117 4 ATTITUDE 3.109804 0.481983 -0.124591
14.150 4 ROVER_CTRL 0. 0. 0. 0. 1400. 600. 1000. 0. 0. 0. 0. 0.
14.197 4 INS 0 0 0 0 0 0 -33 -8 57
14.213 4 ATTITUDE 3.109792 0.481908 -0.124587
14.271 4 GPS_INT 637813700 0 0 0 0 0 -17000 0 0 0 649519104 4337 102750 9999 0 0 1
14.272 4 SVINFO 0 0 0 0 0 0 0
14.273 4 GPS 0 16602145 0 0 -17000 0 0 1867 102750 31 0
14.273 4 SVINFO 0 0 0 0 0 0 0
14.302 4 INS 0 0 0 0 0 0 -31 3 43
14.318 4 ATTITUDE 3.109821 0.481832 -0.124572
14.381 4 ROVER_STATUS 2 0 0 2 0 61 0.035324
14.397 4 INS 0 0 0 0 0 0 -23 -8 63
14.413 4 ATTITUDE 3.109806 0.481745 -0.124566
14.531 4 GPS_INT 637813700 0 0 0 0 0 -17000 0 0 0 649519104 4344 103000 9999 0 0 1
14.532 4 SVINFO 0 0 0 0 0 0 0
14.534 4 INS 0 0 0 0 0 0 -5 5 7
14.535 4 GPS 0 16602145 0 0 -17000 0 0 1867 103000 31 0
14.536 4 SVINFO 0 0 0 0 0 0 0
14.536 4 ATTITUDE 3.109752 0.481691 -0.124555
14.568 4 CBF 0. 0. 0. 0. 4 0 0.,0.,0.,0. 5. 1. 0 0
14.570 4 CBF 0. 0. 0. 0. 4 0 0.,0.,0.,0. 5. 1. 0 0
14.600 4 INS 0 0 0 0 0 0 -26 -1 20
14.616 4 ATTITUDE 3.109798 0.481606 -0.124553
14.651 4 ROVER_CTRL 0. 0. 0. 0. 1400. 600. 1000. 0. 0. 0. 0. 0.
14.720 4 ENERGY 0 0.035324 0.025 0.000883 0. 0.000421 1.3e-05
14.721 4 INS 0 0 0 0 0 0 -31 -3 23
14.721 4 WP_MOVED_ENU 12 -2526 9303 2560
14.722 4 WP_MOVED_ENU 12 -2526 9303 2560
14.723 4 ATTITUDE 3.109808 0.48156 -0.124525
14.773 4 GPS_INT 637813700 0 0 0 0 0 -17000 0 0 0 649519104 4351 103250 9999 0 0 1
14.774 4 SVINFO 0 0 0 0 0 0 0
14.775 4 GPS 0 16602145 0 0 -17000 0 0 1867 103250 31 0
14.776 4 SVINFO 0 0 0 0 0 0 0
14.789 4 INS 0 0 0 0 0 0 -26 -8 87
14.820 4 ATTITUDE 3.109801 0.481483 -0.124527
14.901 4 INS 0 0 0 0 0 0 -14 -6 2
14.916 4 ATTITUDE 3.109809 0.481378 -0.12451
14.983 4 LINK_REPORT 4 -1 15 0 20223 507 0 1840. 46. 2 71.12
15.029 4 GPS_INT 637813700 0 0 0 0 0 -17000 0 0 0 649519104 4358 103500 9999 0 0 1
15.030 4 SVINFO 0 0 0 0 0 0 0
15.031 4 INS 0 0 0 0 0 0 -22 -5 -8
15.031 4 GPS 0 16602145 0 0 -17000 0 0 1867 103500 31 0
15.032 4 SVINFO 0 0 0 0 0 0 0
15.033 4 ATTITUDE 3.109801 0.481245 -0.124467
15.067 4 CBF 0. 0. 0. 0. 4 0 0.,0.,0.,0. 5. 1. 0 0
15.068 4 CBF 0. 0. 0. 0. 4 0 0.,0.,0.,0. 5. 1. 0 0
15.098 4 INS 0 0 0 0 0 0 -12 -4 25
15.114 4 ATTITUDE 3.109813 0.48115 -0.12442
15.147 4 ROVER_CTRL 0. 0. 0. 0. 1400. 600. 1000. 0. 0. 0. 0. 0.
15.194 4 INS 0 0 0 0 0 0 -7 -22 -12
15.210 4 ATTITUDE 3.109889 0.481073 -0.124389
15.268 4 GPS_INT 637813700 0 0 0 0 0 -17000 0 0 0 649519104 4366 103750 9999 0 0 1
15.269 4 SVINFO 0 0 0 0 0 0 0
15.270 4 GPS 0 16602145 0 0 -17000 0 0 1867 103750 31 0
15.271 4 SVINFO 0 0 0 0 0 0 0
15.299 4 INS 0 0 0 0 0 0 -14 -8 11
15.315 4 ATTITUDE 3.109918 0.480995 -0.124353
15.395 4 INS 0 0 0 0 0 0 -11 -9 -31
15.411 4 ATTITUDE 3.109932 0.480888 -0.124373
15.443 4 ROTORCRAFT_NAV_STATUS 60 0 0. 0. 0 3 0
15.506 4 GPS_INT 637813700 0 0 0 0 0 -17000 0 0 0 649519104 4373 104000 9999 0 0 1
15.595 4 SVINFO 0 0 0 0 0 0 0
15.596 4 INS 0 0 0 0 0 0 -25 2 24
15.597 4 GPS 0 16602145 0 0 -17000 0 0 1867 104000 31 0
15.598 4 SVINFO 0 0 0 0 0 0 0
15.599 4 PONG 
15.599 4 ATTITUDE 3.109908 0.480824 -0.124385
15.601 4 CBF 0. 0. 0. 0. 4 0 0.,0.,0.,0. 5. 1. 0 0
15.603 4 CBF 0. 0. 0. 0. 4 0 0.,0.,0.,0. 5. 1. 0 0
15.604 4 INS 0 0 0 0 0 0 -22 -22 58
15.610 4 ATTITUDE 3.109935 0.480707 -0.124366
15.652 4 ROVER_CTRL 0. 0. 0. 0. 1400. 600. 1000. 0. 0. 0. 0. 0.
15.690 4 INS 0 0 0 0 0 0 2 0 -5
15.706 4 ATTITUDE 3.109932 0.48063 -0.124334
15.765 4 GPS_INT 637813700 0 0 0 0 0 -17000 0 0 0 649519104 4380 104250 9999 0 0 1
15.766 4 SVINFO 0 0 0 0 0 0 0
15.767 4 GPS 0 16602145 0 0 -17000 0 0 1867 104250 31 0
15.768 4 SVINFO 0 0 0 0 0 0 0
15.797 4 INS 0 0 0 0 0 0 -27 -16 -9
15.812 4 ATTITUDE 3.109935 0.480574 -0.124342
15.876 4 ROVER_STATUS 2 0 0 2 0 63 0.026493
15.892 4 INS 0 0 0 0 0 0 -73 7 66
15.908 4 ATTITUDE 3.109939 0.48049 -0.12434
15.984 4 LINK_REPORT 4 -1 16 0 22014 552 0 1791. 45. 3 122.51
16.069 4 GPS_INT 637813700 0 0 0 0 0 -17000 0 0 0 649519104 4387 104500 9999 0 0 1
16.070 4 SVINFO 0 0 0 0 0 0 0
16.070 4 INS 0 0 0 0 0 0 -46 -18 45
16.071 4 WP_MOVED_ENU 13 -2723 7710 2557
16.072 4 WP_MOVED_ENU 13 -2723 7710 2557
16.072 4 GPS 0 16602145 0 0 -17000 0 0 1867 104500 31 0
16.073 4 SVINFO 0 0 0 0 0 0 0
16.074 4 ATTITUDE 3.109926 0.480402 -0.124332
16.075 4 ALIVE 236,77,15,164,137,159,100,186,235,162,191,249,165,238,71,79
16.076 4 CBF 0. 0. 0. 0. 4 0 0.,0.,0.,0. 5. 1. 0 0
16.078 4 CBF 0. 0. 0. 0. 4 0 0.,0.,0.,0. 5. 1. 0 0
16.085 4 INS 0 0 0 0 0 0 4 -32 13
16.116 4 ATTITUDE 3.109928 0.480328 -0.124343
16.159 4 ROVER_CTRL 0. 0. 0. 0. 1400. 600. 1000. 0. 0. 0. 0. 0.
16.195 4 INS 0 0 0 0 0 0 -31 -4 47
16.211 4 ATTITUDE 3.109931 0.480264 -0.12436
16.266 4 GPS_INT 637813700 0 0 0 0 0 -17000 0 0 0 649519104 4394 104750 9999 0 0 1
16.267 4 SVINFO 0 0 0 0 0 0 0
16.267 4 GPS 0 16602145 0 0 -17000 0 0 1867 104750 31 0
16.268 4 SVINFO 0 0 0 0 0 0 0
16.281 4 INS_REF 485064566 -31598534 411664690 404506485 -37271496 702390 650000 0.
16.297 4 INS 0 0 0 0 0 0 -9 -22 25
16.313 4 ATTITUDE 3.109951 0.480208 -0.124341
16.393 4 INS 0 0 0 0 0 0 -15 -25 10
16.408 4 ATTITUDE 3.109942 0.480135 -0.124412
16.523 4 GPS_INT 637813700 0 0 0 0 0 -17000 0 0 0 649519168 4401 105000 9999 0 0 1
16.523 4 SVINFO 0 0 0 0 0 0 0
16.524 4 INS 0 0 0 0 0 0 -20 -42 68
16.524 4 GPS 0 16602145 0 0 -17000 0 0 1867 105000 31 0
16.524 4 SVINFO 0 0 0 0 0 0 0
16.524 4 ATTITUDE 3.109972 0.480049 -0.1244
16.561 4 CBF 0. 0. 0. 0. 4 0 0.,0.,0.,0. 5. 1. 0 0
16.562 4 CBF 0. 0. 0. 0. 4 0 0.,0.,0.,0. 5. 1. 0 0
16.593 4 INS 0 0 0 0 0 0 -29 0 19
16.609 4 ATTITUDE 3.109966 0.479931 -0.12441
16.642 4 ROVER_CTRL 0. 0. 0. 0. 1400. 600. 1000. 0. 0. 0. 0. 0.
16.689 4 INS 0 0 0 0 0 0 -28 0 9
16.705 4 ATTITUDE 3.110037 0.479846 -0.124422
16.763 4 GPS_INT 637813700 0 0 0 0 0 -17000 0 0 0 649519168 4408 105250 9999 0 0 1
16.764 4 SVINFO 0 0 0 0 0 0 0
16.765 4 GPS 0 16602145 0 0 -17000 0 0 1867 105250 31 0
16.766 4 SVINFO 0 0 0 0 0 0 0
16.794 4 INS 0 0 0 0 0 0 -22 1 78
16.810 4 ATTITUDE 3.110051 0.479761 -0.124425
16.891 4 INS 0 0 0 0 0 0 -32 -7 -14
16.906 4 ATTITUDE 3.110034 0.479725 -0.124435
16.985 4 LINK_REPORT 4 -1 17 0 23867 598 0 1853. 46. 3 122.51
17.023 4 GPS_INT 637813700 0 0 0 0 0 -17000 0 0 0 649519168 4415 105500 9999 0 0 1
17.024 4 SVINFO 0 0 0 0 0 0 0
17.025 4 INS 0 0 0 0 0 0 -31 0 33
17.026 4 GPS 0 16602145 0 0 -17000 0 0 1867 105500 31 0
17.027 4 SVINFO 0 0 0 0 0 0 0
17.028 4 ATTITUDE 3.110047 0.479652 -0.124443
17.061 4 CBF 0. 0. 0. 0. 4 0 0.,0.,0.,0. 5. 1. 0 0
17.062 4 CBF 0. 0. 0. 0. 4 0 0.,0.,0.,0. 5. 1. 0 0
17.063 4 ROTORCRAFT_NAV_STATUS 61 0 0. 0. 0 3 0
17.092 4 INS 0 0 0 0 0 0 -21 -5 24
17.108 4 ATTITUDE 3.110114 0.479554 -0.124399
17.141 4 ROVER_CTRL 0. 0. 0. 0. 1400. 600. 1000. 0. 0. 0. 0. 0.
17.188 4 INS 0 0 0 0 0 0 -43 6 56
17.203 4 ATTITUDE 3.110062 0.479501 -0.124414
17.260 4 GPS_INT 637813700 0 0 0 0 0 -17000 0 0 0 649519168 4423 105750 9999 0 0 1
17.261 4 SVINFO 0 0 0 0 0 0 0
17.261 4 GPS 0 16602145 0 0 -17000 0 0 1867 105750 31 0
17.261 4 SVINFO 0 0 0 0 0 0 0
17.293 4 INS 0 0 0 0 0 0 -20 -11 -3
17.293 4 WP_MOVED_ENU 14 -1940 6522 2557
17.293 4 WP_MOVED_ENU 14 -1940 6522 2557
17.308 4 ATTITUDE 3.110049 0.479394 -0.124423
17.372 4 ROVER_STATUS 2 0 0 2 0 64 0.026493
17.389 4 INS 0 0 0 0 0 0 -18 -8 49
17.404 4 ATTITUDE 3.110016 0.479288 -0.124442
17.520 4 GPS_INT 637813700 0 0 0 0 0 -17000 0 0 0 649519168 4430 106000 9999 0 0 1
17.520 4 SVINFO 0 0 0 0 0 0 0
17.520 4 INS 0 0 0 0 0 0 -25 -18 53
17.521 4 GPS 0 16602145 0 0 -17000 0 0 1867 106000 31 0
17.521 4 SVINFO 0 0 0 0 0 0 0
17.521 4 ATTITUDE 3.110011 0.479181 -0.12447
17.558 4 CBF 0. 0. 0. 0. 4 0 0.,0.,0.,0. 5. 1. 0 0
17.558 4 CBF 0. 0. 0. 0. 4 0 0.,0.,0.,0. 5. 1. 0 0
17.590 4 INS 0 0 0 0 0 0 -30 -22 28
17.606 4 ATTITUDE 3.110058 0.479106 -0.124512
17.638 4 ROVER_CTRL 0. 0. 0. 0. 1400. 600. 1000. 0. 0. 0. 0. 0.
17.686 4 INS 0 0 0 0 0 0 -47 2 41
17.702 4 ATTITUDE 3.110008 0.479013 -0.124576
17.760 4 GPS_INT 637813700 0 0 0 0 0 -17000 0 0 0 649519168 4437 106250 9999 0 0 1
17.761 4 SVINFO 0 0 0 0 0 0 0
17.762 4 GPS 0 16602145 0 0 -17000 0 0 1867 106250 31 0
17.763 4 SVINFO 0 0 0 0 0 0 0
17.791 4 INS 0 0 0 0 0 0 -11 -23 40
17.807 4 ATTITUDE 3.110046 0.478914 -0.124612
17.871 4 DATALINK_REPORT 2 3 2871 1822 0 0
17.888 4 INS 0 0 0 0 0 0 0 -17 47
17.903 4 ATTITUDE 3.110079 0.478828 -0.124589
17.986 4 LINK_REPORT 4 -1 18 0 25721 645 0 1854. 47. 3 122.51
18.020 4 GPS_INT 637813700 0 0 0 0 0 -17000 0 0 0 649519168 4444 106500 9999 0 0 1
18.022 4 SVINFO 0 0 0 0 0 0 0
18.022 4 INS 0 0 0 0 0 0 -34 3 28
18.023 4 GPS 0 16602145 0 0 -17000 0 0 1867 106500 31 0
18.025 4 SVINFO 0 0 0 0 0 0 0
18.025 4 ATTITUDE 3.110054 0.478747 -0.124668
18.058 4 CBF 0. 0. 0. 0. 4 0 0.,0.,0.,0. 5. 1. 0 0
18.059 4 CBF 0. 0. 0. 0. 4 0 0.,0.,0.,0. 5. 1. 0 0
18.089 4 INS 0 0 0 0 0 0 -16 6 -2
18.105 4 ATTITUDE 3.110077 0.478682 -0.124653
18.138 4 ROVER_CTRL 0. 0. 0. 0. 1400. 600. 1000. 0. 0. 0. 0. 0.
18.185 4 INS 0 0 0 0 0 0 -47 -35 59
18.200 4 ATTITUDE 3.110109 0.478606 -0.124667
18.258 4 GPS_INT 637813700 0 0 0 0 0 -17000 0 0 0 649519168 4451 106750 9999 0 0 1
18.258 4 SVINFO 0 0 0 0 0 0 0
18.259 4 GPS 0 16602145 0 0 -17000 0 0 1867 106750 31 0
18.259 4 SVINFO 0 0 0 0 0 0 0
18.289 4 INS 0 0 0 0 0 0 3 -35 12
18.305 4 ATTITUDE 3.110136 0.478512 -0.124669
18.386 4 INS 0 0 0 0 0 0 -39 -7 13
18.402 4 ATTITUDE 3.110092 0.478428 -0.124657
18.518 4 GPS_INT 637813700 0 0 0 0 0 -17000 0 0 0 649519168 4458 107000 9999 0 0 1
18.520 4 SVINFO 0 0 0 0 0 0 0
18.521 4 INS 0 0 0 0 0 0 -19 1 35
18.522 4 GPS 0 16602145 0 0 -17000 0 0 1867 107000 31 0
18.523 4 SVINFO 0 0 0 0 0 0 0
18.523 4 ATTITUDE 3.110091 0.478325 -0.124743
18.555 4 CBF 0. 0. 0. 0. 4 0 0.,0.,0.,0. 5. 1. 0 0
18.556 4 CBF 0. 0. 0. 0. 4 0 0.,0.,0.,0. 5. 1. 0 0
18.598 4 INS 0 0 0 0 0 0 -23 13 -8
18.599 4 WP_MOVED_ENU 15 -637 3819 2557
18.599 4 WP_MOVED_ENU 15 -637 3819 2557
18.600 4 ATTITUDE 3.110102 0.478251 -0.124735
18.644 4 ROVER_CTRL 0. 0. 0. 0. 1400. 600. 1000. 0. 0. 0. 0. 0.
18.645 4 ROTORCRAFT_NAV_STATUS 63 0 0. 0. 0 3 0
18.676 4 INS 0 0 0 0 0 0 -7 -12 46
18.708 4 ATTITUDE 3.110118 0.478134 -0.124733
18.724 4 ALIVE 236,77,15,164,137,159,100,186,235,162,191,249,165,238,71,79
18.761 4 GPS_INT 637813700 0 0 0 0 0 -17000 0 0 0 649519168 4465 107250 9999 0 0 1
18.763 4 SVINFO 0 0 0 0 0 0 0
18.764 4 GPS 0 16602145 0 0 -17000 0 0 1867 107250 31 0
18.764 4 SVINFO 0 0 0 0 0 0 0
18.777 4 INS 0 0 0 0 0 0 -26 -3 29
18.808 4 ATTITUDE 3.110095 0.478079 -0.124697
18.872 4 ROVER_STATUS 2 0 0 2 0 66 0.026493
18.889 4 INS 0 0 0 0 0 0 -3 -13 17
18.904 4 ATTITUDE 3.110047 0.477984 -0.124646
18.987 4 LINK_REPORT 4 -1 19 0 27581 692 0 1860. 47. 3 122.51
19.016 4 GPS_INT 637813700 0 0 0 0 0 -17000 0 0 0 649519168 4472 107500 9999 0 0 1
19.016 4 SVINFO 0 0 0 0 0 0 0
19.016 4 INS 0 0 0 0 0 0 -16 23 17
19.017 4 GPS 0 16602145 0 0 -17000 0 0 1867 107500 31 0
19.017 4 SVINFO 0 0 0 0 0 0 0
19.017 4 ATTITUDE 3.110071 0.477899 -0.124646
19.055 4 CBF 0. 0. 0. 0. 4 0 0.,0.,0.,0. 5. 1. 0 0
19.056 4 CBF 0. 0. 0. 0. 4 0 0.,0.,0.,0. 5. 1. 0 0
19.086 4 INS 0 0 0 0 0 0 -5 -9 12
19.102 4 ATTITUDE 3.110067 0.477815 -0.124683
19.134 4 ROVER_CTRL 0. 0. 0. 0. 1400. 600. 1000. 0. 0. 0. 0. 0.
19.182 4 ENERGY 0 0.035324 0.025 0.000883 0. 0.000453 1.4e-05
19.182 4 INS 0 0 0 0 0 0 -45 14 18
19.197 4 ATTITUDE 3.110019 0.477751 -0.124702
19.255 4 GPS_INT 637813700 0 0 0 0 0 -17000 0 0 0 649519168 4479 107750 9999 0 0 1
19.256 4 SVINFO 0 0 0 0 0 0 0
19.256 4 GPS 0 16602145 0 0 -17000 0 0 1867 107750 31 0
19.257 4 SVINFO 0 0 0 0 0 0 0
19.286 4 INS 0 0 0 0 0 0 -10 -4 70
19.302 4 ATTITUDE 3.110008 0.47762 -0.12467
19.382 4 INS 0 0 0 0 0 0 -27 11 -18
19.398 4 ATTITUDE 3.11005 0.477527 -0.124701
19.515 4 GPS_INT 637813700 0 0 0 0 0 -17000 0 0 0 649519168 4486 108000 9999 0 0 1
19.516 4 SVINFO 0 0 0 0 0 0 0
19.517 4 INS 0 0 0 0 0 0 -4 -20 7
19.518 4 GPS 0 16602145 0 0 -17000 0 0 1867 108000 31 0
19.518 4 SVINFO 0 0 0 0 0 0 0
19.519 4 ATTITUDE 3.110083 0.477449 -0.124685
19.553 4 CBF 0. 0. 0. 0. 4 0 0.,0.,0.,0. 5. 1. 0 0
19.554 4 CBF 0. 0. 0. 0. 4 0 0.,0.,0.,0. 5. 1. 0 0
19.584 4 INS 0 0 0 0 0 0 -14 -7 35
19.599 4 ATTITUDE 3.110121 0.47737 -0.124665
19.632 4 ROVER_CTRL 0. 0. 0. 0. 1400. 600. 1000. 0. 0. 0. 0. 0.
19.680 4 INS 0 0 0 0 0 0 -9 0 17
19.696 4 ATTITUDE 3.110104 0.477274 -0.124701
19.753 4 GPS_INT 637813700 0 0 0 0 0 -17000 0 0 0 649519168 4493 108250 9999 0 0 1
19.755 4 SVINFO 0 0 0 0 0 0 0
19.756 4 GPS 0 16602145 0 0 -17000 0 0 1867 108250 31 0
19.757 4 SVINFO 0 0 0 0 0 0 0
19.785 4 INS 0 0 0 0 0 0 -13 -12 45
19.801 4 ATTITUDE 3.110101 0.477172 -0.124745
19.890 4 INS 0 0 0 0 0 0 -58 -7 5
19.891 4 WP_MOVED_ENU 16 -291 3617 2557
19.892 4 WP_MOVED_ENU 16 -291 3617 2557
19.892 4 ATTITUDE 3.110102 0.477108 -0.124761
