4.287 5 GPS_INT 485068625 -31588127 411660966 404501962 -37258943 703900 653664 -21 15 -28 684 81 383585500 179 7 3 1
4.301 5 INS 2554 -204 24031176 -41943 68157 -140294096 24 -2 -395
4.318 5 AUTOPILOT_VERSION 60200 v6.2_unstable-101-g8a957fd0a-dirty
4.365 5 ROTORCRAFT_FP -204 2554 -24027750 68157 -41943 140304432 -12767 46 -1553 0 0 0 0 0 0
4.413 5 ROTORCRAFT_NAV_STATUS 1024 1024 0. 0. 3 0 2
4.535 5 GPS_INT 485068625 -31588132 411660967 404501963 -37258949 703909 653673 -42 6 -33 683 82 383585750 179 7 3 1
4.551 5 INS 2557 -217 24014040 10485 15728 -140347408 10 3 -361
4.614 5 ROTORCRAFT_FP -217 2557 -24010612 15728 10485 140357952 -12767 46 -1554 0 0 0 0 0 0
4.693 5 WP_MOVED_ENU 4 -504 -1029 2560
4.694 5 IMU_MAG_RAW 0 0 0
4.741 5 DL_VALUE 26 0.
4.784 5 GPS_INT 485068630 -31588139 411660971 404501962 -37258957 703970 653734 -30 6 -36 683 81 383586000 179 7 3 1
4.784 5 LIDAR 4.11 168 1
4.799 5 INS 2554 -232 23996900 -41943 20971 -140400016 0 -8 -404
4.866 5 ROTORCRAFT_FP -232 2554 -23993470 20971 -41943 140410752 -12767 46 -1553 0 0 0 0 0 0
4.867 5 ROVER_STATUS 2 0 3 4 0 1738 7.797707
4.965 5 LINK_REPORT 5 -1 5 0 3974 86 0 1037. 22. 0 0.
5.033 5 GPS_INT 485068629 -31588142 411660968 404501960 -37258961 703949 653713 -31 14 -35 683 82 383586250 179 7 3 1
5.049 5 INS 2549 -243 23979752 -31457 57671 -140453088 6 -5 -414
5.283 5 GPS_INT 485068635 -31588145 411660970 404501959 -37258964 704006 653770 -29 10 -25 683 83 383586500 179 7 3 1
5.284 5 SVINFO 14 136 12 7 33 42 167
5.299 5 INS 2544 -248 23962602 0 41943 -140505104 -25 7 -375
5.362 5 ROTORCRAFT_FP -248 2544 -23959172 41943 0 140515744 -12767 46 -1557 0 0 0 0 0 0
5.531 5 GPS_INT 485068632 -31588147 411660968 404501959 -37258966 703974 653738 -41 11 -32 682 82 383586750 179 7 3 1
5.532 5 SVINFO 15 65 12 4 25 24 36
5.547 5 INS 2544 -253 23945452 10485 41943 -140558112 21 -10 -404
5.611 5 ROTORCRAFT_FP -253 2544 -23942022 41943 10485 140568816 -12767 46 -1556 0 0 0 0 0 0
5.690 5 IMU_MAG_RAW 0 0 0
5.781 5 GPS_INT 485068629 -31588149 411660968 404501960 -37258969 703955 653718 -32 9 -33 682 82 383587000 179 7 3 1
5.784 5 SVINFO 16 66 12 7 29 49 107
5.785 5 LIDAR 4.12 168 1
5.796 5 INS 2549 -258 23928298 -26214 31457 -140610928 13 -2 -399
5.844 5 DL_VALUE 27 0.
5.966 5 LINK_REPORT 5 -1 6 0 4717 102 0 743. 16. 1 -1.6590043674e+12
5.988 5 WP_MOVED_ENU 5 519 -1021 2560
6.004 5 ROTORCRAFT_NAV_STATUS 1024 1024 0. 0. 3 0 2
6.035 5 GPS_INT 485068622 -31588151 411660964 404501962 -37258972 703880 653644 -31 10 -29 682 82 383587250 179 7 3 1
6.050 5 INS 2552 -266 23911134 -10485 36700 -140664000 0 -22 -423
6.051 5 ROVER_STATUS 2 0 3 4 0 1739 7.806538
6.110 5 ROTORCRAFT_FP -266 2552 -23907700 36700 -10485 140674736 -12767 46 -1553 0 0 0 0 0 0
6.142 5 ALIVE 53,218,81,70,62,199,115,110,109,98,53,234,26,129,160,165
6.280 5 GPS_INT 485068619 -31588155 411660965 404501964 -37258977 703858 653622 -30 6 -27 681 82 383587500 179 7 3 1
6.296 5 INS 2560 -276 23893962 -5242 20971 -140717168 -9 -3 -423
6.359 5 ROTORCRAFT_FP -276 2560 -23890526 20971 -5242 140727904 -12766 46 -1552 0 0 0 0 0 0
6.486 5 ENERGY 0 7.806538 0.4 3.122615 0.420397 3.21728
6.528 5 GPS_INT 485068614 -31588159 411660962 404501965 -37258982 703804 653568 -34 14 -34 681 82 383587750 179 7 3 1
6.529 5 SVINFO 19 79 12 4 21 22 231
6.544 5 INS 2562 -286 23876776 -20971 57671 -140770080 15 18 -398
6.608 5 ROTORCRAFT_FP -286 2562 -23873336 57671 -20971 140781584 -12767 46 -1556 0 0 0 0 0 0
6.688 5 IMU_MAG_RAW 0 0 0
6.778 5 GPS_INT 485068614 -31588163 411660962 404501964 -37258987 703804 653568 -28 13 -32 681 82 383588000 179 7 3 1
6.779 5 LIDAR 4.11 168 1
6.806 5 INS 2562 -296 23859580 -31457 57671 -140823440 -1 15 -403
6.806 5 UART_ERRORS 0 7 38 1
6.807 5 UART_ERRORS 0 0 1 2
6.807 5 STATE_FILTER_STATUS 6 3 0
6.854 5 ROTORCRAFT_FP -296 2562 -23856140 57671 -31457 140833648 -12767 46 -1561 0 0 0 0 0 0
6.933 5 DL_VALUE 28 1.
6.967 5 LINK_REPORT 5 -1 7 0 5759 126 0 1042. 24. 1 -1.6590043674e+12
7.028 5 GPS_INT 485068612 -31588168 411660960 404501964 -37258992 703779 653543 -30 9 -33 681 83 383588250 179 7 3 1
7.028 5 SVINFO 21 81 12 7 32 56 28
7.043 5 INS 2560 -312 23842382 -31457 36700 -140875904 -5 -23 -371
7.106 5 ROTORCRAFT_FP -312 2560 -23838942 36700 -31457 140886624 -12767 46 -1561 0 0 0 0 0 0
7.250 5 ROVER_STATUS 2 0 3 4 0 1740 7.797707
7.276 5 GPS_INT 485068609 -31588171 411660958 404501964 -37258997 703753 653516 -34 17 -40 681 83 383588500 179 7 3 1
7.276 5 SVINFO 22 82 12 4 13 37 311
7.277 5 WP_MOVED_ENU 6 760 1031 2560
7.291 5 INS 2560 -320 23825180 -41943 73400 -140929216 -22 0 -352
7.356 5 ROTORCRAFT_FP -320 2560 -23821740 73400 -41943 140939360 -12767 46 -1563 0 0 0 0 0 0
7.529 5 GPS_INT 485068609 -31588178 411660960 404501966 -37259005 703766 653529 -35 14 -37 681 83 383588750 179 7 3 1
7.544 5 INS 2565 -337 23807980 -26214 57671 -140981616 0 15 -422
7.605 5 ROTORCRAFT_FP -337 2565 -23804540 57671 -26214 140992240 -12767 46 -1566 0 0 0 0 0 0
7.606 5 ROTORCRAFT_NAV_STATUS 1024 1024 0. 0. 3 0 2
7.685 5 IMU_MAG_RAW 0 0 0
7.701 5 INS_REF 485069569 -31588109 411660456 404501063 -37258851 707753 657517 0.
7.780 5 LIDAR 4.11 168 1
7.796 5 INS 2572 -348 23790776 -31457 78643 -141035584 3 25 -451
7.855 5 ROTORCRAFT_FP -348 2572 -23787334 78643 -31457 141046048 -12766 46 -1569 0 0 0 0 0 0
7.968 5 LINK_REPORT 5 -1 8 0 6658 145 0 899. 19. 1 -1.6590043674e+12
8.025 5 GPS_INT 485068591 -31588187 411660955 404501973 -37259017 703600 653364 -43 15 -34 681 83 383589250 179 7 3 1
8.025 5 SVINFO 0 1 15 7 32 38 273
8.041 5 INS 2583 -363 23773564 10485 62914 -141088976 16 -13 -404
8.042 5 DL_VALUE 29 1.
8.103 5 ROTORCRAFT_FP -363 2583 -23770120 62914 10485 141099968 -12766 46 -1571 0 0 0 0 0 0
8.231 5 ALIVE 53,218,81,70,62,199,115,110,109,98,53,234,26,129,160,165
8.273 5 GPS_INT 485068579 -31588191 411660952 404501977 -37259023 703488 653252 -53 17 -53 680 83 383589500 179 7 3 1
8.353 5 ROTORCRAFT_FP -376 2595 -23752884 68157 -31457 141153248 -12766 46 -1573 0 0 0 0 0 0
8.432 5 ROVER_STATUS 2 0 3 4 0 1741 7.806538
8.513 5 GPS_INT 485068572 -31588196 411660954 404501982 -37259029 703452 653216 -46 6 -44 680 84 383589750 179 7 3 1
8.544 5 INS 2611 -389 23739090 -20971 10485 -141195568 11 -13 -323
8.576 5 WP_MOVED_ENU 7 775 -1018 2560
8.608 5 ROTORCRAFT_FP -389 2611 -23735642 10485 -20971 141206416 -12766 45 -1573 0 0 0 0 0 0
8.672 5 IMU_MAG_RAW 0 0 0
8.704 5 DATALINK_REPORT 1739 0 41507 975 0 0
8.779 5 GPS_INT 485068566 -31588201 411660954 404501985 -37259036 703404 653168 -37 6 -45 680 84 383590000 179 7 3 1
8.780 5 SVINFO 3 10 15 7 29 32 47
8.780 5 LIDAR 4.08 168 1
8.795 5 INS 2621 -401 23721844 -57671 15728 -141248448 -6 -13 -452
8.852 5 ROTORCRAFT_FP -401 2621 -23718394 15728 -57671 141258912 -12766 45 -1574 0 0 0 0 0 0
8.969 5 LINK_REPORT 5 -1 9 0 7577 165 0 919. 20. 1 -1.6590043674e+12
8.979 5 ENERGY 0 7.806538 0.3 2.341961 0.420587 3.21877
9.012 5 GPS_INT 485068557 -31588202 411660948 404501987 -37259037 703306 653070 -48 19 -52 679 83 383590250 179 7 3 1
9.043 5 INS 2624 -407 23704594 -41943 78643 -141301664 6 -9 -409
9.104 5 ROTORCRAFT_FP -407 2624 -23701144 78643 -41943 141312192 -12766 46 -1575 0 0 0 0 0 0
9.135 5 DL_VALUE 30 0.
9.199 5 ROTORCRAFT_NAV_STATUS 1024 1024 0. 0. 3 0 2
9.263 5 GPS_INT 485068549 -31588202 411660942 404501988 -37259038 703205 652969 -49 17 -47 678 82 383590500 179 7 3 1
9.294 5 INS 2626 -409 23687344 -20971 68157 -141355120 -12 0 -466
9.343 5 ROTORCRAFT_FP -409 2626 -23683894 68157 -20971 141365856 -12766 46 -1576 0 0 0 0 0 0
9.518 5 GPS_INT 485068554 -31588210 411660947 404501987 -37259046 703279 653043 -36 3 -43 677 81 383590750 179 7 3 1
9.518 5 SVINFO 6 21 15 4 22 64 304
9.533 5 INS 2626 -427 23670094 -52428 0 -141408000 8 -14 -433
9.598 5 ROTORCRAFT_FP -427 2626 -23666642 0 -52428 141418640 -12767 46 -1575 0 0 0 0 0 0
9.629 5 ROVER_STATUS 2 0 3 4 0 1743 7.806538
9.677 5 IMU_MAG_RAW 0 0 0
9.768 5 GPS_INT 485068565 -31588219 411660956 404501987 -37259057 703423 653186 -24 7 -41 677 81 383591000 179 7 3 1
9.769 5 LIDAR 4.13 168 1
9.784 5 INS 2624 -450 23652836 -83886 26214 -141461296 -9 8 -413
9.848 5 ROTORCRAFT_FP -450 2624 -23649384 26214 -83886 141471824 -12766 46 -1576 0 0 0 0 0 0
9.880 5 WP_MOVED_ENU 8 -760 -1031 2560
9.880 5 UART_ERRORS 0 1 0 3
9.880 5 UART_ERRORS 0 0 0 4
9.970 5 LINK_REPORT 5 -1 10 0 8572 187 0 995. 22. 1 -1.6590043674e+12
9.991 5 STATE_FILTER_STATUS 6 3 0
10.020 5 GPS_INT 485068573 -31588228 411660962 404501986 -37259066 703530 653294 -31 9 -33 676 82 383591250 179 7 3 1
10.035 5 INS 2621 -471 23635570 -26214 31457 -141514704 -4 -20 -438
10.096 5 ROTORCRAFT_FP -471 2621 -23632114 31457 -26214 141525168 -12766 46 -1576 0 0 0 0 0 0
10.223 5 DL_VALUE 31 0.
10.266 5 GPS_INT 485068577 -31588235 411660965 404501985 -37259074 703580 653344 -35 6 -42 676 83 383591500 179 7 3 1
10.282 5 INS 2621 -488 23618286 -52428 15728 -141567488 -19 -3 -409
10.330 5 ALIVE 53,218,81,70,62,199,115,110,109,98,53,234,26,129,160,165
10.346 5 ROTORCRAFT_FP -488 2621 -23614830 15728 -52428 141577904 -12766 46 -1576 0 0 0 0 0 0
10.516 5 GPS_INT 485068584 -31588244 411660973 404501986 -37259085 703693 653457 -32 7 -19 675 83 383591750 179 7 3 1
10.531 5 INS 2624 -509 23600994 31457 20971 -141620352 1 6 -404
10.596 5 ROTORCRAFT_FP -509 2624 -23597536 20971 31457 141630784 -12766 46 -1575 0 0 0 0 0 0
10.675 5 IMU_MAG_RAW 0 0 0
10.768 5 GPS_INT 485068585 -31588251 411660975 404501987 -37259093 703714 653477 -29 10 -40 675 83 383592000 179 7 3 1
10.769 5 SVINFO 11 32 4 4 21 23 95
10.769 5 LIDAR 4.12 168 1
10.798 5 INS 2626 -527 23583696 -62914 41943 -141673376 -2 1 -409
10.798 5 ROTORCRAFT_NAV_STATUS 1024 1024 0. 0. 3 0 2
10.844 5 ROTORCRAFT_FP -527 2626 -23580236 41943 -62914 141684320 -12766 46 -1575 0 0 0 0 0 0
10.845 5 ROVER_STATUS 2 0 3 4 0 1744 7.806538
10.971 5 LINK_REPORT 5 -1 11 0 9514 207 0 942. 20. 2 -1.6590043724e+12
11.014 5 GPS_INT 485068588 -31588259 411660978 404501987 -37259102 703760 653524 -32 19 -33 675 82 383592250 179 7 3 1
11.030 5 INS 2626 -547 23566398 -20971 83886 -141727024 10 17 -432
11.093 5 ROTORCRAFT_FP -547 2626 -23562938 83886 -20971 141738048 -12766 46 -1576 0 0 0 0 0 0
11.173 5 WP_MOVED_ENU 9 -775 1018 2560
11.264 5 GPS_INT 485068593 -31588264 411660983 404501988 -37259108 703835 653599 -25 11 -36 674 82 383592500 179 7 3 1
11.280 5 INS 2626 -560 23549098 -57671 47185 -141780144 1 22 -408
11.343 5 ROTORCRAFT_FP -560 2626 -23545638 47185 -57671 141790736 -12766 46 -1577 0 0 0 0 0 0
11.344 5 DL_VALUE 32 0.
11.471 5 ENERGY 0 7.806538 0.225 1.756471 0.42078 3.220272
11.513 5 GPS_INT 485068594 -31588269 411660984 404501987 -37259113 703848 653612 -22 2 -22 674 83 383592750 179 7 3 1
11.529 5 INS 2626 -573 23531796 -15728 0 -141832656 5 4 -385
11.592 5 ROTORCRAFT_FP -573 2626 -23528332 0 -15728 141843136 -12765 46 -1576 0 0 0 0 0 0
11.671 5 IMU_MAG_RAW 0 0 0
11.761 5 GPS_INT 485068602 -31588275 411660989 404501985 -37259120 703943 653707 -21 -5 -32 674 82 383593000 179 7 3 1
11.762 5 SVINFO 15 65 12 6 27 24 36
11.763 5 LIDAR 4.1 168 1
11.777 5 INS 2621 -586 23514484 -57671 -36700 -141884848 19 0 -414
11.842 5 ROTORCRAFT_FP -586 2621 -23511024 -36700 -57671 141895520 -12766 46 -1576 0 0 0 0 0 0
11.972 5 LINK_REPORT 5 -1 12 0 10417 225 0 903. 18. 2 -1.6590043724e+12
12.011 5 GPS_INT 485068612 -31588284 411660996 404501984 -37259129 704070 653834 -15 3 -23 674 83 383593250 179 7 3 1
12.037 5 INS 2618 -606 23497170 -41943 10485 -141936880 -5 -7 -414
12.037 5 ROVER_STATUS 2 0 3 4 0 1745 7.806538
12.085 5 ROTORCRAFT_FP -606 2618 -23493702 10485 -41943 141947552 -12765 46 -1576 0 0 0 0 0 0
12.276 5 INS 2616 -627 23479832 0 -10485 -141989600 11 33 -384
12.340 5 ROTORCRAFT_FP -627 2616 -23476364 -10485 0 142000336 -12766 46 -1574 0 0 0 0 0 0
12.387 5 ROTORCRAFT_NAV_STATUS 1024 1024 0. 0. 3 0 2
12.420 5 ALIVE 53,218,81,70,62,199,115,110,109,98,53,234,26,129,160,165
12.421 5 DL_VALUE 33 0.
12.468 5 WP_MOVED_ENU 10 10160 10329 2560
12.510 5 GPS_INT 485068640 -31588297 411661011 404501978 -37259143 704388 654152 19 19 -39 673 83 383593750 179 7 3 1
12.526 5 INS 2598 -634 23462490 -220200 104857 -142042768 5 9 -404
12.589 5 ROTORCRAFT_FP -634 2598 -23459020 104857 -220200 142053664 -12766 47 -1574 0 0 0 0 0 0
12.670 5 IMU_MAG_RAW 0 0 0
12.788 5 GPS_INT 485068653 -31588301 411661013 404501972 -37259146 704499 654263 3 -3 -5 673 80 383594000 179 7 3 1
12.789 5 SVINFO 19 79 12 4 20 22 231
12.789 5 INS_REF 485069569 -31588109 411660456 404501063 -37258851 707753 657517 0.
12.789 5 LIDAR 4.07 168 1
12.790 5 INS 2580 -645 23445142 -31457 -15728 -142095568 -4 11 -403
12.836 5 ROTORCRAFT_FP -645 2580 -23441672 -15728 -31457 142105872 -12766 47 -1574 0 0 0 0 0 0
12.963 5 UART_ERRORS 0 7 38 1
12.973 5 LINK_REPORT 5 -1 13 0 11363 246 0 946. 21. 2 -1.6590043724e+12
13.007 5 GPS_INT 485068645 -31588306 411661009 404501974 -37259152 704416 654180 -13 -15 22 673 85 383594250 179 7 3 1
13.023 5 INS 2585 -657 23427792 125829 -83886 -142148176 -12 21 -422
13.087 5 ROTORCRAFT_FP -657 2585 -23424322 -83886 125829 142158976 -12766 47 -1575 0 0 0 0 0 0
13.182 5 STATE_FILTER_STATUS 6 3 0
13.230 5 ROVER_STATUS 2 0 3 4 0 1746 7.797707
13.256 5 GPS_INT 485068648 -31588313 411661019 404501978 -37259161 704508 654272 0 -7 20 674 86 383594500 179 7 3 1
13.257 5 SVINFO 21 81 12 7 33 56 28
13.272 5 INS 2600 -675 23410442 73400 -36700 -142201200 3 18 -398
13.336 5 ROTORCRAFT_FP -675 2600 -23406970 -36700 73400 142211920 -12766 47 -1576 0 0 0 0 0 0
13.506 5 GPS_INT 485068662 -31588316 411661027 404501976 -37259164 704669 654433 30 4 13 674 85 383594750 179 7 3 1
13.507 5 SVINFO 22 82 12 1 0 37 311
13.522 5 INS 2590 -680 23393086 -52428 26214 -142254992 20 8 -419
13.522 5 DL_VALUE 34 0.
13.586 5 ROTORCRAFT_FP -680 2590 -23389614 26214 -52428 142265600 -12766 47 -1577 0 0 0 0 0 0
13.665 5 IMU_MAG_RAW 0 0 0
13.755 5 GPS_INT 485068673 -31588317 411661029 404501970 -37259164 704762 654526 28 3 -2 674 92 383595000 179 7 3 1
13.756 5 WP_MOVED_ENU 11 10329 -10160 2560
13.790 5 LIDAR 4.09 168 1
13.790 5 INS 2577 -680 23375720 -104857 20971 -142308032 -12 11 -404
13.790 5 DATALINK_REPORT 1744 0 41614 976 0 0
13.834 5 ROTORCRAFT_FP -680 2577 -23372246 20971 -104857 142318144 -12766 47 -1577 0 0 0 0 0 0
13.962 5 ENERGY 0 7.806538 0.35 2.732288 0.420979 3.221828
13.975 5 LINK_REPORT 5 -1 14 0 12352 268 0 989. 22. 2 -1.6590043724e+12
13.977 5 ROTORCRAFT_NAV_STATUS 1024 1024 0. 0. 3 0 2
14.008 5 GPS_INT 485068683 -31588321 411661032 404501966 -37259167 704861 654624 8 -20 22 675 82 383595250 179 7 3 1
14.024 5 INS 2565 -691 23358342 52428 -104857 -142361136 10 23 -408
14.084 5 ROTORCRAFT_FP -691 2565 -23354864 -104857 52428 142371440 -12766 47 -1578 0 0 0 0 0 0
14.253 5 GPS_INT 485068703 -31588322 411661037 404501958 -37259168 705050 654814 34 13 -15 676 100 383595500 179 7 3 1
14.254 5 SVINFO 0 1 15 7 33 38 273
14.269 5 INS 2542 -688 23340952 -173014 78643 -142414768 21 -3 -385
14.413 5 ROVER_STATUS 2 0 3 4 0 1747 7.806538
14.503 5 GPS_INT 485068718 -31588319 411661038 404501950 -37259162 705165 654929 29 13 12 677 85 383595750 179 7 3 1
14.504 5 ALIVE 53,218,81,70,62,199,115,110,109,98,53,234,26,129,160,165
14.519 5 INS 2519 -678 23323554 -52428 73400 -142467552 -21 14 -432
14.614 5 DL_VALUE 35 0.
14.662 5 IMU_MAG_RAW 0 0 0
14.752 5 GPS_INT 485068730 -31588318 411661043 404501946 -37259160 705287 655051 24 -3 23 678 90 383596000 179 7 3 1
14.753 5 LIDAR 4.1 168 1
14.768 5 INS 2511 -675 23306156 5242 -10485 -142521088 45 -6 -452
14.975 5 LINK_REPORT 5 -1 15 0 13064 284 0 712. 16. 2 -1.6590043724e+12
15.002 5 GPS_INT 485068737 -31588317 411661045 404501944 -37259159 705350 655113 19 -3 20 679 90 383596250 179 7 3 1
15.003 5 SVINFO 3 10 15 7 31 32 47
15.018 5 INS 2503 -670 23288754 10485 -10485 -142574848 188 446 -675
15.049 5 WP_MOVED_ENU 12 -10160 -10329 2560
15.082 5 ROTORCRAFT_FP -670 2503 -23285274 -10485 10485 142583312 -12766 42 -1574 0 0 0 0 0 0
15.252 5 GPS_INT 485068737 -31588317 411661043 404501942 -37259158 705345 655108 15 2 23 680 87 383596500 179 7 3 1
15.252 5 SVINFO 4 14 15 4 25 13 321
15.267 5 INS 2498 -670 23271350 36700 10485 -142627008 304 -18 -615
15.329 5 ROTORCRAFT_FP -670 2498 -23267868 10485 36700 142637296 -12767 39 -1577 0 0 0 0 0 0
15.393 5 AUTOPILOT_VERSION 60200 v6.2_unstable-101-g8a957fd0a-dirty
15.499 5 GPS_INT 485068749 -31588320 411661049 404501940 -37259161 705478 655242 24 -11 18 681 96 383596750 179 7 3 1
15.591 5 ROTORCRAFT_FP -675 2490 -23250458 -52428 -15728 142690256 -12768 31 -1576 0 0 0 0 0 0
15.592 5 ROTORCRAFT_NAV_STATUS 1024 1024 0. 0. 3 0 2
15.622 5 ROVER_STATUS 2 0 3 4 0 1749 7.806538
15.654 5 IMU_MAG_RAW 0 0 0
15.718 5 DL_VALUE 36 0.
15.750 5 GPS_INT 485068754 -31588317 411661047 404501935 -37259157 705491 655254 13 28 6 683 79 383597000 179 7 3 1
15.750 5 SVINFO 6 21 15 4 19 64 304
15.751 5 LIDAR 4.11 168 1
15.976 5 LINK_REPORT 5 -1 16 0 13910 303 0 846. 19. 3 -1.6590043774e+12
15.998 5 GPS_INT 485068761 -31588315 411661046 404501931 -37259154 705542 655306 15 2 7 684 89 383597250 179 7 3 1
16.088 5 ROTORCRAFT_FP -663 2465 -23215618 10485 -26214 142798208 -12767 34 -1574 0 0 0 0 0 0
16.089 5 UART_ERRORS 0 0 1 2
16.089 5 UART_ERRORS 0 1 0 3
16.089 5 UART_ERRORS 0 0 0 4
16.247 5 GPS_INT 485068766 -31588315 411661046 404501928 -37259154 705586 655350 4 7 9 685 76 383597500 179 7 3 1
16.326 5 ROTORCRAFT_FP -660 2457 -23198174 36700 20971 142852384 -12765 39 -1571 0 0 0 0 0 0
16.358 5 WP_MOVED_ENU 13 -10329 10160 2560
16.374 5 STATE_FILTER_STATUS 6 3 0
16.454 5 ENERGY 0 7.806538 0.25 1.951634 0.421186 3.223438
16.496 5 GPS_INT 485068775 -31588318 411661052 404501927 -37259156 705688 655452 9 -1 18 686 92 383597750 179 7 3 1
16.512 5 INS 2452 -668 23184222 36700 -5242 -142894640 -83 212 -427
16.977 5 LINK_REPORT 5 -1 17 0 14448 315 0 538. 12. 3 -1.6590043774e+12
17.978 5 LINK_REPORT 5 -1 18 1 14448 315 0 0. 0. 3 -1.6590043774e+12
18.979 5 LINK_REPORT 5 -1 19 2 14448 315 0 0. 0. 3 -1.6590043774e+12
19.980 5 LINK_REPORT 5 -1 20 3 14448 315 0 0. 0. 3 -1.6590043774e+12
20.982 5 LINK_REPORT 5 -1 21 4 14448 315 0 0. 0. 4 -1.65900438241e+12
