7.815 5 GPS_INT 485067801 -31588046 411660648 404502228 -37258912 695538 645301 -8 7 6 714 85 383556250 179 7 3 1
7.830 5 DL_VALUE 49 38400.
7.894 5 ROTORCRAFT_FP -120 3312 -25987186 -26214 -20971 134076840 -12766 44 -1571 0 0 0 0 0 0
7.962 5 LINK_REPORT 5 -1 8 0 6423 142 0 912. 20. 1 -1.65900433471e+12
8.064 5 GPS_INT 485067810 -31588041 411660657 404502229 -37258905 695663 645427 8 -5 3 713 80 383556500 179 7 3 1
8.080 5 INS 3312 -120 25974102 -20971 -26214 -134119528 -5 8 -442
8.144 5 ROTORCRAFT_FP -107 3310 -25970826 -5242 15728 134130576 -12766 44 -1570 0 0 0 0 0 0
8.314 5 GPS_INT 485067822 -31588037 411660665 404502228 -37258900 695798 645561 2 -1 7 711 81 383556750 179 7 3 1
8.329 5 INS 3310 -107 25957722 15728 -5242 -134173648 5 -8 -385
8.394 5 ROTORCRAFT_NAV_STATUS 1024 1024 0. 0. 3 0 2
8.473 5 IMU_MAG_RAW 0 0 0
8.564 5 GPS_INT 485067829 -31588036 411660671 404502228 -37258898 695896 645659 -3 -12 -3 710 74 383557000 179 7 3 1
8.564 5 SVINFO 21 81 12 7 33 56 27
8.567 5 LIDAR 4.11 168 1
8.591 5 INS 3310 -104 25941332 -5242 -68157 -134226112 -10 20 -428
8.591 5 UART_ERRORS 0 0 0 4
8.639 5 ROTORCRAFT_FP -94 3310 -25938056 36700 0 134237232 -12766 44 -1570 0 0 0 0 0 0
8.812 5 GPS_INT 485067834 -31588033 411660676 404502228 -37258894 695963 645726 -2 8 -2 708 73 383557250 179 7 3 1
8.837 5 INS 3310 -94 25924936 0 36700 -134280016 22 -5 -399
8.838 5 ROVER_STATUS 2 0 3 4 0 1709 7.797707
8.869 5 WP_MOVED_ENU 10 10160 10329 2560
8.896 5 ROTORCRAFT_FP -89 3312 -25921656 -10485 -20971 134290016 -12767 44 -1569 0 0 0 0 0 0
8.927 5 DL_VALUE 0 0.
8.962 5 LINK_REPORT 5 -1 9 0 7293 161 0 870. 19. 1 -1.65900433471e+12
9.055 5 GPS_INT 485067839 -31588031 411660681 404502229 -37258891 696029 645793 -7 -1 -10 707 81 383557500 179 7 3 1
9.071 5 INS 3312 -89 25908538 -20971 -10485 -134332240 -12 4 -399
9.135 5 ROTORCRAFT_FP -81 3315 -25905258 20971 10485 134342672 -12767 44 -1567 0 0 0 0 0 0
9.262 5 ENERGY 0 7.797707 0.25 1.949427 0.417166 3.192086
9.313 5 GPS_INT 485067841 -31588028 411660684 404502230 -37258887 696066 645830 -3 5 0 706 76 383557750 179 7 3 1
9.326 5 INS 3315 -81 25892138 10485 20971 -134384752 -7 1 -390
9.389 5 ROTORCRAFT_FP -71 3317 -25888858 -20971 -10485 134395392 -12767 45 -1566 0 0 0 0 0 0
9.469 5 IMU_MAG_RAW 0 0 0
9.517 5 ALIVE 53,218,81,70,62,199,115,110,109,98,53,234,26,129,160,165
9.565 5 LIDAR 4.13 168 1
9.581 5 INS 3317 -71 25875738 -10485 -20971 -134438656 -27 21 -438
9.644 5 ROTORCRAFT_FP -58 3325 -25872456 -5242 26214 134449264 -12767 45 -1564 0 0 0 0 0 0
9.803 5 GPS_INT 485067842 -31588019 411660689 404502233 -37258876 696096 645860 -1 0 7 703 85 383558250 179 7 3 1
9.818 5 INS 3325 -58 25859330 26214 -5242 -134492416 -6 -4 -414
9.883 5 ROTORCRAFT_FP -51 3328 -25856048 -36700 -5242 134503168 -12766 45 -1563 0 0 0 0 0 0
9.946 5 INS_REF 485069569 -31588109 411660456 404501063 -37258851 707753 657517 0.
9.963 5 LINK_REPORT 5 -1 10 0 8136 177 0 843. 16. 1 -1.65900433471e+12
9.978 5 ROTORCRAFT_NAV_STATUS 1024 1024 0. 0. 3 0 2
10.026 5 ROVER_STATUS 2 0 3 4 0 1710 7.797707
10.026 5 DL_VALUE 1 5.
10.057 5 GPS_INT 485067842 -31588016 411660691 404502235 -37258873 696110 645873 2 -7 1 702 69 383558500 179 7 3 1
10.058 5 SVINFO 2 8 15 7 29 84 14
10.073 5 INS 3328 -51 25842914 -5242 -36700 -134545536 -1 -6 -428
10.137 5 ROTORCRAFT_FP -40 3330 -25839628 -26214 5242 134556384 -12767 45 -1560 0 0 0 0 0 0
10.169 5 WP_MOVED_ENU 11 10329 -10160 2560
10.307 5 GPS_INT 485067842 -31588012 411660691 404502235 -37258868 696108 645871 11 -5 11 700 77 383558750 179 7 3 1
10.308 5 SVINFO 3 10 15 6 26 32 47
10.323 5 INS 3330 -40 25826484 5242 -26214 -134598672 -33 7 -413
10.387 5 ROTORCRAFT_FP -30 3328 -25823194 -20971 26214 134609488 -12766 45 -1559 0 0 0 0 0 0
10.466 5 IMU_MAG_RAW 0 0 0
10.557 5 GPS_INT 485067844 -31588008 411660692 404502234 -37258864 696126 645889 8 -4 14 699 77 383559000 179 7 3 1
10.558 5 LIDAR 4.14 168 1
10.572 5 INS 3328 -30 25810042 26214 -20971 -134652128 -8 -24 -390
10.635 5 ROTORCRAFT_FP -20 3317 -25806752 -15728 -26214 134662528 -12766 45 -1558 0 0 0 0 0 0
10.779 5 STATE_FILTER_STATUS 6 3 0
10.808 5 GPS_INT 485067851 -31588005 411660693 404502232 -37258860 696188 645951 25 -4 15 698 79 383559250 179 7 3 1
10.824 5 INS 3317 -20 25793594 -26214 -15728 -134705376 7 -24 -442
10.886 5 ROTORCRAFT_FP -7 3312 -25790304 -20971 -5242 134715920 -12766 45 -1556 0 0 0 0 0 0
10.949 5 DATALINK_REPORT 1708 0 40865 947 0 0
10.963 5 LINK_REPORT 5 -1 11 0 9119 199 0 983. 22. 2 -1.65900433971e+12
11.056 5 GPS_INT 485067856 -31588000 411660694 404502229 -37258853 696227 645991 21 -5 17 697 79 383559500 179 7 3 1
11.057 5 SVINFO 6 21 15 4 15 64 304
11.071 5 INS 3312 -7 25777144 -5242 -20971 -134758544 24 -10 -429
11.136 5 ROTORCRAFT_FP 0 3299 -25773854 -94371 -89128 134769136 -12766 45 -1556 0 0 0 0 0 0
11.137 5 DL_VALUE 2 5.
11.215 5 ROVER_STATUS 2 0 3 4 0 1711 7.797707
11.309 5 GPS_INT 485067865 -31587998 411660695 404502225 -37258851 696307 646070 35 -20 9 696 79 383559750 179 7 3 1
11.325 5 INS 3299 0 25760694 -89128 -94371 -134812480 36 -4 -438
11.384 5 ROTORCRAFT_FP 10 3289 -25757404 -5242 -5242 134823296 -12766 45 -1560 0 0 0 0 0 0
11.464 5 WP_MOVED_ENU 12 -10160 -10329 2560
11.464 5 IMU_MAG_RAW 0 0 0
11.554 5 GPS_INT 485067870 -31587994 411660694 404502221 -37258845 696337 646101 30 -2 25 695 79 383560000 179 7 3 1
11.555 5 LIDAR 4.08 168 1
11.569 5 INS 3289 10 25744244 -5242 -5242 -134866304 7 1 -395
11.585 5 ROTORCRAFT_NAV_STATUS 1024 1024 0. 0. 3 0 2
11.618 5 ALIVE 53,218,81,70,62,199,115,110,109,98,53,234,26,129,160,165
11.634 5 ROTORCRAFT_FP 23 3284 -25740954 -68157 26214 134876864 -12766 45 -1559 0 0 0 0 0 0
11.665 5 UART_ERRORS 0 7 38 1
11.665 5 UART_ERRORS 0 0 1 2
11.761 5 ENERGY 0 7.797707 0.35 2.729197 0.417427 3.194128
11.803 5 GPS_INT 485067876 -31587989 411660696 404502220 -37258839 696392 646156 30 -14 34 694 77 383560250 179 7 3 1
11.804 5 SVINFO 9 27 15 7 29 49 117
11.819 5 INS 3284 23 25727782 26214 -68157 -134919504 15 -18 -409
11.882 5 ROTORCRAFT_FP 25 3281 -25724488 -73400 -10485 134930144 -12766 45 -1563 0 0 0 0 0 0
11.964 5 LINK_REPORT 5 -1 12 0 10165 223 0 1046. 24. 2 -1.65900433971e+12
12.052 5 GPS_INT 485067888 -31587989 411660704 404502217 -37258838 696532 646296 43 -16 35 693 78 383560500 179 7 3 1
12.068 5 INS 3281 25 25711310 -10485 -73400 -134973200 25 -4 -457
12.131 5 ROTORCRAFT_FP 28 3274 -25708014 -68157 15728 134983760 -12767 45 -1566 0 0 0 0 0 0
12.211 5 DL_VALUE 3 0.
12.302 5 GPS_INT 485067898 -31587989 411660709 404502215 -37258837 696638 646401 30 -14 31 692 77 383560750 179 7 3 1
12.317 5 INS 3274 28 25694826 15728 -68157 -135027552 43 2 -442
12.380 5 ROTORCRAFT_FP 33 3264 -25691528 -62914 -15728 135038352 -12767 45 -1569 0 0 0 0 0 0
12.412 5 ROVER_STATUS 2 0 3 4 0 1713 7.797707
12.460 5 IMU_MAG_RAW 0 0 0
12.550 5 GPS_INT 485067906 -31587987 411660711 404502212 -37258834 696715 646479 40 -14 32 691 78 383561000 179 7 3 1
12.551 5 LIDAR 4.08 168 1
12.566 5 INS 3264 33 25678328 -15728 -62914 -135082352 -13 9 -403
12.630 5 ROTORCRAFT_FP 43 3264 -25675028 -36700 41943 135092944 -12767 45 -1571 0 0 0 0 0 0
12.757 5 WP_MOVED_ENU 13 -10329 10160 2560
12.799 5 GPS_INT 485067912 -31587984 411660715 404502211 -37258830 696788 646551 20 -8 29 690 79 383561250 202 6 3 1
12.815 5 INS 3264 43 25661828 41943 -36700 -135134816 20 12 -413
12.879 5 ROTORCRAFT_FP 51 3251 -25658528 -5242 -52428 135145344 -12766 45 -1572 0 0 0 0 0 0
12.965 5 LINK_REPORT 5 -1 13 0 11037 240 0 872. 17. 2 -1.65900433971e+12
13.049 5 GPS_INT 485067921 -31587981 411660717 404502208 -37258826 696867 646631 27 -2 10 689 83 383561500 202 6 3 1
13.050 5 SVINFO 14 136 12 7 34 42 167
13.067 5 INS 3251 51 25645324 -52428 -5242 -135187616 4 9 -422
13.128 5 ROTORCRAFT_FP 69 3246 -25642024 20971 20971 135198176 -12766 45 -1573 0 0 0 0 0 0
13.175 5 ROTORCRAFT_NAV_STATUS 1024 1024 0. 0. 3 0 2
13.298 5 GPS_INT 485067928 -31587975 411660720 404502206 -37258818 696934 646697 14 4 17 688 81 383561750 202 6 3 1
13.323 5 INS 3246 69 25628822 20971 20971 -135241808 12 27 -427
13.324 5 DL_VALUE 4 1.
13.371 5 ROTORCRAFT_FP 76 3240 -25625522 -31457 0 135251872 -12766 45 -1572 0 0 0 0 0 0
13.451 5 IMU_MAG_RAW 0 0 0
13.546 5 GPS_INT 485067936 -31587972 411660724 404502204 -37258814 697019 646783 12 -6 11 687 79 383562000 202 6 3 1
13.547 5 LIDAR 4.1 168 1
13.562 5 INS 3240 76 25612320 0 -31457 -135294224 -18 -20 -399
13.626 5 ROTORCRAFT_FP 87 3235 -25609020 -5242 -5242 135304816 -12766 45 -1570 0 0 0 0 0 0
13.627 5 ROVER_STATUS 2 0 3 4 0 1714 7.797707
13.705 5 ALIVE 53,218,81,70,62,199,115,110,109,98,53,234,26,129,160,165
13.796 5 GPS_INT 485067946 -31587969 411660729 404502202 -37258810 697125 646889 10 -1 8 686 82 383562250 179 7 3 1
13.797 5 SVINFO 17 67 4 3 10 20 164
13.812 5 INS 3235 87 25595812 -5242 -5242 -135347168 -6 22 -419
13.966 5 LINK_REPORT 5 -1 14 0 11912 259 0 875. 19. 2 -1.65900433971e+12
13.972 5 STATE_FILTER_STATUS 6 3 0
14.036 5 GPS_INT 485067957 -31587967 411660735 404502199 -37258806 697250 647014 13 0 11 685 81 383562500 179 7 3 1
14.052 5 WP_MOVED_ENU 0 0 0 2560
14.068 5 INS 3228 92 25579280 -5242 0 -135400016 -9 2 -423
14.126 5 ROTORCRAFT_FP 99 3220 -25575976 -47185 -26214 135410496 -12767 45 -1567 0 0 0 0 0 0
14.253 5 ENERGY 0 7.797707 0.375 2.92414 0.417701 3.196262
14.296 5 GPS_INT 485067970 -31587965 411660741 404502197 -37258803 697383 647147 20 -10 12 684 78 383562750 179 7 3 1
14.296 5 SVINFO 19 79 12 4 22 22 231
14.311 5 INS 3220 99 25562748 -26214 -47185 -135452976 31 -5 -399
14.373 5 ROTORCRAFT_FP 110 3215 -25559438 -68157 26214 135463952 -12767 45 -1566 0 0 0 0 0 0
14.405 5 DL_VALUE 5 1.
14.453 5 IMU_MAG_RAW 0 0 0
14.543 5 GPS_INT 485067978 -31587962 411660745 404502194 -37258799 697467 647230 18 -14 23 683 77 383563000 179 7 3 1
14.544 5 LIDAR 4.11 168 1
14.559 5 INS 3215 110 25546198 26214 -68157 -135506224 8 5 -390
14.623 5 ROTORCRAFT_FP 120 3207 -25542888 -10485 -5242 135517008 -12767 45 -1569 0 0 0 0 0 0
14.750 5 UART_ERRORS 0 1 0 3
14.766 5 UART_ERRORS 0 0 0 4
14.767 5 ROTORCRAFT_NAV_STATUS 1024 1024 0. 0. 3 0 2
14.813 5 GPS_INT 485067989 -31587959 411660751 404502192 -37258795 697589 647352 25 -3 21 683 83 383563250 179 7 3 1
14.813 5 SVINFO 21 81 12 7 32 56 27
14.814 5 INS 3207 120 25529650 -5242 -10485 -135559888 6 1 -419
14.814 5 ROVER_STATUS 2 0 3 4 0 1715 7.797707
14.872 5 ROTORCRAFT_FP 130 3200 -25526340 -5242 36700 135570848 -12767 45 -1567 0 0 0 0 0 0
14.888 5 AUTOPILOT_VERSION 60200 v6.2_unstable-101-g8a957fd0a-dirty
14.967 5 LINK_REPORT 5 -1 15 0 12997 284 0 1085. 25. 2 -1.65900433971e+12
15.016 5 INS_REF 485069569 -31588109 411660456 404501063 -37258851 707753 657517 0.
15.042 5 GPS_INT 485067997 -31587955 411660754 404502189 -37258790 697669 647433 11 -1 19 682 82 383563500 179 7 3 1
15.043 5 SVINFO 22 82 12 3 20 37 311
15.058 5 INS 3200 130 25513098 36700 -5242 -135613840 -14 5 -433
15.121 5 ROTORCRAFT_FP 145 3189 -25509786 47185 10485 135624496 -12767 45 -1565 0 0 0 0 0 0
15.292 5 GPS_INT 485068006 -31587950 411660756 404502185 -37258783 697747 647511 8 9 10 681 80 383563750 179 7 3 1
15.307 5 INS 3189 145 25496546 10485 47185 -135666880 4 -3 -409
15.355 5 WP_MOVED_ENU 1 0 0 2560
15.371 5 ROTORCRAFT_FP 151 3169 -25493236 -15728 -57671 135677792 -12767 45 -1567 0 0 0 0 0 0
15.450 5 IMU_MAG_RAW 0 0 0
15.498 5 DL_VALUE 6 4.
15.531 5 GPS_INT 485068017 -31587948 411660754 404502178 -37258779 697815 647579 14 -3 -2 680 86 383564000 179 7 3 1
15.547 5 LIDAR 4.09 168 7
15.562 5 INS 3169 151 25479992 -57671 -15728 -135720720 -1 9 -395
15.620 5 ROTORCRAFT_FP 156 3148 -25476682 -15728 -15728 135731424 -12767 45 -1569 0 0 0 0 0 0
15.806 5 GPS_INT 485068028 -31587947 411660753 404502171 -37258778 697889 647653 7 -3 3 679 83 383564250 202 6 3 1
15.807 5 SVINFO 0 1 15 7 34 38 273
15.808 5 ALIVE 53,218,81,70,62,199,115,110,109,98,53,234,26,129,160,165
15.808 5 INS 3148 156 25463426 -15728 -15728 -135773712 -18 -7 -371
15.869 5 ROTORCRAFT_FP 158 3130 -25460112 15728 -26214 135784128 -12767 45 -1567 0 0 0 0 0 0
15.967 5 LINK_REPORT 5 -1 16 0 13962 304 0 965. 20. 3 -1.65900434471e+12
16.011 5 ROVER_STATUS 2 0 3 4 0 1716 7.797707
16.038 5 GPS_INT 485068039 -31587947 411660753 404502164 -37258777 697976 647739 3 3 -3 679 82 383564500 202 6 3 1
16.039 5 DATALINK_REPORT 1713 0 40974 988 0 0
16.053 5 INS 3130 158 25446848 -26214 15728 -135826944 -16 -13 -410
16.117 5 ROTORCRAFT_FP 163 3112 -25443532 47185 -10485 135837072 -12767 45 -1565 0 0 0 0 0 0
16.287 5 GPS_INT 485068046 -31587945 411660750 404502159 -37258774 698015 647779 -5 10 -7 678 72 383564750 202 6 3 1
16.288 5 SVINFO 2 8 15 7 28 84 15
16.303 5 INS 3112 163 25430260 -10485 47185 -135879520 0 -2 -395
16.367 5 ROTORCRAFT_FP 171 3097 -25426940 20971 -41943 135890464 -12767 45 -1564 0 0 0 0 0 0
16.368 5 ROTORCRAFT_NAV_STATUS 1024 1024 0. 0. 3 0 2
16.447 5 IMU_MAG_RAW 0 0 0
16.541 5 GPS_INT 485068054 -31587943 411660748 404502153 -37258772 698057 647821 -8 5 -17 678 82 383565000 202 6 3 1
16.542 5 SVINFO 3 10 15 6 29 32 47
16.542 5 LIDAR 4.12 168 1
16.556 5 INS 3097 171 25413660 -41943 20971 -135932720 -3 -6 -399
16.619 5 ROTORCRAFT_FP 171 3084 -25410340 26214 -5242 135943808 -12767 46 -1562 0 0 0 0 0 0
16.620 5 DL_VALUE 7 1.
16.648 5 WP_MOVED_ENU 2 7 -1024 2560
16.744 5 ENERGY 0 7.797707 0.575 4.483681 0.417964 3.198309
16.786 5 GPS_INT 485068061 -31587943 411660748 404502148 -37258771 698108 647872 -17 7 -16 677 83 383565250 202 6 3 1
16.787 5 SVINFO 4 14 15 7 29 12 321
16.802 5 INS 3084 171 25397060 -5242 26214 -135985808 -29 21 -398
16.865 5 ROTORCRAFT_FP 174 3066 -25393740 26214 -57671 135996704 -12767 46 -1561 0 0 0 0 0 0
16.968 5 LINK_REPORT 5 -1 17 0 14983 327 0 1021. 23. 3 -1.65900434471e+12
17.038 5 GPS_INT 485068070 -31587943 411660747 404502143 -37258770 698172 647936 -10 6 -23 677 82 383565500 202 6 3 1
17.053 5 INS 3066 174 25380458 -57671 26214 -136039520 -15 21 -422
17.115 5 ROTORCRAFT_FP 176 3059 -25377136 26214 26214 136050000 -12767 46 -1564 0 0 0 0 0 0
17.163 5 STATE_FILTER_STATUS 6 3 0
17.194 5 ROVER_STATUS 2 0 3 4 0 1717 7.797707
17.284 5 GPS_INT 485068077 -31587942 411660748 404502139 -37258768 698231 647994 -17 7 -8 677 84 383565750 202 6 3 1
17.285 5 SVINFO 6 21 15 4 10 64 304
17.300 5 INS 3059 176 25363854 26214 26214 -136092928 15 30 -413
17.443 5 IMU_MAG_RAW 0 0 0
17.534 5 GPS_INT 485068084 -31587940 411660747 404502135 -37258765 698279 648043 -16 15 -27 677 81 383566000 202 6 3 1
17.534 5 LIDAR 4.14 168 1
17.549 5 INS 3043 184 25347248 -52428 68157 -136145680 18 -3 -404
17.693 5 DL_VALUE 8 4.
17.783 5 GPS_INT 485068090 -31587937 411660744 404502129 -37258762 698302 648066 -26 9 -29 677 84 383566250 202 6 3 1
17.799 5 INS 3028 192 25330630 -26214 36700 -136199456 -6 1 -409
17.847 5 UART_ERRORS 0 7 38 1
17.895 5 ALIVE 53,218,81,70,62,199,115,110,109,98,53,234,26,129,160,165
17.942 5 WP_MOVED_ENU 3 -762 -775 2560
17.959 5 ROTORCRAFT_NAV_STATUS 1024 1024 0. 0. 3 0 2
17.968 5 LINK_REPORT 5 -1 18 0 15758 346 0 775. 19. 3 -1.65900434471e+12
18.033 5 GPS_INT 485068097 -31587937 411660744 404502125 -37258761 698355 648119 -30 11 -35 677 84 383566500 202 6 3 1
18.034 5 SVINFO 9 27 15 4 27 49 117
18.049 5 INS 3018 192 25313998 -36700 47185 -136252384 12 -18 -380
18.272 5 GPS_INT 485068100 -31587935 411660740 404502121 -37258758 698352 648115 -35 17 -37 677 83 383566750 202 6 3 1
18.288 5 INS 3005 199 25297356 -26214 73400 -136305568 -6 18 -418
18.400 5 ROVER_STATUS 2 0 3 4 0 1719 7.797707
18.432 5 IMU_MAG_RAW 0 0 0
18.528 5 GPS_INT 485068108 -31587933 411660740 404502116 -37258755 698407 648171 -25 15 -36 677 82 383567000 202 6 3 1
18.528 5 LIDAR 4.12 168 1
18.543 5 INS 2992 204 25280708 -57671 68157 -136358224 -11 4 -428
18.779 5 GPS_INT 485068115 -31587932 411660738 404502110 -37258753 698450 648213 -29 15 -33 677 83 383567250 202 6 3 1
18.795 5 INS 2977 209 25264058 -31457 68157 -136410944 1 -5 -438
18.795 5 DL_VALUE 9 0.
18.969 5 LINK_REPORT 5 -1 19 0 16341 359 0 583. 13. 3 -1.65900434471e+12
19.029 5 GPS_INT 485068124 -31587931 411660738 404502106 -37258752 698522 648285 -22 6 -20 677 84 383567500 202 6 3 1
19.044 5 INS 2961 212 25247406 -5242 20971 -136463104 18 9 -390
19.236 5 ENERGY 0 7.797707 0.4 3.119083 0.418269 3.200686
19.236 5 WP_MOVED_ENU 4 -504 -1029 2560
19.268 5 GPS_INT 485068133 -31587932 411660738 404502100 -37258752 698587 648350 -21 12 -31 677 82 383567750 202 6 3 1
19.300 5 INS 2946 212 25230752 -52428 52428 -136516400 2 11 -423
19.361 5 ROTORCRAFT_FP 207 2926 -25227422 20971 10485 136526960 -12766 46 -1574 0 0 0 0 0 0
19.440 5 IMU_MAG_RAW 0 0 0
19.531 5 GPS_INT 485068143 -31587934 411660736 404502093 -37258753 698649 648413 -31 7 -23 677 85 383568000 202 6 3 1
19.531 5 SVINFO 15 65 12 4 26 25 36
19.532 5 LIDAR 4.12 168 1
19.562 5 INS 2926 207 25214094 10485 20971 -136568864 2 9 -371
19.562 5 ROTORCRAFT_NAV_STATUS 1024 1024 0. 0. 3 0 2
19.607 5 ROTORCRAFT_FP 209 2910 -25210760 26214 10485 136579584 -12766 46 -1572 0 0 0 0 0 0
19.607 5 ROVER_STATUS 2 0 3 4 0 1720 7.797707
19.776 5 GPS_INT 485068146 -31587934 411660731 404502088 -37258753 698642 648406 -31 8 -24 677 85 383568250 202 6 3 1
19.792 5 INS 2910 209 25197416 10485 26214 -136622976 4 -12 -428
19.855 5 ROTORCRAFT_FP 207 2900 -25194080 41943 5242 136633568 -12766 46 -1571 0 0 0 0 0 0
19.887 5 DL_VALUE 10 6.
19.970 5 LINK_REPORT 5 -1 20 0 17225 378 0 884. 19. 3 -1.65900434471e+12
19.983 5 ALIVE 53,218,81,70,62,199,115,110,109,98,53,234,26,129,160,165
