5.308 5 GPS_INT 485067654 -31588552 411662849 404503803 -37259519 708949 658713 -36 13 -27 1109 99 383401250 227 7 3 1
5.324 5 INS 7736 -1469 34923432 89128 15728 -101344256 -3 -13 -390
5.387 5 ROTORCRAFT_FP -1469 7736 -34920952 15728 89128 101354472 -12765 46 -1570 0 0 0 0 0 0
5.467 5 IMU_MAG_RAW 0 0 0
5.557 5 GPS_INT 485067680 -31588561 411662846 404503785 -37259526 709134 658898 -55 7 -24 1105 102 383401500 227 7 3 1
5.558 5 LIDAR 4.15 168 1
5.573 5 INS 7692 -1482 34911032 83886 52428 -101396760 13 -1 -428
5.637 5 ROTORCRAFT_FP -1482 7692 -34908552 52428 83886 101407752 -12765 46 -1570 0 0 0 0 0 0
5.716 5 DL_VALUE 8 4.
5.806 5 GPS_INT 485067700 -31588567 411662841 404503770 -37259532 709256 659020 -58 14 -28 1100 101 383401750 227 7 3 1
5.833 5 INS 7646 -1495 34898632 104857 57671 -101448672 17 7 -390
5.833 5 ROVER_STATUS 2 0 3 4 0 1553 7.806538
5.864 5 WP_MOVED_ENU 2 7 -1024 2560
5.891 5 ROTORCRAFT_FP -1495 7646 -34896152 57671 104857 101459048 -12765 46 -1570 0 0 0 0 0 0
5.940 5 LINK_REPORT 5 -1 6 0 4684 101 0 947. 19. 1 -1.6590041822e+12
6.051 5 GPS_INT 485067728 -31588574 411662841 404503753 -37259539 709472 659236 -56 15 -22 1096 102 383402000 227 7 3 1
6.066 5 INS 7646 -1495 34886232 104857 57671 -101499920 6 17 -375
6.130 5 ROTORCRAFT_FP -1510 7600 -34883752 20971 89128 101510488 -12765 46 -1570 0 0 0 0 0 0
6.162 5 DATALINK_REPORT 1550 0 37521 954 0 0
6.177 5 ROTORCRAFT_NAV_STATUS 1024 1024 0. 0. 3 0 2
6.304 5 GPS_INT 485067759 -31588582 411662845 404503737 -37259546 709740 659504 -38 7 -10 1093 104 383402250 227 7 3 1
6.320 5 INS 7575 -1523 34873832 83886 -5242 -101552968 13 25 -413
6.384 5 ROTORCRAFT_FP -1523 7575 -34871352 -5242 83886 101563328 -12765 46 -1570 0 0 0 0 0 0
6.463 5 IMU_MAG_RAW 0 0 0
6.553 5 GPS_INT 485067765 -31588587 411662837 404503728 -37259550 709730 659493 -60 3 -29 1089 102 383402500 227 7 3 1
6.554 5 SVINFO 0 1 15 7 34 37 272
6.554 5 LIDAR 4.09 168 1
6.581 5 INS 7575 -1523 34861432 83886 -5242 -101605128 -6 16 -370
6.582 5 UART_ERRORS 0 0 1 2
6.582 5 UART_ERRORS 0 1 0 3
6.582 5 UART_ERRORS 0 0 0 4
6.630 5 ROTORCRAFT_FP -1530 7544 -34858952 78643 94371 101615696 -12765 46 -1570 0 0 0 0 0 0
6.802 5 GPS_INT 485067781 -31588591 411662835 404503717 -37259554 709847 659611 -57 19 -25 1086 100 383402750 227 7 3 1
6.803 5 SVINFO 1 3 15 7 28 13 208
6.831 5 INS 7544 -1530 34849032 94371 78643 -101656968 -20 -4 -433
6.831 5 DL_VALUE 9 0.
6.879 5 ROTORCRAFT_FP -1528 7513 -34846552 68157 94371 101667680 -12765 46 -1570 0 0 0 0 0 0
6.940 5 LINK_REPORT 5 -1 7 0 5660 123 0 976. 22. 1 -1.6590041822e+12
6.974 5 STATE_FILTER_STATUS 6 3 0
7.022 5 ROVER_STATUS 2 0 3 4 0 1554 7.806538
7.055 5 GPS_INT 485067786 -31588591 411662823 404503706 -37259554 709800 659564 -67 18 -34 1082 100 383403000 227 7 3 1
7.056 5 SVINFO 2 8 15 6 23 84 5
7.071 5 INS 7513 -1528 34836632 94371 68157 -101709888 7 22 -398
7.103 5 ALIVE 53,218,81,70,62,199,115,110,109,98,53,234,26,129,160,165
7.135 5 ROTORCRAFT_FP -1536 7472 -34834152 5242 99614 101720176 -12765 46 -1570 0 0 0 0 0 0
7.150 5 WP_MOVED_ENU 3 -762 -775 2560
7.262 5 ENERGY 0 7.806538 0.3 2.341961 0.401866 3.072688
7.304 5 GPS_INT 485067801 -31588595 411662815 404503692 -37259557 709865 659629 -69 6 -33 1079 101 383403250 227 7 3 1
7.305 5 SVINFO 3 10 15 4 25 33 47
7.320 5 INS 7472 -1536 34824232 99614 5242 -101761816 19 -5 -380
7.380 5 ROTORCRAFT_FP -1551 7429 -34821752 0 115343 101771784 -12765 46 -1571 0 0 0 0 0 0
7.460 5 IMU_MAG_RAW 0 0 0
7.539 5 SVINFO 4 14 4 4 23 12 321
7.555 5 LIDAR 4.09 168 1
7.572 5 INS 7429 -1551 34811832 115343 0 -101813136 -12 1 -361
7.630 5 ROTORCRAFT_FP -1559 7395 -34809352 31457 110100 101823640 -12765 46 -1571 0 0 0 0 0 0
7.773 5 ROTORCRAFT_NAV_STATUS 1024 1024 0. 0. 3 0 2
7.819 5 GPS_INT 485067842 -31588606 411662812 404503665 -37259567 710164 659928 -58 10 -21 1073 101 383403750 227 7 3 1
7.820 5 SVINFO 5 16 13 4 11 13 172
7.821 5 INS 7395 -1559 34799432 110100 31457 -101865144 9 12 -447
7.915 5 DL_VALUE 10 6.
7.940 5 LINK_REPORT 5 -1 8 0 6584 146 0 924. 23. 1 -1.6590041822e+12
8.053 5 GPS_INT 485067862 -31588609 411662810 404503652 -37259570 710307 660071 -48 11 -13 1071 101 383404000 227 7 3 1
8.054 5 SVINFO 6 21 15 4 19 63 301
8.069 5 INS 7360 -1561 34787024 110100 36700 -101916392 14 -2 -404
8.129 5 ROTORCRAFT_FP -1561 7308 -34784544 26214 73400 101926184 -12765 46 -1571 0 0 0 0 0 0
8.207 5 ROVER_STATUS 2 0 3 4 0 1555 7.806538
8.297 5 GPS_INT 485067872 -31588609 411662793 404503635 -37259568 710275 660039 -41 8 -16 1068 100 383404250 227 7 3 1
8.298 5 SVINFO 7 22 4 4 17 14 120
8.313 5 INS 7308 -1561 34774616 73400 26214 -101968872 22 5 -399
8.377 5 ROTORCRAFT_FP -1553 7270 -34772128 26214 94371 101978816 -12765 46 -1571 0 0 0 0 0 0
8.457 5 WP_MOVED_ENU 4 -504 -1029 2560
8.457 5 IMU_MAG_RAW 0 0 0
8.547 5 GPS_INT 485067881 -31588607 411662780 404503621 -37259565 710258 660022 -33 8 -4 1066 101 383404500 237 6 3 1
8.548 5 LIDAR 4.11 168 1
8.563 5 INS 7270 -1553 34762164 94371 26214 -102020952 25 12 -462
8.627 5 ROTORCRAFT_FP -1546 7229 -34759664 36700 104857 102031456 -12764 46 -1571 0 0 0 0 0 0
8.796 5 GPS_INT 485067894 -31588605 411662770 404503607 -37259562 710289 660052 -36 10 -4 1063 100 383404750 237 6 3 1
8.797 5 SVINFO 9 27 15 7 32 50 116
8.875 5 ROTORCRAFT_FP -1546 7180 -34747180 15728 57671 102083632 -12765 46 -1571 0 0 0 0 0 0
8.941 5 LINK_REPORT 5 -1 9 0 7452 164 0 868. 18. 1 -1.6590041822e+12
9.002 5 DL_VALUE 11 0.
9.047 5 GPS_INT 485067916 -31588606 411662764 404503590 -37259562 710420 660183 -27 5 -8 1060 100 383405000 237 6 3 1
9.061 5 INS 7180 -1546 34737180 57671 15728 -102125496 19 -5 -376
9.125 5 ROTORCRAFT_FP -1541 7137 -34734680 62914 62914 102135976 -12765 46 -1571 0 0 0 0 0 0
9.204 5 ALIVE 53,218,81,70,62,199,115,110,109,98,53,234,26,129,160,165
9.294 5 GPS_INT 485067929 -31588605 411662752 404503574 -37259559 710434 660198 -40 15 -18 1057 97 383405250 237 6 3 1
9.310 5 INS 7137 -1541 34724680 62914 62914 -102177920 39 -6 -423
9.374 5 ROTORCRAFT_FP -1536 7086 -34722180 41943 -5242 102187920 -12765 46 -1570 0 0 0 0 0 0
9.375 5 ROTORCRAFT_NAV_STATUS 1024 1024 0. 0. 3 0 2
9.406 5 ROVER_STATUS 2 0 3 4 0 1557 7.806538
9.454 5 IMU_MAG_RAW 0 0 0
9.544 5 GPS_INT 485067947 -31588604 411662741 404503555 -37259557 710501 660264 -32 11 -28 1055 96 383405500 237 6 3 1
9.545 5 LIDAR 4.11 168 1
9.560 5 INS 7086 -1536 34712180 -5242 41943 -102229464 13 -2 -423
9.624 5 ROTORCRAFT_FP -1536 7029 -34709680 -20971 41943 102239720 -12765 46 -1566 0 0 0 0 0 0
9.751 5 ENERGY 0 7.806538 0.35 2.732288 0.402114 3.074628
9.752 5 WP_MOVED_ENU 5 519 -1021 2560
9.793 5 GPS_INT 485067961 -31588605 411662725 404503537 -37259557 710506 660269 -49 0 -30 1052 98 383405750 237 6 3 1
9.809 5 INS 7029 -1536 34699680 41943 -20971 -102281440 -3 0 -438
9.872 5 ROTORCRAFT_FP -1536 6991 -34697180 -41943 47185 102291656 -12764 46 -1563 0 0 0 0 0 0
9.942 5 LINK_REPORT 5 -1 10 0 8416 184 0 964. 20. 1 -1.6590041822e+12
10.042 5 GPS_INT 485067962 -31588605 411662706 404503523 -37259556 710393 660156 -49 -4 -29 1049 97 383406000 237 6 3 1
10.043 5 SVINFO 14 136 12 7 33 42 167
10.058 5 INS 6991 -1536 34687180 47185 -41943 -102334024 -2 -1 -395
10.122 5 ROTORCRAFT_FP -1530 6950 -34684680 0 31457 102344320 -12765 46 -1564 0 0 0 0 0 0
10.122 5 DL_VALUE 12 0.
10.169 5 STATE_FILTER_STATUS 6 3 0
10.217 5 INS_REF 485069569 -31588109 411660456 404501063 -37258851 707753 657517 0.
10.295 5 GPS_INT 485067962 -31588603 411662685 404503509 -37259555 710247 660011 -59 4 -42 1046 96 383406250 237 6 3 1
10.295 5 SVINFO 15 65 12 4 25 25 37
10.310 5 INS 6950 -1530 34674680 31457 0 -102385064 19 28 -427
10.370 5 ROTORCRAFT_FP -1525 6906 -34672180 52428 31457 102395592 -12765 46 -1562 0 0 0 0 0 0
10.463 5 I2C_ERRORS 0 0 1566 0 0 0 0 0 0 0 0 1
10.463 5 IMU_MAG_RAW 0 0 0
10.527 5 SVINFO 16 66 12 4 15 48 109
10.543 5 LIDAR 4.11 168 1
10.559 5 INS 6906 -1525 34662180 31457 52428 -102437256 -3 0 -438
10.620 5 ROTORCRAFT_FP -1515 6868 -34659680 -20971 78643 102447496 -12765 46 -1564 0 0 0 0 0 0
10.621 5 ROVER_STATUS 2 0 3 4 0 1558 7.806538
10.794 5 GPS_INT 485067984 -31588599 411662661 404503480 -37259549 710257 660020 -36 -1 -10 1042 100 383406750 227 7 3 1
10.810 5 INS 6868 -1515 34649680 78643 -20971 -102489488 0 30 -384
10.869 5 ROTORCRAFT_FP -1510 6832 -34647180 5242 -15728 102499648 -12765 46 -1565 0 0 0 0 0 0
10.943 5 LINK_REPORT 5 -1 11 0 9355 205 0 939. 21. 2 -1.6590041872e+12
10.965 5 ROTORCRAFT_NAV_STATUS 1024 1024 0. 0. 3 0 2
11.060 5 GPS_INT 485067978 -31588596 411662638 404503467 -37259544 710061 659825 -43 4 -40 1039 95 383407000 237 6 3 1
11.061 5 WP_MOVED_ENU 6 760 1031 2560
11.061 5 INS 6832 -1510 34637180 -15728 5242 -102541624 32 28 -370
11.123 5 ROTORCRAFT_FP -1505 6786 -34634680 26214 73400 102552176 -12764 46 -1562 0 0 0 0 0 0
11.203 5 DL_VALUE 13 0.
11.235 5 DATALINK_REPORT 1555 0 37632 982 0 0
11.293 5 GPS_INT 485067997 -31588595 411662630 404503451 -37259542 710158 659922 -36 8 -12 1037 98 383407250 237 6 3 1
11.293 5 SVINFO 19 79 12 4 13 23 232
11.294 5 ALIVE 53,218,81,70,62,199,115,110,109,98,53,234,26,129,160,165
11.308 5 INS 6786 -1505 34624680 73400 26214 -102593128 18 8 -419
11.368 5 ROTORCRAFT_FP -1497 6740 -34622180 20971 20971 102603136 -12764 46 -1563 0 0 0 0 0 0
11.447 5 IMU_MAG_RAW 0 0 0
11.537 5 GPS_INT 485068005 -31588593 411662613 404503435 -37259539 710106 659870 -40 7 -29 1034 95 383407500 237 6 3 1
11.538 5 LIDAR 4.13 168 1
11.553 5 INS 6740 -1497 34612180 20971 20971 -102645840 24 11 -404
11.617 5 ROTORCRAFT_FP -1492 6699 -34609676 -15728 104857 102656136 -12764 46 -1560 0 0 0 0 0 0
11.787 5 GPS_INT 485068015 -31588592 411662600 404503420 -37259537 710094 659858 -46 0 -12 1032 99 383407750 237 6 3 1
11.812 5 INS 6699 -1492 34599672 104857 -15728 -102698032 0 4 -376
11.813 5 ROVER_STATUS 2 0 3 4 0 1559 7.806538
11.860 5 ROTORCRAFT_FP -1492 6650 -34597172 5242 36700 102708432 -12764 46 -1562 0 0 0 0 0 0
11.944 5 LINK_REPORT 5 -1 12 0 10330 226 0 975. 21. 2 -1.6590041872e+12
12.035 5 GPS_INT 485068028 -31588592 411662586 404503403 -37259536 710103 659867 -33 4 -19 1029 95 383408000 237 6 3 1
12.036 5 SVINFO 22 82 12 7 27 36 309
12.065 5 INS 6650 -1492 34587164 36700 5242 -102750832 6 33 -394
12.115 5 ROTORCRAFT_FP -1482 6607 -34584664 15728 36700 102761752 -12765 46 -1559 0 0 0 0 0 0
12.242 5 ENERGY 0 7.806538 0.35 2.732288 0.402381 3.07671
12.306 5 INS 6607 -1482 34574640 36700 15728 -102804824 11 19 -408
12.307 5 DL_VALUE 14 0.
12.338 5 WP_MOVED_ENU 7 775 -1018 2560
12.368 5 ROTORCRAFT_FP -1479 6551 -34572128 20971 62914 102815192 -12765 46 -1556 0 0 0 0 0 0
12.432 5 IMU_MAG_RAW 0 0 0
12.464 5 AUTOPILOT_VERSION 60200 v6.2_unstable-101-g8a957fd0a-dirty
12.528 5 GPS_INT 485068058 -31588589 411662560 404503367 -37259530 710160 659924 -24 6 -4 1024 98 383408500 237 6 3 1
12.544 5 LIDAR 4.12 168 1
12.560 5 INS 6551 -1479 34562064 62914 20971 -102857024 3 -24 -405
12.560 5 ROTORCRAFT_NAV_STATUS 1024 1024 0. 0. 3 0 2
12.610 5 ROTORCRAFT_FP -1472 6492 -34559544 52428 52428 102867328 -12765 47 -1559 0 0 0 0 0 0
12.766 5 UART_ERRORS 0 7 38 1
12.766 5 UART_ERRORS 0 0 1 2
12.766 5 UART_ERRORS 0 1 0 3
12.767 5 UART_ERRORS 0 0 0 4
12.782 5 GPS_INT 485068083 -31588588 411662552 404503348 -37259528 710303 660067 -19 12 -3 1021 92 383408750 237 6 3 1
12.798 5 INS 6492 -1472 34549472 52428 52428 -102908392 12 -3 -385
12.862 5 ROTORCRAFT_FP -1472 6446 -34546952 -52428 104857 102918760 -12765 47 -1561 0 0 0 0 0 0
12.944 5 LINK_REPORT 5 -1 13 0 11323 249 0 993. 23. 2 -1.6590041872e+12
13.005 5 ROVER_STATUS 2 0 3 4 0 1560 7.806538
13.032 5 GPS_INT 485068107 -31588590 411662548 404503330 -37259528 710457 660221 -21 -8 10 1019 107 383409000 237 6 3 1
13.048 5 INS 6446 -1472 34536872 104857 -52428 -102960288 -3 -1 -409
13.112 5 ROTORCRAFT_FP -1472 6392 -34534356 20971 57671 102970352 -12765 46 -1563 0 0 0 0 0 0
13.281 5 GPS_INT 485068126 -31588591 411662537 404503312 -37259528 710530 660293 -19 6 -2 1017 100 383409250 237 6 3 1
13.297 5 INS 6392 -1472 34524276 57671 20971 -103011808 9 14 -389
13.361 5 ROTORCRAFT_FP -1464 6338 -34521756 5242 15728 103021896 -12765 46 -1564 0 0 0 0 0 0
13.362 5 STATE_FILTER_STATUS 6 3 0
13.393 5 ALIVE 53,218,81,70,62,199,115,110,109,98,53,234,26,129,160,165
13.394 5 DL_VALUE 15 0.
13.440 5 IMU_MAG_RAW 0 0 0
13.532 5 GPS_INT 485068139 -31588589 411662521 404503294 -37259524 710523 660287 -27 3 -19 1014 96 383409500 237 6 3 1
13.532 5 SVINFO 3 10 15 6 26 33 47
13.533 5 LIDAR 4.12 168 1
13.548 5 INS 6338 -1464 34511676 15728 5242 -103063912 7 1 -452
13.611 5 ROTORCRAFT_FP -1459 6287 -34509156 -10485 83886 103074104 -12765 47 -1562 0 0 0 0 0 0
13.642 5 WP_MOVED_ENU 8 -760 -1031 2560
13.780 5 GPS_INT 485068155 -31588588 411662508 404503276 -37259522 710557 660321 -39 1 -12 1011 100 383409750 237 6 3 1
13.781 5 SVINFO 4 14 4 4 18 12 321
13.796 5 INS 6287 -1459 34499076 83886 -10485 -103115920 9 20 -432
13.859 5 ROTORCRAFT_FP -1454 6231 -34496556 -5242 47185 103126136 -12765 47 -1563 0 0 0 0 0 0
13.945 5 LINK_REPORT 5 -1 14 0 12284 270 0 961. 21. 2 -1.6590041872e+12
14.030 5 GPS_INT 485068181 -31588587 411662501 404503256 -37259519 710719 660482 -21 1 -6 1010 100 383410000 237 6 3 1
14.031 5 SVINFO 5 16 12 3 7 13 172
14.045 5 INS 6231 -1454 34486476 47185 -5242 -103167568 -1 9 -414
14.110 5 ROTORCRAFT_FP -1448 6190 -34483956 -10485 89128 103177640 -12765 47 -1560 0 0 0 0 0 0
14.157 5 ROTORCRAFT_NAV_STATUS 1024 1024 0. 0. 3 0 2
14.189 5 ROVER_STATUS 2 0 3 4 0 1561 7.806538
14.279 5 GPS_INT 485068189 -31588586 411662487 404503241 -37259517 710687 660451 -40 1 -11 1008 100 383410250 237 6 3 1
14.280 5 SVINFO 6 21 15 4 22 64 302
14.295 5 INS 6190 -1448 34473876 89128 -10485 -103218536 15 7 -414
14.358 5 ROTORCRAFT_FP -1446 6144 -34471356 15728 5242 103229216 -12765 47 -1562 0 0 0 0 0 0
14.438 5 IMU_MAG_RAW 0 0 0
14.485 5 DL_VALUE 16 0.
14.528 5 GPS_INT 485068198 -31588585 411662471 404503226 -37259515 710646 660409 -33 6 -26 1006 95 383410500 237 6 3 1
14.529 5 LIDAR 4.11 168 5
14.544 5 INS 6144 -1446 34461276 5242 15728 -103271008 -5 24 -389
14.608 5 ROTORCRAFT_FP -1433 6100 -34458756 47185 -15728 103281256 -12765 47 -1559 0 0 0 0 0 0
14.735 5 ENERGY 0 7.806538 0.35 2.732288 0.40266 3.078885
14.777 5 GPS_INT 485068209 -31588581 411662457 404503209 -37259510 710638 660402 -26 11 -26 1004 92 383410750 237 6 3 1
14.793 5 INS 6100 -1433 34448676 -15728 47185 -103322448 39 17 -384
14.857 5 ROTORCRAFT_FP -1423 6044 -34446156 62914 26214 103332336 -12766 47 -1556 0 0 0 0 0 0
14.937 5 WP_MOVED_ENU 9 -775 1018 2560
14.945 5 LINK_REPORT 5 -1 15 0 13260 291 0 976. 21. 2 -1.6590041872e+12
15.027 5 GPS_INT 485068232 -31588579 411662448 404503190 -37259505 710752 660516 -27 14 -16 1003 92 383411000 237 6 3 1
15.043 5 INS 6044 -1423 34436076 26214 62914 -103374488 16 12 -423
15.278 5 GPS_INT 485068256 -31588575 411662441 404503171 -37259499 710889 660653 -21 14 -15 1001 90 383411250 237 6 3 1
15.294 5 INS_REF 485069569 -31588109 411660456 404501063 -37258851 707753 657517 0.
15.355 5 ROTORCRAFT_FP -1397 5931 -34420956 31457 78643 103436600 -12766 47 -1561 0 0 0 0 0 0
15.386 5 ROVER_STATUS 2 0 3 4 0 1563 7.806538
15.434 5 IMU_MAG_RAW 0 0 0
15.482 5 ALIVE 53,218,81,70,62,199,115,110,109,98,53,234,26,129,160,165
15.524 5 GPS_INT 485068282 -31588572 411662432 404503150 -37259493 711024 660787 -38 9 -13 999 97 383411500 237 6 3 1
15.525 5 SVINFO 11 32 4 4 19 22 97
15.525 5 LIDAR 4.12 168 1
15.540 5 INS 5931 -1397 34410872 78643 31457 -103478712 -41 11 -403
15.605 5 ROTORCRAFT_FP -1392 5872 -34408348 41943 68157 103489576 -12766 47 -1563 0 0 0 0 0 0
15.606 5 DL_VALUE 17 1.
15.748 5 ROTORCRAFT_NAV_STATUS 1024 1024 0. 0. 3 0 2
15.777 5 GPS_INT 485068307 -31588571 411662423 404503129 -37259490 711152 660916 -50 12 -25 997 98 383411750 237 6 3 1
15.793 5 INS 5872 -1392 34398268 68157 41943 -103530960 -13 -9 -419
15.853 5 ROTORCRAFT_FP -1384 5818 -34395748 36700 68157 103542056 -12766 47 -1565 0 0 0 0 0 0
15.946 5 LINK_REPORT 5 -1 16 0 14110 309 0 850. 18. 3 -1.6590041922e+12
16.027 5 GPS_INT 485068326 -31588570 411662412 404503111 -37259487 711232 660996 -52 11 -27 995 98 383412000 237 6 3 1
16.043 5 INS 5818 -1384 34385664 68157 36700 -103583672 -16 23 -389
16.103 5 ROTORCRAFT_FP -1374 5762 -34383140 73400 -10485 103594152 -12766 47 -1566 0 0 0 0 0 0
16.230 5 WP_MOVED_ENU 10 10160 10329 2560
16.276 5 GPS_INT 485068344 -31588567 411662398 404503091 -37259483 711275 661039 -29 16 -27 993 93 383412250 237 6 3 1
16.277 5 SVINFO 14 136 12 7 34 42 167
16.308 5 DATALINK_REPORT 1560 0 37740 989 0 0
16.352 5 ROTORCRAFT_FP -1369 5706 -34370496 52428 110100 103645952 -12766 47 -1567 0 0 0 0 0 0
16.432 5 IMU_MAG_RAW 0 0 0
16.524 5 GPS_INT 485068377 -31588567 411662397 404503071 -37259480 711511 661275 -27 12 4 991 100 383412500 237 6 3 1
16.525 5 LIDAR 4.08 168 1
16.551 5 INS 5706 -1369 34360364 110100 52428 -103687352 -7 4 -419
16.551 5 STATE_FILTER_STATUS 6 3 0
16.599 5 ROTORCRAFT_FP -1361 5665 -34357824 0 62914 103697784 -12766 47 -1568 0 0 0 0 0 0
16.600 5 ROVER_STATUS 2 0 3 4 0 1564 7.806538
16.678 5 DL_VALUE 18 1.
16.770 5 GPS_INT 485068380 -31588564 411662379 404503057 -37259476 711425 661189 -36 3 -15 990 101 383412750 237 6 3 1
16.771 5 SVINFO 16 66 12 4 18 48 109
16.786 5 INS 5665 -1361 34347668 62914 0 -103739376 35 3 -399
16.850 5 ROTORCRAFT_FP -1351 5614 -34345128 57671 15728 103749552 -12766 46 -1569 0 0 0 0 0 0
16.947 5 LINK_REPORT 5 -1 17 0 15016 329 0 906. 20. 3 -1.6590041922e+12
17.020 5 GPS_INT 485068404 -31588562 411662372 404503038 -37259472 711558 661322 -17 13 -11 990 90 383413000 237 6 3 1
17.036 5 INS 5614 -1351 34334976 15728 57671 -103791464 5 -5 -485
17.100 5 ROTORCRAFT_FP -1331 5573 -34332436 78643 26214 103802392 -12766 46 -1569 0 0 0 0 0 0
17.227 5 ENERGY 0 7.806538 0.475 3.708105 0.402935 3.081032
17.270 5 GPS_INT 485068406 -31588554 411662353 404503024 -37259463 711440 661204 -35 18 -23 988 90 383413250 237 6 3 1
17.285 5 INS 5573 -1331 34322276 26214 78643 -103844256 14 11 -399
17.348 5 ROTORCRAFT_FP -1320 5527 -34319740 5242 120586 103854616 -12766 46 -1569 0 0 0 0 0 0
17.349 5 ROTORCRAFT_NAV_STATUS 1024 1024 0. 0. 3 0 2
17.428 5 IMU_MAG_RAW 0 0 0
17.518 5 GPS_INT 485068426 -31588551 411662346 404503008 -37259457 711548 661312 -40 4 -4 987 106 383413500 237 6 3 1
17.519 5 SVINFO 19 79 12 1 0 23 232
17.519 5 WP_MOVED_ENU 11 10329 -10160 2560
17.533 5 LIDAR 4.12 168 1
17.534 5 INS 5527 -1320 34309580 120586 5242 -103895656 -8 9 -376
17.582 5 ALIVE 53,218,81,70,62,199,115,110,109,98,53,234,26,129,160,165
17.598 5 ROTORCRAFT_FP -1310 5480 -34307040 -10485 68157 103906400 -12766 46 -1570 0 0 0 0 0 0
17.768 5 GPS_INT 485068447 -31588549 411662340 404502992 -37259454 711664 661428 -25 0 -3 985 106 383413750 237 6 3 1
17.793 5 INS 5480 -1310 34296880 68157 -10485 -103948416 -6 -11 -438
17.793 5 ROVER_STATUS 2 0 3 4 0 1565 7.806538
17.794 5 DL_VALUE 19 1.
17.841 5 ROTORCRAFT_FP -1300 5434 -34294344 5242 36700 103958656 -12765 46 -1570 0 0 0 0 0 0
17.949 5 LINK_REPORT 5 -1 18 0 16001 350 0 985. 21. 3 -1.6590041922e+12
18.016 5 GPS_INT 485068460 -31588545 411662327 404502975 -37259448 711681 661445 -33 4 -19 983 95 383414000 237 6 3 1
18.031 5 INS 5434 -1300 34284184 36700 5242 -104000592 7 -6 -438
18.096 5 ROTORCRAFT_FP -1282 5391 -34281644 62914 15728 104011200 -12765 46 -1567 0 0 0 0 0 0
18.266 5 GPS_INT 485068461 -31588538 411662305 404502960 -37259440 711537 661300 -45 15 -34 982 90 383414250 237 6 3 1
18.267 5 SVINFO 22 82 12 6 28 36 309
18.282 5 INS 5391 -1282 34271484 15728 62914 -104052264 -16 -23 -404
18.345 5 ROTORCRAFT_FP -1264 5342 -34268944 26214 68157 104062976 -12766 46 -1568 0 0 0 0 0 0
18.425 5 IMU_MAG_RAW 0 0 0
18.515 5 GPS_INT 485068476 -31588532 411662293 404502943 -37259432 711576 661340 -43 8 -19 981 95 383414500 237 6 3 1
18.516 5 LIDAR 4.1 168 1
18.595 5 ROTORCRAFT_FP -1246 5291 -34256244 47185 52428 104115024 -12765 46 -1569 0 0 0 0 0 0
18.765 5 GPS_INT 485068492 -31588526 411662280 404502925 -37259424 711614 661378 -43 12 -23 979 92 383414750 237 6 3 1
18.780 5 INS 5291 -1246 34246084 52428 47185 -104156768 6 -9 -433
18.812 5 WP_MOVED_ENU 12 -10160 -10329 2560
18.844 5 ROTORCRAFT_FP -1223 5248 -34243544 52428 31457 104167232 -12765 46 -1569 0 0 0 0 0 0
18.876 5 DL_VALUE 20 80.
18.924 5 UART_ERRORS 0 7 38 1
18.924 5 UART_ERRORS 0 0 1 2
18.940 5 UART_ERRORS 0 1 0 3
18.940 5 ROTORCRAFT_NAV_STATUS 1024 1024 0. 0. 3 0 2
18.949 5 LINK_REPORT 5 -1 19 0 16909 370 0 908. 20. 3 -1.6590041922e+12
18.972 5 ROVER_STATUS 2 0 3 4 0 1566 7.806538
19.036 5 INS 5248 -1223 34233384 31457 52428 -104209152 5 17 -422
19.094 5 ROTORCRAFT_FP -1203 5201 -34230844 47185 0 104219336 -12765 46 -1570 0 0 0 0 0 0
19.263 5 GPS_INT 485068502 -31588510 411662242 404502894 -37259403 711436 661199 -37 12 -31 975 89 383415250 237 6 3 1
19.264 5 SVINFO 1 3 15 7 27 13 208
19.341 5 ROTORCRAFT_FP -1182 5153 -34218144 57671 15728 104271272 -12765 46 -1570 0 0 0 0 0 0
19.421 5 IMU_MAG_RAW 0 0 0
19.501 5 SVINFO 2 8 15 4 26 84 6
19.517 5 LIDAR 4.08 168 1
19.533 5 INS 5153 -1182 34207984 15728 57671 -104312136 32 -5 -380
19.592 5 ROTORCRAFT_FP -1157 5104 -34205440 36700 0 104322696 -12765 46 -1570 0 0 0 0 0 0
19.673 5 ALIVE 53,218,81,70,62,199,115,110,109,98,53,234,26,129,160,165
19.719 5 ENERGY 0 7.806538 0.4 3.122615 0.403214 3.083217
19.735 5 STATE_FILTER_STATUS 6 3 0
19.764 5 GPS_INT 485068515 -31588493 411662201 404502859 -37259383 711254 661017 -33 10 -28 970 88 383415750 237 6 3 1
19.779 5 INS 5104 -1157 34195276 0 36700 -104364040 2 12 -366
19.840 5 ROTORCRAFT_FP -1139 5063 -34192736 -5242 62914 104374520 -12765 47 -1567 0 0 0 0 0 0
19.950 5 LINK_REPORT 5 -1 20 0 17671 387 0 762. 17. 3 -1.6590041922e+12
19.968 5 DL_VALUE 21 80.
20.010 5 GPS_INT 485068516 -31588486 411662181 404502844 -37259375 711131 660895 -44 2 -21 967 93 383416000 237 6 3 1
20.011 5 SVINFO 4 14 4 4 21 12 321
20.026 5 INS 5063 -1139 34182560 62914 -5242 -104417016 20 7 -409
20.090 5 ROTORCRAFT_FP -1131 5020 -34180008 -73400 94371 104427688 -12765 47 -1568 0 0 0 0 0 0
20.121 5 WP_MOVED_ENU 13 -10329 10160 2560
20.169 5 ROVER_STATUS 2 0 3 4 0 1567 7.806538
20.260 5 GPS_INT 485068527 -31588484 411662168 404502830 -37259371 711129 660893 -31 -12 -1 965 104 383416250 237 6 3 1
20.261 5 SVINFO 5 16 12 3 17 13 172
20.275 5 INS 5020 -1131 34169816 94371 -73400 -104470208 -14 15 -419
20.342 5 ROTORCRAFT_FP -1118 4981 -34167264 73400 26214 104480704 -12765 47 -1569 0 0 0 0 0 0
20.371 5 INS_REF 485069569 -31588109 411660456 404501063 -37258851 707753 657517 0.
20.419 5 IMU_MAG_RAW 0 0 0
20.509 5 GPS_INT 485068537 -31588479 411662156 404502815 -37259365 711122 660886 -26 16 -16 963 87 383416500 237 6 3 1
20.510 5 SVINFO 6 21 15 4 23 64 302
20.510 5 LIDAR 4.07 168 1
20.540 5 INS 4981 -1118 34157036 26214 73400 -104522464 -3 15 -390
20.540 5 ROTORCRAFT_NAV_STATUS 1024 1024 0. 0. 3 0 2
20.588 5 ROTORCRAFT_FP -1093 4938 -34154480 62914 20971 104532880 -12765 47 -1569 0 0 0 0 0 0
20.758 5 GPS_INT 485068541 -31588469 411662137 404502801 -37259353 711026 660790 -31 15 -21 961 87 383416750 237 6 3 1
20.759 5 SVINFO 7 22 4 4 19 15 120
20.773 5 INS 4938 -1093 34144244 20971 62914 -104574400 10 8 -385
20.838 5 ROTORCRAFT_FP -1093 4938 -34141684 62914 20971 104584440 -12765 47 -1570 0 0 0 0 0 0
20.951 5 LINK_REPORT 5 -1 21 0 18700 410 0 1029. 23. 4 -1.6590041972e+12
21.007 5 GPS_INT 485068538 -31588461 411662119 404502790 -37259344 710878 660642 -41 6 -18 958 93 383417000 237 6 3 1
21.070 5 DL_VALUE 22 0.
21.257 5 GPS_INT 485068543 -31588455 411662105 404502778 -37259336 710829 660593 -41 10 -15 956 93 383417250 237 6 3 1
21.257 5 SVINFO 9 27 15 7 30 50 116
21.272 5 INS 4874 -1054 34118644 78643 36700 -104679328 -11 -19 -419
21.335 5 ROTORCRAFT_FP -1054 4874 -34116084 36700 78643 104689888 -12765 47 -1570 0 0 0 0 0 0
21.367 5 ROVER_STATUS 2 0 3 4 0 1569 7.806538
21.383 5 DATALINK_REPORT 1565 0 37848 975 0 0
21.415 5 WP_MOVED_ENU 0 0 0 2560
21.415 5 IMU_MAG_RAW 0 0 0
21.505 5 GPS_INT 485068550 -31588450 411662091 404502764 -37259329 710787 660551 -36 5 -21 955 89 383417500 237 6 3 1
21.505 5 LIDAR 4.1 168 1
21.521 5 INS 4835 -1041 34105844 36700 10485 -104731120 -12 19 -441
21.585 5 ROTORCRAFT_FP -1041 4835 -34103284 10485 36700 104741232 -12765 47 -1568 0 0 0 0 0 0
21.760 5 ALIVE 53,218,81,70,62,199,115,110,109,98,53,234,26,129,160,165
21.776 5 INS 4817 -1031 34093044 -5242 47185 -104782968 7 11 -423
21.834 5 ROTORCRAFT_FP -1031 4817 -34090484 47185 -5242 104793616 -12765 46 -1568 0 0 0 0 0 0
21.952 5 LINK_REPORT 5 -1 22 0 19457 427 0 757. 17. 4 -1.6590041972e+12
22.026 5 INS 4805 -1024 34080244 0 20971 -104836056 -21 7 -428
22.026 5 UART_ERRORS 0 0 0 4
22.088 5 ROTORCRAFT_FP -1024 4805 -34077684 20971 0 104846352 -12765 46 -1565 0 0 0 0 0 0
22.135 5 ROTORCRAFT_NAV_STATUS 1024 1024 0. 0. 3 0 2
22.167 5 DL_VALUE 23 1.
22.215 5 ENERGY 0 7.806538 0.35 2.732288 0.403481 3.085299
22.247 5 GPS_INT 485068560 -31588440 411662081 404502752 -37259316 710794 660558 -27 16 -26 950 88 383418250 226 7 3 1
22.263 5 INS 4800 -1013 34067444 -10485 73400 -104887280 -29 -12 -385
22.327 5 ROTORCRAFT_FP -1013 4800 -34064884 73400 -10485 104897832 -12765 46 -1566 0 0 0 0 0 0
22.406 5 IMU_MAG_RAW 0 0 0
22.503 5 GPS_INT 485068556 -31588434 411662075 404502751 -37259310 710715 660479 -42 7 -19 948 91 383418500 226 7 3 1
22.504 5 LIDAR 4.03 168 1
22.518 5 INS 4797 -1000 34054644 68157 20971 -104939896 3 12 -409
22.582 5 ROTORCRAFT_FP -1000 4797 -34052084 20971 68157 104950536 -12765 46 -1567 0 0 0 0 0 0
22.582 5 ROVER_STATUS 2 0 3 4 0 1570 7.806538
22.709 5 WP_MOVED_ENU 1 0 0 2560
22.741 5 SVINFO 15 65 12 4 24 25 37
22.773 5 INS 4792 -993 34041844 89128 -26214 -104992648 3 11 -380
22.831 5 ROTORCRAFT_FP -993 4792 -34039284 -26214 89128 105003200 -12765 46 -1569 0 0 0 0 0 0
22.927 5 STATE_FILTER_STATUS 6 3 0
22.952 5 LINK_REPORT 5 -1 23 0 20309 447 0 852. 20. 4 -1.6590041972e+12
23.004 5 GPS_INT 485068552 -31588428 411662066 404502747 -37259303 710623 660387 -25 -2 -5 945 99 383419000 226 7 3 1
23.004 5 SVINFO 16 66 12 4 21 48 109
23.020 5 INS 4787 -985 34029044 62914 -20971 -105044592 19 -15 -419
23.079 5 ROTORCRAFT_FP -985 4787 -34026484 -20971 62914 105055040 -12765 46 -1569 0 0 0 0 0 0
23.250 5 GPS_INT 485068541 -31588421 411662055 404502746 -37259296 710475 660238 -16 12 -11 944 85 383419250 226 7 3 1
23.269 5 INS 4784 -970 34016244 10485 52428 -105096920 5 -10 -419
23.270 5 DL_VALUE 24 1.
23.330 5 ROTORCRAFT_FP -970 4784 -34013680 52428 10485 105107392 -12765 46 -1570 0 0 0 0 0 0
23.409 5 IMU_MAG_RAW 0 0 0
23.499 5 GPS_INT 485068532 -31588417 411662049 404502747 -37259292 710360 660124 -28 -2 0 943 104 383419500 226 7 3 1
23.500 5 LIDAR 4.05 168 1
23.515 5 INS 4787 -960 34003440 94371 -20971 -105147736 -3 8 -371
23.531 5 AUTOPILOT_VERSION 60200 v6.2_unstable-101-g8a957fd0a-dirty
23.578 5 ROTORCRAFT_FP -960 4787 -34000880 -20971 94371 105158248 -12765 46 -1570 0 0 0 0 0 0
23.721 5 ROTORCRAFT_NAV_STATUS 1024 1024 0. 0. 3 0 2
23.770 5 GPS_INT 485068522 -31588413 411662040 404502748 -37259288 710225 659989 -27 1 -12 942 93 383419750 226 7 3 1
23.771 5 SVINFO 19 79 12 3 20 23 232
23.771 5 INS 4787 -952 33990636 41943 -5242 -105198904 8 -1 -399
23.771 5 ROVER_STATUS 2 0 3 4 0 1571 7.806538
23.826 5 ROTORCRAFT_FP -952 4787 -33988076 -5242 41943 105209312 -12765 46 -1568 0 0 0 0 0 0
23.858 5 ALIVE 53,218,81,70,62,199,115,110,109,98,53,234,26,129,160,165
23.953 5 LINK_REPORT 5 -1 24 0 21307 468 0 998. 21. 4 -1.6590041972e+12
23.996 5 GPS_INT 485068517 -31588409 411662034 404502746 -37259284 710143 659907 -41 0 -13 941 96 383420000 226 7 3 1
23.997 5 WP_MOVED_ENU 2 7 -1024 2560
24.012 5 INS 4784 -942 33977816 83886 -15728 -105251040 -10 22 -422
24.076 5 ROTORCRAFT_FP -942 4784 -33975244 -15728 83886 105261416 -12765 46 -1569 0 0 0 0 0 0
24.246 5 GPS_INT 485068502 -31588400 411662019 404502745 -37259275 709928 659692 -44 19 -35 940 87 383420250 226 7 3 1
24.246 5 SVINFO 21 81 12 7 31 56 25
24.261 5 INS 4779 -921 33964948 10485 83886 -105303360 -37 6 -433
24.326 5 ROTORCRAFT_FP -921 4779 -33962376 83886 10485 105313688 -12766 46 -1569 0 0 0 0 0 0
24.357 5 DL_VALUE 25 0.
24.405 5 IMU_MAG_RAW 0 0 0
24.495 5 GPS_INT 485068495 -31588394 411662011 404502744 -37259267 709826 659589 -46 7 -22 939 92 383420500 226 7 3 1
24.496 5 SVINFO 22 82 12 6 29 36 309
24.496 5 LIDAR 4.1 168 1
24.511 5 INS 4776 -908 33952072 68157 15728 -105356368 5 -7 -414
24.575 5 ROTORCRAFT_FP -908 4776 -33949492 15728 68157 105366296 -12766 46 -1570 0 0 0 0 0 0
24.702 5 ENERGY 0 7.806538 0.325 2.537125 0.403733 3.087268
24.745 5 GPS_INT 485068482 -31588388 411662003 404502746 -37259261 709667 659431 -50 2 -21 937 94 383420750 226 7 3 1
24.952 5 ROVER_STATUS 2 0 3 4 0 1572 7.806538
24.953 5 LINK_REPORT 5 -1 25 0 22135 486 0 828. 18. 4 -1.6590041972e+12
24.994 5 GPS_INT 485068481 -31588384 411661998 404502744 -37259257 709627 659390 -42 4 -17 936 93 383421000 226 7 3 1
25.010 5 INS 4776 -885 33926276 73400 5242 -105459256 6 35 -413
25.073 5 ROTORCRAFT_FP -885 4776 -33923696 5242 73400 105469648 -12766 46 -1570 0 0 0 0 0 0
25.104 5 UART_ERRORS 0 7 38 1
25.105 5 UART_ERRORS 0 0 1 2
25.242 5 GPS_INT 485068482 -31588379 411661994 404502740 -37259251 709605 659369 -50 7 -17 934 94 383421250 226 7 3 1
25.243 5 SVINFO 0 1 15 7 33 37 272
25.258 5 INS 4766 -872 33913376 99614 15728 -105510544 -6 18 -370
25.306 5 WP_MOVED_ENU 3 -762 -775 2560
25.332 5 ROTORCRAFT_FP -872 4766 -33910800 15728 99614 105521024 -12766 46 -1571 0 0 0 0 0 0
25.333 5 ROTORCRAFT_NAV_STATUS 1024 1024 0. 0. 3 0 2
25.396 5 IMU_MAG_RAW 0 0 0
25.444 5 INS_REF 485069569 -31588109 411660456 404501063 -37258851 707753 657517 0.
25.460 5 DL_VALUE 26 0.
25.491 5 GPS_INT 485068481 -31588371 411661990 404502739 -37259242 709564 659327 -44 20 -23 933 88 383421500 226 7 3 1
25.492 5 SVINFO 1 3 15 7 29 13 208
25.492 5 LIDAR 4.08 168 1
25.507 5 INS 4761 -852 33900480 57671 89128 -105563048 -17 2 -404
25.571 5 ROTORCRAFT_FP -852 4761 -33897900 89128 57671 105573288 -12766 46 -1571 0 0 0 0 0 0
25.741 5 GPS_INT 485068477 -31588366 411661984 404502737 -37259236 709498 659261 -47 -2 -21 932 93 383421750 226 7 3 1
25.741 5 SVINFO 2 8 15 6 27 84 7
25.756 5 INS 4756 -839 33887580 73400 -31457 -105615416 -1 1 -390
25.820 5 ROTORCRAFT_FP -839 4756 -33885000 -31457 73400 105625896 -12766 46 -1571 0 0 0 0 0 0
25.948 5 ALIVE 53,218,81,70,62,199,115,110,109,98,53,234,26,129,160,165
25.954 5 LINK_REPORT 5 -1 26 0 23189 510 0 1054. 24. 5 -1.6590042022e+12
25.990 5 GPS_INT 485068474 -31588364 411661983 404502738 -37259234 709461 659224 -58 -9 -5 930 100 383422000 226 7 3 1
26.006 5 INS 4761 -834 33874680 173014 -68157 -105667000 -5 18 -403
26.070 5 ROTORCRAFT_FP -834 4761 -33872100 -68157 173014 105677560 -12766 46 -1571 0 0 0 0 0 0
26.117 5 STATE_FILTER_STATUS 6 3 0
26.149 5 ROVER_STATUS 2 0 3 4 0 1573 7.806538
26.240 5 GPS_INT 485068466 -31588359 411661977 404502739 -37259229 709364 659128 -54 9 -26 929 90 383422250 226 7 3 1
26.240 5 SVINFO 4 14 4 4 17 12 321
26.255 5 INS 4761 -824 33861780 78643 26214 -105719504 -6 2 -409
26.319 5 ROTORCRAFT_FP -824 4761 -33859200 26214 78643 105729832 -12766 46 -1571 0 0 0 0 0 0
26.399 5 IMU_MAG_RAW 0 0 0
26.447 5 DATALINK_REPORT 1571 0 37956 975 0 0
26.489 5 GPS_INT 485068457 -31588352 411661972 404502741 -37259221 709258 659022 -53 5 -21 927 92 383422500 226 7 3 1
26.490 5 SVINFO 5 16 13 4 16 13 172
26.490 5 LIDAR 4.08 168 1
26.568 5 ROTORCRAFT_FP -806 4769 -33846296 5242 94371 105782520 -12766 46 -1571 0 0 0 0 0 0
26.569 5 DL_VALUE 27 0.
26.599 5 WP_MOVED_ENU 4 -504 -1029 2560
26.738 5 GPS_INT 485068449 -31588346 411661968 404502743 -37259215 709173 658937 -44 13 -25 926 90 383422750 226 7 3 1
26.753 5 INS 4774 -793 33835976 52428 52428 -105824248 10 17 -408
26.817 5 ROTORCRAFT_FP -793 4774 -33833396 52428 52428 105834824 -12766 46 -1571 0 0 0 0 0 0
26.913 5 ROTORCRAFT_NAV_STATUS 1024 1024 0. 0. 3 0 2
26.955 5 LINK_REPORT 5 -1 27 0 24123 531 0 934. 21. 5 -1.6590042022e+12
26.987 5 GPS_INT 485068439 -31588340 411661964 404502747 -37259209 709062 658826 -55 6 -21 925 94 383423000 226 7 3 1
26.988 5 SVINFO 7 22 4 4 17 15 120
27.003 5 INS 4784 -778 33823076 99614 10485 -105877152 7 9 -404
27.067 5 ROTORCRAFT_FP -778 4784 -33820496 10485 99614 105887816 -12766 46 -1572 0 0 0 0 0 0
27.194 5 ENERGY 0 7.806538 0.325 2.537125 0.403997 3.089323
27.237 5 GPS_INT 485068432 -31588335 411661961 404502748 -37259203 708991 658755 -47 9 -20 924 92 383423250 226 7 3 1
27.252 5 INS 4789 -768 33810176 78643 26214 -105931816 13 -39 -463
27.316 5 ROTORCRAFT_FP -768 4789 -33807596 26214 78643 105942032 -12765 46 -1572 0 0 0 0 0 0
27.347 5 ROVER_STATUS 2 0 3 4 0 1575 7.806538
27.395 5 IMU_MAG_RAW 0 0 0
27.491 5 LIDAR 4.08 168 1
27.507 5 INS 4800 -752 33797272 57671 47185 -105983704 -19 -2 -390
27.565 5 ROTORCRAFT_FP -752 4800 -33794692 47185 57671 105993896 -12766 46 -1572 0 0 0 0 0 0
27.644 5 DL_VALUE 28 1.
27.735 5 GPS_INT 485068400 -31588322 411661941 404502754 -37259190 708615 658379 -53 12 -30 922 91 383423750 226 7 3 1
27.750 5 INS 4805 -739 33784360 57671 41943 -106035648 13 -15 -419
27.814 5 ROTORCRAFT_FP -739 4805 -33781780 41943 57671 106045912 -12766 46 -1572 0 0 0 0 0 0
27.894 5 WP_MOVED_ENU 5 519 -1021 2560
27.955 5 LINK_REPORT 5 -1 28 0 24980 549 0 857. 18. 5 -1.6590042022e+12
27.984 5 GPS_INT 485068384 -31588314 411661930 404502756 -37259182 708413 658177 -53 25 -41 921 89 383424000 226 7 3 1
27.985 5 SVINFO 11 32 4 4 16 22 97
28.000 5 INS 4812 -721 33771436 20971 110100 -106088136 8 -2 -404
28.048 5 ALIVE 53,218,81,70,62,199,115,110,109,98,53,234,26,129,160,165
28.064 5 ROTORCRAFT_FP -721 4812 -33768848 110100 20971 106098888 -12766 46 -1572 0 0 0 0 0 0
28.191 5 UART_ERRORS 0 1 0 3
28.207 5 UART_ERRORS 0 0 0 4
28.234 5 GPS_INT 485068370 -31588310 411661922 404502759 -37259178 708255 658018 -55 11 -41 920 90 383424250 226 7 3 1
28.249 5 INS 4820 -714 33758476 20971 36700 -106140712 -10 22 -427
28.311 5 ROTORCRAFT_FP -714 4820 -33755876 36700 20971 106151240 -12766 46 -1569 0 0 0 0 0 0
