5.063 5 LINK_REPORT 5 -1 5 0 4094 91 0 1001. 22. 0 0.
5.108 5 GPS_INT 637813700 0 0 0 0 0 -17000 0 0 0 649519040 3250 30250 9999 0 0 1
5.109 5 SVINFO 0 9 16 1 0 -91 0
5.109 5 INS 0 0 0 0 0 0 18 55 -560
5.166 5 ROTORCRAFT_FP 0 0 0 0 0 0 -12650 -299 -4752 0 0 0 0 0 0
5.258 5 ROTORCRAFT_NAV_STATUS 0 0 0. 0. 0 0 0
5.361 5 ROVER_STATUS 2 0 0 4 0 30 7.497455
5.362 5 GPS_INT 637813700 0 0 0 0 0 -17000 0 0 0 649519040 3259 30500 9999 0 0 1
5.363 5 SVINFO 0 9 16 1 0 -91 0
5.363 5 INS 0 0 0 0 0 0 23 35 -505
5.420 5 ROTORCRAFT_FP 0 0 0 0 0 0 -12651 -299 -4757 0 0 0 0 0 0
5.481 5 PONG 
5.611 5 INS_REF 485065295 -31589301 411664541 404506309 -37260580 702390 650000 0.
5.612 5 GPS_INT 637813700 0 0 0 0 0 -17000 0 0 0 649519040 3269 30750 9999 0 0 1
5.613 5 SVINFO 0 9 16 1 0 -91 0
5.613 5 INS 0 0 0 0 0 0 54 55 -638
5.695 5 DL_VALUE 24 1.
5.698 5 ROTORCRAFT_FP 0 0 0 0 0 0 -12651 -299 -4762 0 0 0 0 0 0
5.726 5 IMU_MAG_RAW 0 0 0
5.923 5 GPS_INT 637813700 0 0 0 0 0 -17000 0 0 0 649519040 3278 31000 9999 0 0 1
5.924 5 SVINFO 0 9 16 1 0 -91 0
5.924 5 WP_MOVED_ENU 7 775 -1018 2560
5.924 5 INS 0 0 0 0 0 0 36 52 -504
5.926 5 ROTORCRAFT_FP 0 0 0 0 0 0 -12651 -299 -4768 0 0 0 0 0 0
5.948 5 LINK_REPORT 5 -1 6 0 5117 114 0 1023. 23. 1 31.52
6.106 5 STATE_FILTER_STATUS 6 3 0
6.107 5 GPS_INT 637813700 0 0 0 0 0 -17000 0 0 0 649519040 3288 31250 9999 0 0 1
6.107 5 SVINFO 0 9 16 1 0 -91 0
6.108 5 INS 0 0 0 0 0 0 35 31 -629
6.165 5 ROTORCRAFT_FP 0 0 0 0 0 0 -12651 -299 -4773 0 0 0 0 0 0
6.363 5 GPS_INT 637813700 0 0 0 0 0 -17000 0 0 0 649519040 3297 31500 9999 0 0 1
6.364 5 SVINFO 1 10 16 1 0 -91 0
6.365 5 INS 0 0 0 0 0 0 30 6 -518
6.434 5 ROTORCRAFT_FP 0 0 0 0 0 0 -12651 -298 -4778 0 0 0 0 0 0
6.493 5 ROVER_STATUS 2 0 0 4 0 31 7.497455
6.509 5 DATALINK_REPORT 1 55 627 986 0 0
6.596 5 GPS_INT 637813700 0 0 0 0 0 -17000 0 0 0 649519040 3307 31750 9999 0 0 1
6.597 5 SVINFO 0 9 16 1 0 -91 0
6.598 5 INS 0 0 0 0 0 0 35 36 -566
6.698 5 ROTORCRAFT_FP 0 0 0 0 0 0 -12651 -298 -4784 0 0 0 0 0 0
6.750 5 DL_VALUE 25 0.
6.751 5 IMU_MAG_RAW 0 0 0
6.751 5 UART_ERRORS 0 0 0 1
6.752 5 UART_ERRORS 0 0 0 2
6.816 5 GPS_INT 637813700 0 0 0 0 0 -17000 0 0 0 649519040 3316 32000 9999 0 0 1
6.817 5 SVINFO 1 10 16 1 0 -91 0
6.905 5 INS 0 0 0 0 0 0 31 43 -582
6.905 5 ROTORCRAFT_NAV_STATUS 0 0 0. 0. 0 0 0
6.908 5 ALIVE 193,251,116,175,196,210,68,87,216,253,235,129,95,245,28,119
6.949 5 LINK_REPORT 5 -1 7 0 6096 138 0 979. 24. 1 31.52
6.975 5 ROTORCRAFT_FP 0 0 0 0 0 0 -12652 -299 -4790 0 0 0 0 0 0
7.082 5 ENERGY 0 7.497455 0.175 1.312055 0.001924 0.014394
7.084 5 GPS_INT 637813700 0 0 0 0 0 -17000 0 0 0 649519040 3326 32250 9999 0 0 1
7.085 5 SVINFO 0 9 16 1 0 -91 0
7.085 5 INS 0 0 0 0 0 0 35 23 -513
7.173 5 WP_MOVED_ENU 8 -760 -1031 2560
7.174 5 ROTORCRAFT_FP 0 0 0 0 0 0 -12653 -299 -4796 0 0 0 0 0 0
7.344 5 GPS_INT 637813700 0 0 0 0 0 -17000 0 0 0 649519040 3335 32500 9999 0 0 1
7.345 5 SVINFO 1 10 16 1 0 -91 0
7.346 5 INS 0 0 0 0 0 0 14 42 -583
7.455 5 ROTORCRAFT_FP 0 0 0 0 0 0 -12653 -298 -4801 0 0 0 0 0 0
7.568 5 GPS_INT 637813700 0 0 0 0 0 -17000 0 0 0 649519040 3344 32750 9999 0 0 1
7.569 5 SVINFO 0 9 16 1 0 -91 0
7.591 5 INS 0 0 0 0 0 0 22 47 -501
7.693 5 ROTORCRAFT_FP 0 0 0 0 0 0 -12653 -298 -4807 0 0 0 0 0 0
7.696 5 ROVER_STATUS 2 0 0 4 0 33 7.497455
7.743 5 IMU_MAG_RAW 0 0 0
7.849 5 DL_VALUE 26 0.
7.850 5 GPS_INT 637813700 0 0 0 0 0 -17000 0 0 0 649519040 3354 33000 9999 0 0 1
7.851 5 SVINFO 1 10 16 1 0 -91 0
7.851 5 INS 0 0 0 0 0 0 45 38 -581
7.919 5 ROTORCRAFT_FP 0 0 0 0 0 0 -12653 -298 -4812 0 0 0 0 0 0
7.950 5 LINK_REPORT 5 -1 8 0 7138 160 0 1042. 22. 1 31.52
8.061 5 GPS_INT 637813700 0 0 0 0 0 -17000 0 0 0 649519040 3363 33250 9999 0 0 1
8.061 5 SVINFO 0 9 16 1 0 -91 0
8.147 5 INS 0 0 0 0 0 0 29 31 -523
8.151 5 ROTORCRAFT_FP 0 0 0 0 0 0 -12654 -298 -4818 0 0 0 0 0 0
8.317 5 GPS_INT 637813700 0 0 0 0 0 -17000 0 0 0 649519040 3372 33500 9999 0 0 1
8.318 5 SVINFO 1 10 16 1 0 -91 0
8.402 5 INS 0 0 0 0 0 0 28 19 -547
8.405 5 ROTORCRAFT_FP 0 0 0 0 0 0 -12654 -298 -4824 0 0 0 0 0 0
8.461 5 WP_MOVED_ENU 9 -775 1018 2560
8.462 5 ROTORCRAFT_NAV_STATUS 0 0 0. 0. 0 0 0
8.559 5 GPS_INT 637813700 0 0 0 0 0 -17000 0 0 0 649519040 3381 33750 9999 0 0 1
8.559 5 SVINFO 0 9 16 1 0 -91 0
8.647 5 INS 0 0 0 0 0 0 44 35 -551
8.651 5 ROTORCRAFT_FP 0 0 0 0 0 0 -12654 -298 -4829 0 0 0 0 0 0
8.721 5 IMU_MAG_RAW 0 0 0
8.819 5 GPS_INT 637813700 0 0 0 0 0 -17000 0 0 0 649519040 3391 34000 9999 0 0 1
8.819 5 SVINFO 0 9 16 1 0 -91 0
8.820 5 INS 0 0 0 0 0 0 20 7 -504
8.925 5 ROTORCRAFT_FP 0 0 0 0 0 0 -12654 -299 -4835 0 0 0 0 0 0
8.926 5 ROVER_STATUS 2 0 0 4 0 34 7.497455
8.950 5 LINK_REPORT 5 -1 9 0 8085 180 0 947. 20. 1 31.52
8.970 5 DL_VALUE 27 0.
8.971 5 ALIVE 193,251,116,175,196,210,68,87,216,253,235,129,95,245,28,119
9.106 5 GPS_INT 637813700 0 0 0 0 0 -17000 0 0 0 649519040 3400 34250 9999 0 0 1
9.106 5 SVINFO 0 9 16 1 0 -91 0
9.107 5 INS 0 0 0 0 0 0 3 51 -541
9.153 5 ROTORCRAFT_FP 0 0 0 0 0 0 -12655 -299 -4840 0 0 0 0 0 0
9.232 5 STATE_FILTER_STATUS 6 3 0
9.352 5 GPS_INT 637813700 0 0 0 0 0 -17000 0 0 0 649519040 3409 34500 9999 0 0 1
9.353 5 SVINFO 0 9 16 1 0 -91 0
9.353 5 INS 0 0 0 0 0 0 29 22 -543
9.389 5 ROTORCRAFT_FP 0 0 0 0 0 0 -12655 -299 -4846 0 0 0 0 0 0
9.596 5 ENERGY 0 7.497455 0.2 1.499491 0.002059 0.015409
9.598 5 GPS_INT 637813700 0 0 0 0 0 -17000 0 0 0 649519040 3418 34750 9999 0 0 1
9.599 5 SVINFO 0 9 16 1 0 -91 0
9.599 5 INS 0 0 0 0 0 0 62 38 -588
9.689 5 ROTORCRAFT_FP 0 0 0 0 0 0 -12655 -299 -4852 0 0 0 0 0 0
9.730 5 WP_MOVED_ENU 10 10160 10329 2560
9.730 5 IMU_MAG_RAW 0 0 0
9.839 5 GPS_INT 637813700 0 0 0 0 0 -17000 0 0 0 649519040 3427 35000 9999 0 0 1
9.930 5 SVINFO 0 9 16 1 0 -91 0
9.930 5 INS 0 0 0 0 0 0 28 18 -513
9.931 5 UART_ERRORS 0 2 2384 4
9.931 5 ROTORCRAFT_FP 0 0 0 0 0 0 -12656 -299 -4857 0 0 0 0 0 0
9.950 5 LINK_REPORT 5 -1 10 0 9099 203 0 1014. 23. 1 31.52
9.976 5 DL_VALUE 28 1.
10.097 5 ROTORCRAFT_NAV_STATUS 0 0 0. 0. 0 0 0
10.097 5 GPS_INT 637813700 0 0 0 0 0 -17000 0 0 0 649519040 3436 35250 9999 0 0 1
10.098 5 SVINFO 0 9 16 1 0 -91 0
10.098 5 INS 0 0 0 0 0 0 27 59 -529
10.154 5 ROVER_STATUS 2 0 0 4 0 35 7.497455
10.156 5 ROTORCRAFT_FP 0 0 0 0 0 0 -12656 -299 -4863 0 0 0 0 0 0
10.344 5 GPS_INT 637813700 0 0 0 0 0 -17000 0 0 0 649519040 3446 35500 9999 0 0 1
10.345 5 SVINFO 0 9 16 1 0 -91 0
10.346 5 INS 0 0 0 0 0 0 11 55 -521
10.414 5 ROTORCRAFT_FP 0 0 0 0 0 0 -12656 -299 -4869 0 0 0 0 0 0
10.501 5 PONG 
10.593 5 GPS_INT 637813700 0 0 0 0 0 -17000 0 0 0 649519040 3455 35750 9999 0 0 1
10.593 5 SVINFO 0 9 16 1 0 -91 0
10.594 5 INS 0 0 0 0 0 0 46 45 -532
10.649 5 INS_REF 485065295 -31589301 411664541 404506309 -37260580 702390 650000 0.
10.652 5 ROTORCRAFT_FP 0 0 0 0 0 0 -12657 -299 -4875 0 0 0 0 0 0
10.718 5 IMU_MAG_RAW 0 0 0
10.842 5 GPS_INT 637813700 0 0 0 0 0 -17000 0 0 0 649519040 3464 36000 9999 0 0 1
10.843 5 SVINFO 0 9 16 1 0 -91 0
10.844 5 INS 0 0 0 0 0 0 12 40 -563
10.900 5 ROTORCRAFT_FP 0 0 0 0 0 0 -12657 -299 -4880 0 0 0 0 0 0
10.951 5 LINK_REPORT 5 -1 11 0 10096 225 0 997. 22. 2 50.82
11.085 5 WP_MOVED_ENU 11 10329 -10160 2560
11.087 5 GPS_INT 637813700 0 0 0 0 0 -17000 0 0 0 649519040 3473 36250 9999 0 0 1
11.088 5 SVINFO 0 9 16 1 0 -91 0
11.089 5 ALIVE 193,251,116,175,196,210,68,87,216,253,235,129,95,245,28,119
11.176 5 INS 0 0 0 0 0 0 2 31 -501
11.177 5 DL_VALUE 29 1.
11.178 5 ROTORCRAFT_FP 0 0 0 0 0 0 -12657 -299 -4886 0 0 0 0 0 0
11.343 5 ROVER_STATUS 2 0 0 4 0 36 7.497455
11.344 5 GPS_INT 637813700 0 0 0 0 0 -17000 0 0 0 649519040 3482 36500 9999 0 0 1
11.345 5 SVINFO 0 9 16 1 0 -91 0
11.346 5 INS 0 0 0 0 0 0 24 27 -523
11.414 5 ROTORCRAFT_FP 0 0 0 0 0 0 -12658 -299 -4892 0 0 0 0 0 0
11.596 5 GPS_INT 637813700 0 0 0 0 0 -17000 0 0 0 649519040 3491 36750 9999 0 0 1
11.597 5 SVINFO 0 9 16 1 0 -91 0
11.598 5 INS 0 0 0 0 0 0 2 20 -558
11.599 5 DATALINK_REPORT 1 56 743 1016 0 0
11.681 5 ROTORCRAFT_FP 0 0 0 0 0 0 -12658 -299 -4898 0 0 0 0 0 0
11.682 5 ROTORCRAFT_NAV_STATUS 0 0 0. 0. 0 0 0
11.723 5 IMU_MAG_RAW 0 0 0
11.821 5 GPS_INT 637813700 0 0 0 0 0 -17000 0 0 0 649519040 3500 37000 9999 0 0 1
11.822 5 SVINFO 0 9 16 1 0 -91 0
11.822 5 INS 0 0 0 0 0 0 4 34 -534
11.923 5 ROTORCRAFT_FP 0 0 0 0 0 0 -12659 -299 -4904 0 0 0 0 0 0
11.952 5 LINK_REPORT 5 -1 12 0 11115 248 0 1019. 23. 2 50.82
12.082 5 ENERGY 0 7.497455 0.225 1.686927 0.002208 0.016528
12.084 5 GPS_INT 637813700 0 0 0 0 0 -17000 0 0 0 649519040 3508 37250 9999 0 0 1
12.085 5 SVINFO 0 9 16 1 0 -91 0
12.086 5 INS 0 0 0 0 0 0 37 4 -555
12.153 5 ROTORCRAFT_FP 0 0 0 0 0 0 -12659 -299 -4909 0 0 0 0 0 0
12.180 5 DL_VALUE 30 0.
12.341 5 GPS_INT 637813700 0 0 0 0 0 -17000 0 0 0 649519040 3517 37500 9999 0 0 1
12.342 5 SVINFO 0 9 16 1 0 -91 0
12.420 5 WP_MOVED_ENU 12 -10160 -10329 2560
12.421 5 INS 0 0 0 0 0 0 12 41 -481
12.422 5 ROTORCRAFT_FP 0 0 0 0 0 0 -12659 -299 -4915 0 0 0 0 0 0
12.423 5 STATE_FILTER_STATUS 6 3 0
12.479 5 ROVER_STATUS 2 0 0 4 0 37 7.497455
12.599 5 GPS_INT 637813700 0 0 0 0 0 -17000 0 0 0 649519040 3526 37750 9999 0 0 1
12.599 5 SVINFO 0 9 16 1 0 -91 0
12.600 5 INS 0 0 0 0 0 0 35 11 -574
12.636 5 ROTORCRAFT_FP 0 0 0 0 0 0 -12659 -299 -4921 0 0 0 0 0 0
12.836 5 IMU_MAG_RAW 0 0 0
12.838 5 GPS_INT 637813700 0 0 0 0 0 -17000 0 0 0 649519040 3535 38000 9999 0 0 1
12.839 5 SVINFO 0 9 16 1 0 -91 0
12.841 5 INS 0 0 0 0 0 0 10 60 -492
12.918 5 ROTORCRAFT_FP 0 0 0 0 0 0 -12659 -299 -4926 0 0 0 0 0 0
12.953 5 LINK_REPORT 5 -1 13 0 12103 270 0 988. 22. 2 50.82
13.087 5 GPS_INT 637813700 0 0 0 0 0 -17000 0 0 0 649519040 3544 38250 9999 0 0 1
13.088 5 SVINFO 0 9 16 1 0 -91 0
13.089 5 INS 0 0 0 0 0 0 3 51 -503
13.134 5 ROTORCRAFT_FP 0 0 0 0 0 0 -12660 -299 -4932 0 0 0 0 0 0
13.197 5 ALIVE 193,251,116,175,196,210,68,87,216,253,235,129,95,245,28,119
13.229 5 ROTORCRAFT_NAV_STATUS 0 0 0. 0. 0 0 0
13.335 5 DL_VALUE 31 0.
13.336 5 GPS_INT 637813700 0 0 0 0 0 -17000 0 0 0 649519040 3553 38500 9999 0 0 1
13.337 5 SVINFO 0 9 16 1 0 -91 0
13.338 5 INS 0 0 0 0 0 0 16 24 -562
13.406 5 ROTORCRAFT_FP 0 0 0 0 0 0 -12660 -300 -4938 0 0 0 0 0 0
13.586 5 GPS_INT 637813700 0 0 0 0 0 -17000 0 0 0 649519040 3562 38750 9999 0 0 1
13.587 5 SVINFO 0 9 16 1 0 -91 0
13.588 5 INS 0 0 0 0 0 0 10 -3 -470
13.655 5 WP_MOVED_ENU 13 -10329 10160 2560
13.656 5 ROTORCRAFT_FP 0 0 0 0 0 0 -12660 -300 -4943 0 0 0 0 0 0
13.657 5 ROVER_STATUS 2 0 0 4 0 39 7.497455
13.747 5 IMU_MAG_RAW 0 0 0
13.836 5 GPS_INT 637813700 0 0 0 0 0 -17000 0 0 0 649519040 3570 39000 9999 0 0 1
13.836 5 SVINFO 0 9 16 1 0 -91 0
13.865 5 INS 0 0 0 0 0 0 -2 39 -554
13.895 5 ROTORCRAFT_FP 0 0 0 0 0 0 -12660 -300 -4950 0 0 0 0 0 0
13.953 5 LINK_REPORT 5 -1 14 0 13098 292 0 995. 22. 2 50.82
14.093 5 AUTOPILOT_VERSION 60200 v6.2_unstable-102-gbaca6a4fb-dirty
14.094 5 GPS_INT 637813700 0 0 0 0 0 -17000 0 0 0 649519040 3579 39250 9999 0 0 1
14.094 5 SVINFO 0 9 16 1 0 -91 0
14.095 5 INS 0 0 0 0 0 0 11 25 -515
14.187 5 ROTORCRAFT_FP 0 0 0 0 0 0 -12661 -300 -4955 0 0 0 0 0 0
14.338 5 GPS_INT 637813700 0 0 0 0 0 -17000 0 0 0 649519040 3588 39500 9999 0 0 1
14.339 5 SVINFO 0 9 16 1 0 -91 0
14.340 5 INS 0 0 0 0 0 0 33 29 -570
14.408 5 ROTORCRAFT_FP 0 0 0 0 0 0 -12661 -300 -4961 0 0 0 0 0 0
14.409 5 DL_VALUE 32 0.
14.579 5 ENERGY 0 7.497455 0.15 1.124618 0.00236 0.017663
14.580 5 GPS_INT 637813700 0 0 0 0 0 -17000 0 0 0 649519040 3596 39750 9999 0 0 1
14.580 5 SVINFO 0 9 16 1 0 -91 0
14.581 5 INS 0 0 0 0 0 0 14 43 -510
14.647 5 ROTORCRAFT_FP 0 0 0 0 0 0 -12661 -300 -4967 0 0 0 0 0 0
14.708 5 IMU_MAG_RAW 0 0 0
14.838 5 GPS_INT 637813700 0 0 0 0 0 -17000 0 0 0 649519040 3596 39750 9999 0 0 1
14.838 5 SVINFO 0 9 16 1 0 -91 0
14.839 5 INS 0 0 0 0 0 0 -19 16 -487
14.840 5 ROTORCRAFT_NAV_STATUS 0 0 0. 0. 0 0 0
14.917 5 ROTORCRAFT_FP 0 0 0 0 0 0 -12661 -299 -4973 0 0 0 0 0 0
14.918 5 ROVER_STATUS 2 0 0 4 0 40 7.497455
14.918 5 WP_MOVED_ENU 0 0 0 2560
14.954 5 LINK_REPORT 5 -1 15 0 14149 315 0 1051. 23. 2 50.82
15.084 5 GPS_INT 637813700 0 0 0 0 0 -17000 0 0 0 649519040 3614 40250 9999 0 0 1
15.085 5 SVINFO 0 9 16 1 0 -91 0
15.086 5 INS 0 0 0 0 0 0 10 43 -559
15.154 5 ROTORCRAFT_FP 0 0 0 0 0 0 -12661 -299 -4979 0 0 0 0 0 0
15.248 5 ALIVE 193,251,116,175,196,210,68,87,216,253,235,129,95,245,28,119
15.336 5 GPS_INT 637813700 0 0 0 0 0 -17000 0 0 0 649519040 3614 40250 9999 0 0 1
15.337 5 SVINFO 0 9 16 1 0 -91 0
15.338 5 INS 0 0 0 0 0 0 7 39 -462
15.394 5 ROTORCRAFT_FP 0 0 0 0 0 0 -12661 -300 -4985 0 0 0 0 0 0
15.457 5 DL_VALUE 33 0.
15.488 5 PONG 
15.581 5 GPS_INT 637813700 0 0 0 0 0 -17000 0 0 0 649519040 3622 40500 9999 0 0 1
15.582 5 SVINFO 0 9 16 1 0 -91 0
15.584 5 INS 0 0 0 0 0 0 6 19 -519
15.723 5 ROTORCRAFT_FP 0 0 0 0 0 0 -12662 -299 -4990 0 0 0 0 0 0
15.724 5 STATE_FILTER_STATUS 6 3 0
15.724 5 INS_REF 485065295 -31589301 411664541 404506309 -37260580 702390 650000 0.
15.724 5 IMU_MAG_RAW 0 0 0
15.831 5 GPS_INT 637813700 0 0 0 0 0 -17000 0 0 0 649519040 3631 40750 9999 0 0 1
15.831 5 SVINFO 0 9 16 1 0 -91 0
15.832 5 INS 0 0 0 0 0 0 2 29 -501
15.902 5 ROTORCRAFT_FP 0 0 0 0 0 0 -12661 -299 -4996 0 0 0 0 0 0
15.955 5 LINK_REPORT 5 -1 16 0 15141 337 0 992. 22. 3 37.51
16.082 5 UART_ERRORS 0 0 0 1
16.082 5 UART_ERRORS 0 0 0 2
16.085 5 GPS_INT 637813700 0 0 0 0 0 -17000 0 0 0 649519040 3640 41000 9999 0 0 1
16.087 5 SVINFO 0 9 16 1 0 -91 0
16.087 5 INS 0 0 0 0 0 0 0 33 -588
16.169 5 ROVER_STATUS 2 0 0 4 0 41 7.497455
16.170 5 ROTORCRAFT_FP 0 0 0 0 0 0 -12661 -299 -5002 0 0 0 0 0 0
16.200 5 WP_MOVED_ENU 1 0 0 2560
16.337 5 GPS_INT 637813700 0 0 0 0 0 -17000 0 0 0 649519040 3648 41250 9999 0 0 1
16.337 5 SVINFO 0 9 16 1 0 -91 0
16.338 5 INS 0 0 0 0 0 0 -13 52 -565
16.406 5 ROTORCRAFT_FP 0 0 0 0 0 0 -12662 -299 -5008 0 0 0 0 0 0
16.432 5 ROTORCRAFT_NAV_STATUS 0 0 0. 0. 0 0 0
16.583 5 GPS_INT 637813700 0 0 0 0 0 -17000 0 0 0 649519040 3657 41500 9999 0 0 1
16.584 5 SVINFO 0 9 16 1 0 -91 0
16.586 5 INS 0 0 0 0 0 0 -7 35 -482
16.586 5 DL_VALUE 34 0.
16.642 5 ROTORCRAFT_FP 0 0 0 0 0 0 -12662 -299 -5013 0 0 0 0 0 0
16.670 5 DATALINK_REPORT 1 57 858 1012 0 0
16.686 5 IMU_MAG_RAW 0 0 0
16.808 5 GPS_INT 637813700 0 0 0 0 0 -17000 0 0 0 649519040 3665 41750 9999 0 0 1
16.809 5 SVINFO 0 9 16 1 0 -91 0
16.892 5 INS 0 0 0 0 0 0 20 20 -518
16.894 5 ROTORCRAFT_FP 0 0 0 0 0 0 -12662 -299 -5019 0 0 0 0 0 0
16.955 5 LINK_REPORT 5 -1 17 0 16170 361 0 1029. 24. 3 37.51
16.987 5 ENERGY 0 7.497455 0.25 1.874364 0.002491 0.018647
17.078 5 GPS_INT 637813700 0 0 0 0 0 -17000 0 0 0 649519040 3674 42000 9999 0 0 1
17.083 5 SVINFO 0 9 16 1 0 -91 0
17.083 5 INS 0 0 0 0 0 0 0 33 -529
17.136 5 ROTORCRAFT_FP 0 0 0 0 0 0 -12662 -299 -5025 0 0 0 0 0 0
17.327 5 ROVER_STATUS 2 0 0 4 0 42 7.497455
17.330 5 GPS_INT 637813700 0 0 0 0 0 -17000 0 0 0 649519040 3682 42250 9999 0 0 1
17.330 5 SVINFO 0 9 16 1 0 -91 0
17.332 5 INS 0 0 0 0 0 0 -5 31 -529
17.400 5 ALIVE 193,251,116,175,196,210,68,87,216,253,235,129,95,245,28,119
17.400 5 ROTORCRAFT_FP 0 0 0 0 0 0 -12662 -299 -5030 0 0 0 0 0 0
17.482 5 WP_MOVED_ENU 2 7 -1024 2560
17.587 5 GPS_INT 637813700 0 0 0 0 0 -17000 0 0 0 649519040 3691 42500 9999 0 0 1
17.588 5 SVINFO 0 9 16 1 0 -91 0
17.589 5 INS 0 0 0 0 0 0 -17 19 -505
17.687 5 ROTORCRAFT_FP 0 0 0 0 0 0 -12663 -298 -5036 0 0 0 0 0 0
17.688 5 DL_VALUE 35 0.
17.689 5 IMU_MAG_RAW 0 0 0
17.825 5 GPS_INT 637813700 0 0 0 0 0 -17000 0 0 0 649519040 3699 42750 9999 0 0 1
17.826 5 SVINFO 0 9 16 1 0 -91 0
17.827 5 INS 0 0 0 0 0 0 -8 33 -511
17.909 5 ROTORCRAFT_FP 0 0 0 0 0 0 -12663 -298 -5042 0 0 0 0 0 0
17.955 5 LINK_REPORT 5 -1 18 0 17171 383 0 1001. 22. 3 37.51
18.134 5 ROTORCRAFT_NAV_STATUS 0 0 0. 0. 0 0 0
18.134 5 GPS_INT 637813700 0 0 0 0 0 -17000 0 0 0 649519040 3708 43000 9999 0 0 1
18.135 5 SVINFO 0 9 16 1 0 -91 0
18.136 5 INS 0 0 0 0 0 0 -11 35 -554
18.137 5 ROTORCRAFT_FP 0 0 0 0 0 0 -12663 -298 -5048 0 0 0 0 0 0
18.328 5 GPS_INT 637813700 0 0 0 0 0 -17000 0 0 0 649519040 3716 43250 9999 0 0 1
18.329 5 SVINFO 0 9 16 1 0 -91 0
18.330 5 INS 0 0 0 0 0 0 -27 21 -459
18.387 5 ROTORCRAFT_FP 0 0 0 0 0 0 -12663 -298 -5054 0 0 0 0 0 0
18.464 5 ROVER_STATUS 2 0 0 4 0 43 7.497455
18.585 5 GPS_INT 637813700 0 0 0 0 0 -17000 0 0 0 649519040 3724 43500 9999 0 0 1
18.586 5 SVINFO 0 9 16 1 0 -91 0
18.587 5 INS 0 0 0 0 0 0 14 55 -491
18.642 5 ROTORCRAFT_FP 0 0 0 0 0 0 -12663 -298 -5060 0 0 0 0 0 0
18.704 5 IMU_MAG_RAW 0 0 0
18.736 5 DL_VALUE 36 0.
18.824 5 GPS_INT 637813700 0 0 0 0 0 -17000 0 0 0 649519040 3733 43750 9999 0 0 1
18.824 5 SVINFO 0 9 16 1 0 -91 0
18.825 5 WP_MOVED_ENU 3 -762 -775 2560
18.826 5 INS 0 0 0 0 0 0 16 8 -507
18.913 5 STATE_FILTER_STATUS 6 3 0
18.915 5 ROTORCRAFT_FP 0 0 0 0 0 0 -12664 -297 -5066 0 0 0 0 0 0
18.957 5 LINK_REPORT 5 -1 19 0 18153 405 0 982. 22. 3 37.51
19.085 5 GPS_INT 637813700 0 0 0 0 0 -17000 0 0 0 649519040 3741 44000 9999 0 0 1
19.085 5 SVINFO 0 9 16 1 0 -91 0
19.086 5 INS 0 0 0 0 0 0 6 27 -480
19.152 5 ROTORCRAFT_FP 0 0 0 0 0 0 -12664 -297 -5072 0 0 0 0 0 0
19.153 5 UART_ERRORS 0 2 2384 4
19.323 5 GPS_INT 637813700 0 0 0 0 0 -17000 0 0 0 649519040 3750 44250 9999 0 0 1
19.323 5 SVINFO 0 9 16 1 0 -91 0
19.324 5 INS 0 0 0 0 0 0 -14 26 -472
19.395 5 ROTORCRAFT_FP 0 0 0 0 0 0 -12664 -297 -5078 0 0 0 0 0 0
19.396 5 I2C_ERRORS 0 0 47377 0 0 0 0 0 0 0 0 2
19.454 5 ALIVE 193,251,116,175,196,210,68,87,216,253,235,129,95,245,28,119
19.486 5 ENERGY 0 7.497455 0.225 1.686927 0.002636 0.019736
19.574 5 GPS_INT 637813700 0 0 0 0 0 -17000 0 0 0 649519040 3758 44500 9999 0 0 1
19.574 5 SVINFO 0 9 16 1 0 -91 0
19.575 5 INS 0 0 0 0 0 0 -4 42 -510
19.643 5 ROTORCRAFT_FP 0 0 0 0 0 0 -12664 -297 -5084 0 0 0 0 0 0
19.644 5 ROTORCRAFT_NAV_STATUS 0 0 0. 0. 0 0 0
19.645 5 ROVER_STATUS 2 0 0 4 0 45 7.497455
19.689 5 IMU_MAG_RAW 0 0 0
19.822 5 GPS_INT 637813700 0 0 0 0 0 -17000 0 0 0 649519040 3766 44750 9999 0 0 1
19.822 5 SVINFO 0 9 16 1 0 -91 0
19.823 5 INS 0 0 0 0 0 0 -9 40 -511
19.892 5 ROTORCRAFT_FP 0 0 0 0 0 0 -12664 -297 -5089 0 0 0 0 0 0
19.893 5 DL_VALUE 37 1400.
19.957 5 LINK_REPORT 5 -1 20 0 19214 429 0 1061. 24. 3 37.51
20.047 5 GPS_INT 637813700 0 0 0 0 0 -17000 0 0 0 649519040 3774 45000 9999 0 0 1
20.048 5 SVINFO 0 9 16 1 0 -91 0
20.048 5 INS 0 0 0 0 0 0 -2 16 -509
20.137 5 WP_MOVED_ENU 4 -504 -1029 2560
20.138 5 ROTORCRAFT_FP 0 0 0 0 0 0 -12665 -297 -5095 0 0 0 0 0 0
20.330 5 GPS_INT 637813700 0 0 0 0 0 -17000 0 0 0 649519040 3783 45250 9999 0 0 1
20.330 5 SVINFO 0 9 16 1 0 -91 0
20.331 5 INS 0 0 0 0 0 0 4 2 -542
20.377 5 ROTORCRAFT_FP 0 0 0 0 0 0 -12665 -297 -5101 0 0 0 0 0 0
20.486 5 PONG 
20.574 5 GPS_INT 637813700 0 0 0 0 0 -17000 0 0 0 649519040 3791 45500 9999 0 0 1
20.575 5 SVINFO 0 9 16 1 0 -91 0
20.576 5 INS 0 0 0 0 0 0 19 25 -493
20.632 5 ROTORCRAFT_FP 0 0 0 0 0 0 -12666 -297 -5107 0 0 0 0 0 0
20.690 5 IMU_MAG_RAW 0 0 0
20.737 5 INS_REF 485065295 -31589301 411664541 404506309 -37260580 702390 650000 0.
20.824 5 GPS_INT 637813700 0 0 0 0 0 -17000 0 0 0 649519040 3799 45750 9999 0 0 1
20.825 5 SVINFO 0 9 16 1 0 -91 0
20.826 5 INS 0 0 0 0 0 0 22 43 -576
20.894 5 ROTORCRAFT_FP 0 0 0 0 0 0 -12666 -297 -5113 0 0 0 0 0 0
20.895 5 ROVER_STATUS 2 0 0 4 0 46 7.497455
20.941 5 DL_VALUE 38 10.
20.958 5 LINK_REPORT 5 -1 21 0 20209 451 0 995. 22. 4 34.75
21.077 5 GPS_INT 637813700 0 0 0 0 0 -17000 0 0 0 649519040 3807 46000 9999 0 0 1
21.078 5 SVINFO 0 9 16 1 0 -91 0
21.078 5 INS 0 0 0 0 0 0 24 38 -508
21.134 5 ROTORCRAFT_FP 0 0 0 0 0 0 -12666 -297 -5119 0 0 0 0 0 0
21.208 5 ROTORCRAFT_NAV_STATUS 0 0 0. 0. 0 0 0
21.321 5 GPS_INT 637813700 0 0 0 0 0 -17000 0 0 0 649519040 3816 46250 9999 0 0 1
21.322 5 SVINFO 0 9 16 1 0 -91 0
21.322 5 INS 0 0 0 0 0 0 11 53 -539
21.402 5 ROTORCRAFT_FP 0 0 0 0 0 0 -12666 -296 -5125 0 0 0 0 0 0
21.403 5 WP_MOVED_ENU 5 519 -1021 2560
21.567 5 GPS_INT 637813700 0 0 0 0 0 -17000 0 0 0 649519040 3824 46500 9999 0 0 1
21.568 5 SVINFO 0 9 16 1 0 -91 0
21.569 5 ALIVE 193,251,116,175,196,210,68,87,216,253,235,129,95,245,28,119
21.570 5 INS 0 0 0 0 0 0 10 33 -504
21.648 5 ROTORCRAFT_FP 0 0 0 0 0 0 -12666 -297 -5130 0 0 0 0 0 0
21.688 5 IMU_MAG_RAW 0 0 0
21.811 5 DATALINK_REPORT 2 58 970 990 0 0
21.813 5 GPS_INT 637813700 0 0 0 0 0 -17000 0 0 0 649519040 3832 46750 9999 0 0 1
21.813 5 SVINFO 0 9 16 1 0 -91 0
21.814 5 INS 0 0 0 0 0 0 -5 29 -414
21.932 5 ROTORCRAFT_FP 0 0 0 0 0 0 -12667 -297 -5137 0 0 0 0 0 0
21.959 5 LINK_REPORT 5 -1 22 0 21186 472 0 977. 21. 4 34.75
21.980 5 ENERGY 0 7.497455 0.2 1.499491 0.002772 0.020756
22.066 5 STATE_FILTER_STATUS 6 3 0
22.067 5 GPS_INT 637813700 0 0 0 0 0 -17000 0 0 0 649519040 3840 47000 9999 0 0 1
22.068 5 SVINFO 0 9 16 1 0 -91 0
22.069 5 INS 0 0 0 0 0 0 -4 29 -553
22.069 5 ROVER_STATUS 2 0 0 4 0 47 7.497455
22.069 5 DL_VALUE 39 100.
22.147 5 ROTORCRAFT_FP 0 0 0 0 0 0 -12667 -297 -5143 0 0 0 0 0 0
22.315 5 GPS_INT 637813700 0 0 0 0 0 -17000 0 0 0 649519040 3848 47250 9999 0 0 1
22.316 5 SVINFO 0 9 16 1 0 -91 0
22.317 5 INS 0 0 0 0 0 0 -8 17 -495
22.407 5 ROTORCRAFT_FP 0 0 0 0 0 0 -12667 -297 -5149 0 0 0 0 0 0
22.573 5 GPS_INT 637813700 0 0 0 0 0 -17000 0 0 0 649519040 3856 47500 9999 0 0 1
22.574 5 SVINFO 0 9 16 1 0 -91 0
22.575 5 INS 0 0 0 0 0 0 -32 39 -579
22.647 5 ROTORCRAFT_FP 0 0 0 0 0 0 -12667 -297 -5155 0 0 0 0 0 0
22.687 5 WP_MOVED_ENU 6 760 1031 2560
22.688 5 IMU_MAG_RAW 0 0 0
22.825 5 GPS_INT 637813700 0 0 0 0 0 -17000 0 0 0 649519040 3864 47750 9999 0 0 1
22.826 5 SVINFO 0 9 16 1 0 -91 0
22.827 5 INS 0 0 0 0 0 0 -29 45 -566
22.827 5 ROTORCRAFT_NAV_STATUS 0 0 0. 0. 0 0 0
22.895 5 ROTORCRAFT_FP 0 0 0 0 0 0 -12667 -297 -5161 0 0 0 0 0 0
22.961 5 LINK_REPORT 5 -1 23 0 22202 495 0 1016. 23. 4 34.75
23.064 5 GPS_INT 637813700 0 0 0 0 0 -17000 0 0 0 649519040 3873 48000 9999 0 0 1
23.065 5 SVINFO 0 9 16 1 0 -91 0
23.065 5 INS 0 0 0 0 0 0 28 31 -503
23.146 5 ROTORCRAFT_FP 0 0 0 0 0 0 -12667 -298 -5167 0 0 0 0 0 0
23.147 5 DL_VALUE 40 65405.
23.225 5 ROVER_STATUS 2 0 0 4 0 48 7.497455
23.321 5 GPS_INT 637813700 0 0 0 0 0 -17000 0 0 0 649519040 3881 48250 9999 0 0 1
23.322 5 SVINFO 0 9 16 1 0 -91 0
23.322 5 INS 0 0 0 0 0 0 -14 40 -540
23.416 5 ROTORCRAFT_FP 0 0 0 0 0 0 -12667 -298 -5173 0 0 0 0 0 0
23.567 5 GPS_INT 637813700 0 0 0 0 0 -17000 0 0 0 649519040 3889 48500 9999 0 0 1
23.568 5 SVINFO 0 9 16 1 0 -91 0
23.569 5 INS 0 0 0 0 0 0 1 2 -489
23.655 5 ROTORCRAFT_FP 0 0 0 0 0 0 -12667 -298 -5178 0 0 0 0 0 0
23.656 5 ALIVE 193,251,116,175,196,210,68,87,216,253,235,129,95,245,28,119
23.682 5 IMU_MAG_RAW 0 0 0
23.818 5 GPS_INT 637813700 0 0 0 0 0 -17000 0 0 0 649519040 3897 48750 9999 0 0 1
23.818 5 SVINFO 0 9 16 1 0 -91 0
23.819 5 INS 0 0 0 0 0 0 6 8 -537
23.876 5 ROTORCRAFT_FP 0 0 0 0 0 0 -12667 -298 -5184 0 0 0 0 0 0
23.962 5 LINK_REPORT 5 -1 24 0 23143 515 0 941. 20. 4 34.75
23.971 5 WP_MOVED_ENU 7 775 -1018 2560
24.061 5 GPS_INT 637813700 0 0 0 0 0 -17000 0 0 0 649519040 3905 49000 9999 0 0 1
24.062 5 SVINFO 0 9 16 1 0 -91 0
24.063 5 INS 0 0 0 0 0 0 -3 13 -500
24.120 5 ROTORCRAFT_FP 0 0 0 0 0 0 -12667 -299 -5190 0 0 0 0 0 0
24.306 5 DL_VALUE 41 0.
24.307 5 GPS_INT 637813700 0 0 0 0 0 -17000 0 0 0 649519040 3913 49250 9999 0 0 1
24.308 5 SVINFO 0 9 16 1 0 -91 0
24.309 5 INS 0 0 0 0 0 0 -5 6 -518
24.377 5 ROTORCRAFT_FP 0 0 0 0 0 0 -12667 -299 -5196 0 0 0 0 0 0
24.402 5 ROTORCRAFT_NAV_STATUS 0 0 0. 0. 0 0 0
24.434 5 ROVER_STATUS 2 0 0 4 0 49 7.497455
24.466 5 ENERGY 0 7.497455 0.2 1.499491 0.002916 0.021834
24.571 5 GPS_INT 637813700 0 0 0 0 0 -17000 0 0 0 649519040 3921 49500 9999 0 0 1
24.572 5 SVINFO 0 9 16 1 0 -91 0
24.572 5 INS 0 0 0 0 0 0 -9 27 -567
24.633 5 ROTORCRAFT_FP 0 0 0 0 0 0 -12667 -299 -5202 0 0 0 0 0 0
24.664 5 IMU_MAG_RAW 0 0 0
24.811 5 GPS_INT 637813700 0 0 0 0 0 -17000 0 0 0 649519040 3929 49750 9999 0 0 1
24.812 5 SVINFO 0 9 16 1 0 -91 0
24.812 5 INS 0 0 0 0 0 0 7 15 -508
24.881 5 ROTORCRAFT_FP 0 0 0 0 0 0 -12667 -299 -5208 0 0 0 0 0 0
24.962 5 LINK_REPORT 5 -1 25 0 24142 537 0 999. 22. 4 34.75
25.036 5 GPS_INT 637813700 0 0 0 0 0 -17000 0 0 0 649519040 3937 50000 9999 0 0 1
25.037 5 SVINFO 0 9 16 1 0 -91 0
25.037 5 INS 0 0 0 0 0 0 29 41 -608
25.123 5 ROTORCRAFT_FP 0 0 0 0 0 0 -12668 -299 -5215 0 0 0 0 0 0
25.124 5 AUTOPILOT_VERSION 60200 v6.2_unstable-102-gbaca6a4fb-dirty
25.192 5 STATE_FILTER_STATUS 6 3 0
25.314 5 GPS_INT 637813700 0 0 0 0 0 -17000 0 0 0 649519040 3944 50250 9999 0 0 1
25.315 5 SVINFO 0 9 16 1 0 -91 0
25.315 5 WP_MOVED_ENU 8 -760 -1031 2560
25.403 5 INS 0 0 0 0 0 0 -11 52 -511
25.404 5 UART_ERRORS 0 0 0 1
25.404 5 UART_ERRORS 0 0 0 2
25.404 5 ROTORCRAFT_FP 0 0 0 0 0 0 -12668 -299 -5220 0 0 0 0 0 0
25.405 5 DL_VALUE 42 34.
25.563 5 PONG 
25.564 5 GPS_INT 637813700 0 0 0 0 0 -17000 0 0 0 649519040 3952 50500 9999 0 0 1
25.565 5 SVINFO 0 9 16 1 0 -91 0
25.565 5 INS 0 0 0 0 0 0 7 17 -542
25.588 5 ROTORCRAFT_FP 0 0 0 0 0 0 -12668 -299 -5226 0 0 0 0 0 0
25.700 5 ROVER_STATUS 2 0 0 4 0 51 7.497455
25.700 5 IMU_MAG_RAW 0 0 0
25.716 5 ALIVE 193,251,116,175,196,210,68,87,216,253,235,129,95,245,28,119
25.806 5 GPS_INT 637813700 0 0 0 0 0 -17000 0 0 0 649519040 3960 50750 9999 0 0 1
25.807 5 SVINFO 0 9 16 1 0 -91 0
25.808 5 INS 0 0 0 0 0 0 6 37 -557
25.885 5 INS_REF 485065295 -31589301 411664541 404506309 -37260580 702390 650000 0.
25.887 5 ROTORCRAFT_FP 0 0 0 0 0 0 -12668 -299 -5232 0 0 0 0 0 0
25.963 5 LINK_REPORT 5 -1 26 0 25276 564 0 1134. 27. 5 110.81
26.055 5 ROTORCRAFT_NAV_STATUS 0 0 0. 0. 0 0 0
26.056 5 GPS_INT 637813700 0 0 0 0 0 -17000 0 0 0 649519040 3968 51000 9999 0 0 1
26.057 5 SVINFO 0 9 16 1 0 -91 0
26.058 5 INS 0 0 0 0 0 0 -17 37 -525
26.097 5 ROTORCRAFT_FP 0 0 0 0 0 0 -12669 -299 -5238 0 0 0 0 0 0
26.311 5 GPS_INT 637813700 0 0 0 0 0 -17000 0 0 0 649519040 3976 51250 9999 0 0 1
26.312 5 SVINFO 0 9 16 1 0 -91 0
26.313 5 INS 0 0 0 0 0 0 -16 39 -573
26.358 5 ROTORCRAFT_FP 0 0 0 0 0 0 -12669 -299 -5244 0 0 0 0 0 0
26.430 5 DL_VALUE 43 18.
26.565 5 GPS_INT 637813700 0 0 0 0 0 -17000 0 0 0 649519040 3984 51500 9999 0 0 1
26.565 5 SVINFO 0 9 16 1 0 -91 0
26.567 5 INS 0 0 0 0 0 0 -20 22 -510
26.589 5 WP_MOVED_ENU 9 -775 1018 2560
26.590 5 ROTORCRAFT_FP 0 0 0 0 0 0 -12669 -299 -5250 0 0 0 0 0 0
26.668 5 IMU_MAG_RAW 0 0 0
26.804 5 GPS_INT 637813700 0 0 0 0 0 -17000 0 0 0 649519040 3992 51750 9999 0 0 1
26.806 5 SVINFO 0 9 16 1 0 -91 0
26.806 5 INS 0 0 0 0 0 0 4 11 -604
26.887 5 DATALINK_REPORT 2 59 1086 1020 0 0
26.888 5 ROTORCRAFT_FP 0 0 0 0 0 0 -12669 -300 -5256 0 0 0 0 0 0
26.888 5 ROVER_STATUS 2 0 0 4 0 52 7.497455
26.963 5 LINK_REPORT 5 -1 27 0 26265 586 0 989. 22. 5 110.81
26.966 5 ENERGY 0 7.497455 0.175 1.312055 0.003056 0.02288
27.053 5 GPS_INT 637813700 0 0 0 0 0 -17000 0 0 0 649519040 4000 52000 9999 0 0 1
27.054 5 SVINFO 0 9 16 1 0 -91 0
27.055 5 INS 0 0 0 0 0 0 11 8 -512
27.133 5 ROTORCRAFT_FP 0 0 0 0 0 0 -12669 -300 -5262 0 0 0 0 0 0
27.315 5 GPS_INT 637813700 0 0 0 0 0 -17000 0 0 0 649519040 4007 52250 9999 0 0 1
27.316 5 SVINFO 0 9 16 1 0 -91 0
27.316 5 INS 0 0 0 0 0 0 31 34 -589
27.388 5 ROTORCRAFT_FP 0 0 0 0 0 0 -12669 -300 -5268 0 0 0 0 0 0
27.553 5 GPS_INT 637813700 0 0 0 0 0 -17000 0 0 0 649519040 4015 52500 9999 0 0 1
27.554 5 SVINFO 0 9 16 1 0 -91 0
27.554 5 INS 0 0 0 0 0 0 -49 -8 -481
27.555 5 DL_VALUE 44 8.
27.636 5 ROTORCRAFT_FP 0 0 0 0 0 0 -12670 -300 -5274 0 0 0 0 0 0
27.636 5 ROTORCRAFT_NAV_STATUS 0 0 0. 0. 0 0 0
27.665 5 IMU_MAG_RAW 0 0 0
27.804 5 GPS_INT 637813700 0 0 0 0 0 -17000 0 0 0 649519104 4023 52750 9999 0 0 1
27.805 5 SVINFO 0 9 16 1 0 -91 0
27.806 5 INS 0 0 0 0 0 0 -26 15 -530
27.841 5 ALIVE 193,251,116,175,196,210,68,87,216,253,235,129,95,245,28,119
27.842 5 ROTORCRAFT_FP 0 0 0 0 0 0 -12669 -301 -5280 0 0 0 0 0 0
27.856 5 WP_MOVED_ENU 10 10160 10329 2560
27.963 5 LINK_REPORT 5 -1 28 0 27270 608 0 1005. 22. 5 110.81
28.051 5 GPS_INT 637813700 0 0 0 0 0 -17000 0 0 0 649519104 4031 53000 9999 0 0 1
28.052 5 SVINFO 0 9 16 1 0 -91 0
28.052 5 INS 0 0 0 0 0 0 -3 8 -562
28.053 5 ROVER_STATUS 2 0 0 4 0 53 7.497455
28.135 5 ROTORCRAFT_FP 0 0 0 0 0 0 -12669 -301 -5287 0 0 0 0 0 0
28.301 5 GPS_INT 637813700 0 0 0 0 0 -17000 0 0 0 649519104 4038 53250 9999 0 0 1
28.302 5 SVINFO 0 9 16 1 0 -91 0
28.303 5 INS 0 0 0 0 0 0 -1 -8 -518
28.397 5 ROTORCRAFT_FP 0 0 0 0 0 0 -12669 -301 -5293 0 0 0 0 0 0
28.398 5 UART_ERRORS 0 2 2384 4
28.398 5 STATE_FILTER_STATUS 6 3 0
28.550 5 GPS_INT 637813700 0 0 0 0 0 -17000 0 0 0 649519104 4046 53500 9999 0 0 1
28.551 5 SVINFO 0 9 16 1 0 -91 0
28.552 5 INS 0 0 0 0 0 0 -6 12 -547
28.587 5 ROTORCRAFT_FP 0 0 0 0 0 0 -12670 -301 -5299 0 0 0 0 0 0
28.635 5 DL_VALUE 45 0.
28.665 5 IMU_MAG_RAW 0 0 0
28.804 5 GPS_INT 637813700 0 0 0 0 0 -17000 0 0 0 649519104 4054 53750 9999 0 0 1
28.805 5 SVINFO 0 9 16 1 0 -91 0
28.806 5 INS 0 0 0 0 0 0 -11 20 -496
28.884 5 ROTORCRAFT_FP 0 0 0 0 0 0 -12670 -301 -5305 0 0 0 0 0 0
28.964 5 LINK_REPORT 5 -1 29 0 28218 629 0 948. 21. 5 110.81
29.050 5 GPS_INT 637813700 0 0 0 0 0 -17000 0 0 0 649519104 4062 54000 9999 0 0 1
29.051 5 SVINFO 0 9 16 1 0 -91 0
29.080 5 INS 0 0 0 0 0 0 5 18 -500
29.120 5 ROTORCRAFT_FP 0 0 0 0 0 0 -12670 -301 -5311 0 0 0 0 0 0
29.152 5 WP_MOVED_ENU 11 10329 -10160 2560
29.168 5 ROTORCRAFT_NAV_STATUS 0 0 0. 0. 0 0 0
29.215 5 ROVER_STATUS 2 0 0 4 0 54 7.497455
29.303 5 GPS_INT 637813700 0 0 0 0 0 -17000 0 0 0 649519104 4069 54250 9999 0 0 1
29.303 5 SVINFO 0 9 16 1 0 -91 0
29.304 5 INS 0 0 0 0 0 0 -33 4 -486
29.361 5 ROTORCRAFT_FP 0 0 0 0 0 0 -12670 -302 -5317 0 0 0 0 0 0
29.456 5 ENERGY 0 7.497455 0.375 2.811546 0.003203 0.023989
29.549 5 GPS_INT 637813700 0 0 0 0 0 -17000 0 0 0 649519104 4077 54500 9999 0 0 1
29.549 5 SVINFO 0 9 16 1 0 -91 0
29.550 5 INS 0 0 0 0 0 0 -30 10 -486
29.618 5 ROTORCRAFT_FP 0 0 0 0 0 0 -12671 -301 -5322 0 0 0 0 0 0
29.663 5 IMU_MAG_RAW 0 0 0
29.709 5 DL_VALUE 46 9600.
29.798 5 GPS_INT 637813700 0 0 0 0 0 -17000 0 0 0 649519104 4085 54750 9999 0 0 1
29.798 5 SVINFO 0 9 16 1 0 -91 0
29.799 5 INS 0 0 0 0 0 0 3 -2 -604
29.869 5 ROTORCRAFT_FP 0 0 0 0 0 0 -12670 -303 -5329 0 0 0 0 0 0
29.900 5 ALIVE 193,251,116,175,196,210,68,87,216,253,235,129,95,245,28,119
29.965 5 LINK_REPORT 5 -1 30 0 29247 652 0 1029. 23. 5 110.81
30.051 5 GPS_INT 637813700 0 0 0 0 0 -17000 0 0 0 649519104 4092 55000 9999 0 0 1
30.052 5 SVINFO 0 9 16 1 0 -91 0
30.053 5 INS 0 0 0 0 0 0 -21 12 -467
30.109 5 ROTORCRAFT_FP 0 0 0 0 0 0 -12670 -304 -5335 0 0 0 0 0 0
30.297 5 GPS_INT 637813700 0 0 0 0 0 -17000 0 0 0 649519104 4100 55250 9999 0 0 1
30.297 5 SVINFO 0 9 16 1 0 -91 0
30.298 5 INS 0 0 0 0 0 0 117 -34 -633
30.333 5 ROTORCRAFT_FP 0 0 0 0 0 0 -12670 -303 -5340 0 0 0 0 0 0
30.423 5 ROVER_STATUS 2 0 0 4 0 55 7.497455
30.452 5 WP_MOVED_ENU 12 -10160 -10329 2560
30.528 5 GPS_INT 637813700 0 0 0 0 0 -17000 0 0 0 649519104 4107 55500 9999 0 0 1
30.529 5 SVINFO 0 9 16 1 0 -91 0
30.529 5 PONG 
30.530 5 INS 0 0 0 0 0 0 20 -17 -444
30.625 5 ROTORCRAFT_FP 0 0 0 0 0 0 -12667 -298 -5353 0 0 0 0 0 0
30.689 5 IMU_MAG_RAW 0 0 0
30.794 5 GPS_INT 637813700 0 0 0 0 0 -17000 0 0 0 649519104 4115 55750 9999 0 0 1
30.796 5 SVINFO 0 9 16 1 0 -91 0
30.796 5 INS 0 0 0 0 0 0 -914 -216 157
30.797 5 ROTORCRAFT_NAV_STATUS 0 0 0. 0. 0 0 0
30.885 5 ROTORCRAFT_FP 0 0 0 0 0 0 -12664 -309 -5360 0 0 0 0 0 0
30.886 5 DL_VALUE 47 38400.
30.886 5 INS_REF 485065295 -31589301 411664541 404506309 -37260580 702390 650000 0.
30.966 5 LINK_REPORT 5 -1 31 0 30270 675 0 1023. 23. 6 75.39
31.033 5 GPS_INT 637813700 0 0 0 0 0 -17000 0 0 0 649519104 4123 56000 9999 0 0 1
31.034 5 SVINFO 0 9 16 1 0 -91 0
31.035 5 INS 0 0 0 0 0 0 80 166 -438
31.064 5 ROTORCRAFT_FP 0 0 0 0 0 0 -12666 -301 -5354 0 0 0 0 0 0
31.966 5 LINK_REPORT 5 -1 32 0 30481 679 0 211. 4. 6 75.39
32.967 5 LINK_REPORT 5 -1 33 1 30481 679 0 0. 0. 6 75.39
33.968 5 LINK_REPORT 5 -1 34 2 30481 679 0 0. 0. 6 75.39
34.969 5 LINK_REPORT 5 -1 35 3 30481 679 0 0. 0. 6 75.39
35.969 5 LINK_REPORT 5 -1 36 4 30481 679 0 0. 0. 7 -4924.72
36.970 5 LINK_REPORT 5 -1 37 5 30481 679 0 0. 0. 7 -4924.72
