5.121 5 LINK_REPORT 5 -1 5 0 978 27 0 783. 22. 0 0.
5.121 5 LINK_REPORT 5 -1 379 3 376803 9123 0 0. 0. 90 -1.65900332351e+12
5.176 5 ROVER_STATUS 0 62 3 0 1 695 7.788876
5.245 5 ROTORCRAFT_FP -307 1976 -41500008 -38 0 -32194 12822 237 2786 0 0 0 0 384 0
5.246 5 UART_ERRORS 0 7 38 1
5.246 5 UART_ERRORS 0 0 1 2
5.246 5 UART_ERRORS 0 1 0 3
5.247 5 UART_ERRORS 0 0 0 4
5.309 5 CIRCLE 0.03 -4. 3.
5.399 5 GPS_INT 485068690 -31588178 411660727 404501758 -37258999 702868 652632 42 -12 27 751 87 382547000 179 12 3 1
5.415 5 INS 1976 -322 41506432 -41943 -52428 65897056 19 -553 -380
5.463 5 SVINFO 6 16 13 4 12 19 172
5.463 5 CIRCLE 0.03 -4. 3.
5.464 5 LIDAR 0. 176 1
5.464 5 CIRCLE 0.03 -4. 3.
5.465 5 GPS_INT 485068710 -31588130 411660728 404501750 -37258941 703003 652766 -34 21 -9 716 106 382544000 179 12 3 1
5.465 5 SVINFO 10 27 13 7 33 55 109
5.466 5 INS 1950 -197 41409328 83886 94371 66441884 232 -508 -391
5.466 5 ROTORCRAFT_FP -197 1950 -41410948 46 40 -32438 12861 200 2835 0 0 0 0 384 0
5.467 5 GPS_INT 485068698 -31588129 411660725 404501754 -37258941 702890 652654 -15 6 -10 721 96 382544250 179 12 3 1
5.468 5 ROTORCRAFT_NAV_STATUS 678 678 0. 0. 3 0 2
5.468 5 ROVER_STATUS 0 63 3 0 1 693 7.788876
5.468 5 IMU_MAG_RAW 0 0 0
5.469 5 CIRCLE 0.03 -4. 3.
5.469 5 DL_VALUE 26 0.
5.470 5 GPS_INT 485068701 -31588135 411660725 404501752 -37258948 702921 652685 7 -2 -18 724 104 382544500 197 11 3 1
5.470 5 SVINFO 12 32 4 4 16 19 103
5.471 5 LIDAR 0. 176 1
5.472 5 INS 1958 -212 41425536 -99614 -10485 66350376 5 -453 -384
5.472 5 CIRCLE 0.03 -4. 3.
5.472 5 SVINFO 16 65 13 4 17 30 44
5.472 5 WP_MOVED_ENU 13 -10329 10160 2560
5.472 5 LIDAR 0. 176 1
5.472 5 INS 1914 -284 41457932 -115343 15728 66168624 16 -498 -316
5.473 5 SVINFO 17 66 13 5 27 42 118
5.473 5 INS 1927 -294 41482232 -15728 15728 66031944 20 -541 -337
5.473 5 IMU_MAG_RAW 0 0 0
5.473 5 CIRCLE 0.03 -4. 3.
5.473 5 LIDAR 0. 176 1
5.474 5 GPS_INT 485068685 -31588171 411660722 404501759 -37258991 702790 652554 27 -16 24 749 84 382546750 179 12 3 1
5.474 5 SVINFO 21 79 13 4 25 30 238
5.559 5 ALIVE 53,218,81,70,62,199,115,110,109,98,53,234,26,129,160,165
5.559 5 CIRCLE 0.03 -4. 3.
5.649 5 GPS_INT 485068672 -31588178 411660705 404501754 -37259000 702584 652348 66 -18 8 753 101 382547250 179 12 3 1
5.650 5 SVINFO 23 81 13 6 33 57 10
5.665 5 INS 1963 -327 41514436 -199229 -73400 65851592 8 -561 -327
5.728 5 ROTORCRAFT_FP -327 1963 -41516036 -35 -97 -32149 12818 242 2772 0 0 0 0 384 0
5.808 5 IMU_MAG_RAW 0 0 0
5.808 5 CIRCLE 0.03 -4. 3.
5.898 5 SVINFO 24 82 13 4 16 32 302
5.902 5 LIDAR 0. 176 7
5.914 5 INS 1955 -330 41522436 -41943 -83886 65806184 8 -577 -331
5.930 5 ROTORCRAFT_NAV_STATUS 681 681 0. 0. 3 0 2
5.948 5 LINK_REPORT 5 -1 6 0 1672 45 0 694. 18. 1 -1.65900332767e+12
5.977 5 ROTORCRAFT_FP -330 1955 -41524036 -40 -20 -32127 12816 244 2767 0 0 0 0 384 0
6.003 5 LINK_REPORT 5 -1 380 0 378066 9160 0 1263. 37. 90 -1.65900332351e+12
6.057 5 CIRCLE 0.03 -4. 3.
6.147 5 GPS_INT 485068622 -31588175 411660658 404501751 -37259000 701898 651661 26 5 25 757 75 382547750 197 11 3 1
6.148 5 SVINFO 25 88 13 4 14 25 74
6.364 5 ROVER_STATUS 0 63 3 0 1 696 7.797707
6.396 5 GPS_INT 485068639 -31588180 411660657 404501740 -37259005 702028 651792 43 -5 3 758 99 382548000 197 11 3 1
6.397 5 SVINFO 0 1 13 6 32 32 266
6.508 5 WP_MOVED_ENU 1 0 0 2560
6.556 5 CIRCLE 0.03 -4. 3.
6.646 5 GPS_INT 485068636 -31588183 411660650 404501737 -37259008 701959 651723 23 -4 29 760 77 382548250 197 11 3 1
6.725 5 ROTORCRAFT_FP -345 1914 -41548044 -7 17 -32061 12813 249 2773 0 0 0 0 384 0
6.726 5 STATE_FILTER_STATUS 6 3 0
6.895 5 GPS_INT 485068612 -31588180 411660641 404501745 -37259007 701719 651482 30 2 34 762 75 382548500 199 10 3 1
6.896 5 SVINFO 2 7 12 4 13 2 268
6.896 5 LIDAR 0. 176 1
6.911 5 INS 1937 -343 41554444 31457 15728 65626768 -47 -590 -371
6.949 5 LINK_REPORT 5 -1 7 0 1903 51 0 231. 6. 1 -1.65900332767e+12
6.974 5 ROTORCRAFT_FP -343 1937 -41556044 7 15 -32039 12811 250 2784 0 0 0 0 384 0
7.004 5 LINK_REPORT 5 -1 381 0 378434 9169 0 368. 9. 91 -1.65900332851e+12
7.054 5 CIRCLE 0.03 -4. 3.
7.101 5 ENERGY 4 7.797707 0.25 1.949427 0.307666 2.342327
7.148 5 GPS_INT 485068584 -31588175 411660625 404501751 -37259004 701394 651158 28 -11 16 765 87 382548750 199 10 3 1
7.148 5 SVINFO 3 8 13 6 31 78 341
7.223 5 ROTORCRAFT_FP -332 1953 -41564044 -25 -17 -32017 12810 252 2788 0 0 0 0 384 0
7.303 5 DL_VALUE 30 0.
7.304 5 CIRCLE 0.03 -4. 3.
7.367 5 INS_REF 485069569 -31588109 411660456 404501063 -37258851 707753 657517 0.
7.393 5 GPS_INT 485068574 -31588179 411660622 404501754 -37259009 701303 651067 33 -21 19 768 88 382549000 199 10 3 1
7.394 5 SVINFO 4 10 12 4 24 38 50
7.409 5 INS 1963 -345 41570444 -41943 -99614 65536252 -18 -600 -382
7.521 5 ROTORCRAFT_NAV_STATUS 682 682 0. 0. 3 0 2
7.553 5 CIRCLE 0.03 -4. 3.
7.553 5 ROVER_STATUS 0 62 3 0 1 697 7.806538
7.643 5 GPS_INT 485068564 -31588182 411660618 404501757 -37259013 701205 650969 48 -17 13 770 94 382549250 199 10 3 1
7.643 5 SVINFO 5 14 4 4 13 7 324
7.659 5 ALIVE 53,218,81,70,62,199,115,110,109,98,53,234,26,129,160,165
7.659 5 INS 1971 -355 41578444 -115343 -73400 65490492 -37 -617 -341
7.722 5 ROTORCRAFT_FP -355 1971 -41580044 -35 -56 -31973 12808 254 2773 0 0 0 0 384 0
7.812 5 WP_MOVED_ENU 2 7 -1024 2560
7.812 5 IMU_MAG_RAW 0 0 0
7.812 5 CIRCLE 0.03 -4. 3.
7.891 5 GPS_INT 485068538 -31588181 411660602 404501761 -37259014 700904 650668 37 -14 15 772 90 382549500 199 10 3 1
7.891 5 SVINFO 6 16 12 3 7 19 172
7.892 5 LIDAR 0. 176 1
7.907 5 INS 1984 -355 41586444 -73400 -62914 65445940 -43 -617 -370
7.950 5 LINK_REPORT 5 -1 8 0 2497 66 0 594. 15. 1 -1.65900332767e+12
8.005 5 LINK_REPORT 5 -1 382 0 378913 9181 0 479. 12. 91 -1.65900332851e+12
8.051 5 CIRCLE 0.03 -4. 3.
8.141 5 GPS_INT 485068536 -31588185 411660596 404501759 -37259019 700850 650613 23 -6 28 773 79 382549750 197 11 3 1
8.141 5 SVINFO 7 21 13 6 26 60 290
8.299 5 CIRCLE 0.03 -4. 3.
8.347 5 DL_VALUE 31 0.
8.390 5 GPS_INT 485068546 -31588191 411660598 404501754 -37259026 700947 650710 31 -17 16 774 85 382550000 197 11 3 1
8.391 5 DATALINK_REPORT 695 0 17961 1111 0 0
8.406 5 INS 1960 -381 41602444 -47185 -78643 65357180 -33 -630 -351
8.470 5 ROTORCRAFT_FP -381 1960 -41604044 -38 -23 -31908 12807 256 2773 0 0 0 0 384 0
8.549 5 CIRCLE 0.03 -4. 3.
8.630 5 GPS_INT 485068550 -31588196 411660593 404501748 -37259031 700944 650707 38 -6 29 774 80 382550250 197 11 3 1
8.751 5 ROVER_STATUS 0 62 3 0 1 699 7.806538
8.799 5 CIRCLE 0.03 -4. 3.
8.889 5 SVINFO 10 27 13 7 34 55 109
8.917 5 I2C_ERRORS 0 0 28276 0 0 0 0 0 0 0 0 1
8.918 5 LIDAR 0. 176 1
8.918 5 INS 1935 -391 41618440 -62914 5242 65251756 -1185 1152 -452
8.950 5 LINK_REPORT 5 -1 9 0 2802 74 0 305. 8. 1 -1.65900332767e+12
9.005 5 LINK_REPORT 5 -1 383 0 379252 9190 0 339. 9. 91 -1.65900332851e+12
9.044 5 CIRCLE 0.03 -4. 3.
9.092 5 WP_MOVED_ENU 3 -762 -775 2560
9.156 5 GPS_INT 485068570 -31588200 411660598 404501739 -37259033 701129 650893 53 -4 48 775 77 382550750 179 12 3 1
9.157 5 INS 1920 -399 41626436 10485 -5242 65179808 -554 77 9
9.217 5 ROTORCRAFT_FP -399 1920 -41628032 -2 5 -31833 12154 355 2087 0 0 0 0 384 0
9.296 5 CIRCLE 0.03 -4. 3.
9.386 5 GPS_INT 485068596 -31588203 411660613 404501734 -37259035 701420 651184 46 3 43 775 75 382551000 178 12 3 1
9.387 5 SVINFO 12 32 4 1 0 19 103
9.402 5 INS 1907 -404 41634424 15728 26214 65138772 639 445 -204
9.466 5 ROTORCRAFT_FP -404 1907 -41636020 12 7 -31837 11966 251 1211 0 0 0 0 384 0
9.467 5 DL_VALUE 32 0.
9.546 5 CIRCLE 0.03 -4. 3.
9.593 5 ENERGY 4 7.806538 0.225 1.756471 0.307865 2.343882
9.795 5 IMU_MAG_RAW 0 0 0
9.796 5 CIRCLE 0.03 -4. 3.
9.886 5 GPS_INT 485068611 -31588204 411660644 404501747 -37259036 701739 651503 20 -17 83 774 98 382551500 178 12 3 1
9.886 5 LIDAR 0. 176 1
9.933 5 STATE_FILTER_STATUS 6 3 0
9.949 5 ROVER_STATUS 0 63 3 0 1 700 7.806538
9.951 5 LINK_REPORT 5 -1 10 0 2802 74 0 0. 0. 1 -1.65900332767e+12
10.006 5 LINK_REPORT 5 -1 384 0 379986 9209 0 734. 19. 91 -1.65900332851e+12
10.044 5 CIRCLE 0.03 -4. 3.
10.125 5 GPS_INT 485068594 -31588210 411660658 404501766 -37259043 701706 651470 -9 -28 101 774 104 382551750 178 12 3 1
10.156 5 INS 1996 -422 41658244 424672 -152043 65024152 1028 333 -994
10.294 5 CIRCLE 0.03 -4. 3.
10.385 5 GPS_INT 485068628 -31588221 411660693 404501770 -37259054 702197 651961 17 -22 50 774 98 382552000 178 12 3 1
10.385 5 SVINFO 16 65 13 4 18 30 44
10.386 5 WP_MOVED_ENU 4 -504 -1029 2560
10.400 5 INS 2007 -442 41666148 136314 -110100 65015580 1278 -1882 58
10.462 5 ROTORCRAFT_FP -442 2007 -41667732 -53 66 -31738 11681 172 -42 0 0 0 0 384 0
10.632 5 SVINFO 17 66 13 4 21 42 118
10.647 5 INS 2045 -473 41674056 272629 -356515 64987408 -158 -1327 1208
10.711 5 ROTORCRAFT_NAV_STATUS 686 686 0. 0. 3 0 2
10.791 5 IMU_MAG_RAW 0 0 0
10.791 5 CIRCLE 0.03 -4. 3.
10.881 5 GPS_INT 485068591 -31588241 411660721 404501810 -37259081 702106 651870 -53 -33 83 777 115 382552500 178 12 3 1
10.882 5 LIDAR 2.4 176 1
10.897 5 INS 2122 -501 41681956 503316 -193986 64927280 -9 -654 673
10.952 5 LINK_REPORT 5 -1 11 0 2921 77 0 119. 3. 2 -1.65900333267e+12
11.007 5 LINK_REPORT 5 -1 385 0 380559 9223 0 573. 14. 91 -1.65900332851e+12
11.284 5 CIRCLE 0.03 -4. 3.
11.379 5 GPS_INT 485068554 -31588267 411660749 404501849 -37259114 702022 651785 -18 -55 39 782 104 382553000 178 12 3 1
11.405 5 INS 2234 -573 41697768 204472 -298843 64858020 -813 -272 49
11.406 5 UART_ERRORS 0 7 38 1
11.406 5 UART_ERRORS 0 0 1 2
11.406 5 UART_ERRORS 0 1 0 3
11.453 5 ROTORCRAFT_FP -573 2234 -41699348 -145 99 -31672 12853 98 -1479 0 0 0 0 384 0
11.533 5 CIRCLE 0.03 -4. 3.
11.655 5 INS 2224 -593 41705672 -162529 -136314 64805340 -1196 -492 217
11.655 5 DL_VALUE 34 0.
11.714 5 ROTORCRAFT_FP -593 2224 -41707252 -66 -79 -31634 -12814 63 -1380 0 0 0 0 384 0
11.777 5 IMU_MAG_RAW 0 0 0
11.793 5 CIRCLE 0.03 -4. 3.
11.842 5 ALIVE 53,218,81,70,62,199,115,110,109,98,53,234,26,129,160,165
11.874 5 GPS_INT 485068559 -31588276 411660743 404501842 -37259124 702019 651783 16 -11 4 789 84 382553500 178 12 3 1
11.889 5 LIDAR 0. 176 1
11.890 5 INS 2214 -596 41713572 -41943 -52428 64735140 -976 -388 779
11.953 5 LINK_REPORT 5 -1 12 0 2988 79 0 67. 2. 2 -1.65900333267e+12
11.953 5 ROTORCRAFT_FP -596 2214 -41715152 -25 -20 -31620 -12789 25 -997 0 0 0 0 384 0
12.008 5 LINK_REPORT 5 -1 386 0 381219 9239 0 660. 16. 92 -1.65900333351e+12
12.033 5 CIRCLE 0.03 -4. 3.
12.081 5 ENERGY 4 7.806538 0.325 2.537125 0.308067 2.345459
12.128 5 GPS_INT 485068546 -31588275 411660731 404501842 -37259123 701843 651606 14 -17 25 792 94 382553750 178 12 3 1
12.129 5 SVINFO 23 81 13 4 22 57 10
12.144 5 INS 2211 -596 41721472 47185 -89128 64711588 -681 37 -460
12.207 5 ROTORCRAFT_FP -596 2211 -41723052 -43 23 -31593 -12807 70 -615 0 0 0 0 384 0
12.286 5 CIRCLE 0.03 -4. 3.
12.302 5 ROTORCRAFT_NAV_STATUS 687 687 0. 0. 3 0 2
12.334 5 ROVER_STATUS 0 62 3 0 1 702 7.806538
12.377 5 GPS_INT 485068545 -31588276 411660728 404501841 -37259125 701820 651584 1 -14 18 795 98 382554000 178 12 3 1
12.378 5 SVINFO 24 82 13 4 17 32 302
12.392 5 INS 2206 -599 41729372 62914 -73400 64666048 296 27 -332
12.440 5 INS_REF 485069569 -31588109 411660456 404501063 -37258851 707753 657517 0.
12.536 5 CIRCLE 0.03 -4. 3.
12.626 5 GPS_INT 485068552 -31588270 411660730 404501838 -37259118 701886 651650 25 4 -2 798 101 382554250 178 12 3 1
12.627 5 SVINFO 25 88 13 4 16 25 74
12.642 5 INS 2201 -581 41737272 -94371 26214 64619692 89 -169 -417
12.705 5 ROTORCRAFT_FP -581 2201 -41738852 12 -46 -31548 -12821 87 -68 0 0 0 0 384 0
12.736 5 DL_VALUE 35 1.293442
12.784 5 IMU_MAG_RAW 0 0 0
12.784 5 CIRCLE 0.03 -4. 3.
12.874 5 SVINFO 0 1 13 4 23 32 266
12.875 5 LIDAR 0. 176 1
12.890 5 INS 2165 -576 41745172 -214957 26214 64573648 87 -159 -379
12.953 5 LINK_REPORT 5 -1 13 0 3292 87 0 304. 8. 2 -1.65900333267e+12
12.954 5 ROTORCRAFT_FP -576 2165 -41746752 12 -104 -31525 -12826 96 127 0 0 0 0 384 0
13.008 5 LINK_REPORT 5 -1 387 0 381840 9255 0 621. 16. 92 -1.65900333351e+12
13.034 5 CIRCLE 0.03 -4. 3.
13.098 5 STATE_FILTER_STATUS 6 3 0
13.284 5 CIRCLE 0.03 -4. 3.
13.363 5 SVINFO 2 7 12 1 0 2 268
13.453 5 DATALINK_REPORT 700 0 18090 1087 0 0
13.533 5 CIRCLE 0.03 -4. 3.
13.533 5 ROVER_STATUS 0 62 3 0 1 703 7.806538
13.782 5 CIRCLE 0.03 -4. 3.
13.830 5 DL_VALUE 36 2.787055
13.878 5 LIDAR 0.3 176 1
13.926 5 ALIVE 53,218,81,70,62,199,115,110,109,98,53,234,26,129,160,165
13.953 5 LINK_REPORT 5 -1 14 0 3446 92 0 154. 5. 2 -1.65900333267e+12
13.956 5 ROTORCRAFT_FP -532 2019 -41778340 15 -84 -31435 -12844 122 591 0 0 0 0 384 0
14.009 5 LINK_REPORT 5 -1 388 0 382010 9262 0 170. 7. 92 -1.65900333351e+12
14.020 5 CIRCLE 0.03 -4. 3.
14.116 5 GPS_INT 485068684 -31588259 411660749 404501774 -37259094 703004 652768 77 2 23 806 95 382555500 178 12 3 1
14.117 5 SVINFO 5 14 4 1 0 7 324
14.197 5 ROTORCRAFT_FP -522 2007 -41786228 -10 -5 -31412 -12848 128 646 0 0 0 0 384 0
14.275 5 WP_MOVED_ENU 7 775 -1018 2560
14.276 5 CIRCLE 0.03 -4. 3.
14.369 5 GPS_INT 485068694 -31588256 411660751 404501770 -37259090 703087 652850 66 -8 54 808 86 382555750 197 11 3 1
14.370 5 SVINFO 6 16 13 4 9 19 172
14.481 5 UART_ERRORS 0 0 0 4
14.529 5 CIRCLE 0.03 -4. 3.
14.577 5 ENERGY 4 7.806538 0.3 2.341961 0.308315 2.347395
14.619 5 GPS_INT 485068716 -31588257 411660766 404501767 -37259089 703354 653118 77 -27 54 811 87 382556000 193 11 3 1
14.620 5 SVINFO 7 21 13 4 19 60 290
14.731 5 ROVER_STATUS 0 62 3 0 1 705 7.806538
14.778 5 IMU_MAG_RAW 0 0 0
14.778 5 CIRCLE 0.03 -4. 3.
14.868 5 LIDAR 0. 176 1
14.954 5 LINK_REPORT 5 -1 15 0 3611 97 0 165. 5. 2 -1.65900333267e+12
15.009 5 LINK_REPORT 5 -1 389 0 382508 9275 0 498. 13. 92 -1.65900333351e+12
15.027 5 CIRCLE 0.03 -4. 3.
15.277 5 CIRCLE 0.03 -4. 3.
15.367 5 SVINFO 10 27 13 6 26 55 109
15.447 5 ROTORCRAFT_FP -537 1873 -41825304 -61 -69 -31298 -12864 157 814 0 0 0 0 384 0
15.494 5 ROTORCRAFT_NAV_STATUS 690 690 0. 0. 3 0 2
15.526 5 CIRCLE 0.03 -4. 3.
15.574 5 WP_MOVED_ENU 8 -760 -1031 2560
15.616 5 GPS_INT 485068800 -31588269 411660773 404501723 -37259098 704043 653807 131 -32 78 821 90 382557000 178 12 3 1
15.695 5 ROTORCRAFT_FP -537 1848 -41833104 -33 -61 -31275 -12866 162 834 0 0 0 0 384 0
15.775 5 IMU_MAG_RAW 0 0 0
15.775 5 CIRCLE 0.03 -4. 3.
15.866 5 GPS_INT 485068819 -31588270 411660776 404501714 -37259097 704209 653973 134 -21 84 824 90 382557250 178 12 3 1
15.867 5 SVINFO 12 32 4 4 23 19 102
15.867 5 LIDAR 0. 176 1
15.945 5 ROTORCRAFT_FP -540 1807 -41840904 -63 -99 -31252 12866 167 849 0 0 0 0 384 0
15.946 5 ROVER_STATUS 0 62 3 0 1 706 7.806538
15.955 5 LINK_REPORT 5 -1 16 0 3636 98 0 25. 1. 3 -1.65900333768e+12
16.010 5 LINK_REPORT 5 -1 390 0 383100 9290 0 592. 15. 92 -1.65900333351e+12
16.036 5 ALIVE 53,218,81,70,62,199,115,110,109,98,53,234,26,129,160,165
16.036 5 CIRCLE 0.03 -4. 3.
16.037 5 DL_VALUE 38 10.
16.115 5 GPS_INT 485068857 -31588274 411660788 404501700 -37259099 704578 654341 145 -34 75 826 89 382557500 178 12 3 1
16.274 5 CIRCLE 0.03 -4. 3.
16.289 5 STATE_FILTER_STATUS 6 3 0
16.446 5 ROTORCRAFT_FP -547 1697 -41856504 -28 -89 -31207 12862 176 872 0 0 0 0 384 0
16.613 5 GPS_INT 485068932 -31588281 411660796 404501661 -37259101 705201 654965 145 -20 79 834 94 382558000 178 12 3 1
16.693 5 ROTORCRAFT_FP -537 1643 -41864304 -2 -176 -31185 12860 180 880 0 0 0 0 384 0
16.772 5 IMU_MAG_RAW 0 0 0
16.773 5 CIRCLE 0.03 -4. 3.
16.879 5 GPS_INT 485068983 -31588281 411660811 404501642 -37259097 705688 655452 169 -12 55 837 98 382558250 178 12 3 1
16.879 5 SVINFO 16 65 13 4 21 30 43
16.880 5 WP_MOVED_ENU 9 -775 1018 2560
16.880 5 LIDAR 0. 176 1
16.941 5 ROTORCRAFT_FP -519 1600 -41872104 -15 -138 -31162 12859 184 886 0 0 0 0 384 0
16.956 5 LINK_REPORT 5 -1 17 0 4105 108 0 469. 10. 3 -1.65900333768e+12
17.010 5 LINK_REPORT 5 -1 391 0 383285 9296 0 185. 6. 93 -1.65900333851e+12
17.085 5 ROTORCRAFT_NAV_STATUS 692 692 0. 0. 3 0 2
17.191 5 ROTORCRAFT_FP -509 1553 -41879904 -46 -135 -31140 12857 188 891 0 0 0 0 384 0
17.519 5 CIRCLE 0.03 -4. 3.
17.567 5 UART_ERRORS 0 7 38 1
17.583 5 UART_ERRORS 0 0 1 2
17.609 5 GPS_INT 485069090 -31588272 411660833 404501595 -37259079 706632 656396 178 -18 70 845 95 382559000 178 12 3 1
17.625 5 INS 1472 -499 41893936 -267386 -209715 63692300 -99 -330 -346
17.957 5 LINK_REPORT 5 -1 18 0 4105 108 0 0. 0. 3 -1.65900333768e+12
18.011 5 LINK_REPORT 5 -1 392 0 383568 9303 0 283. 7. 93 -1.65900333851e+12
18.108 5 SVINFO 21 79 13 6 34 30 237
18.108 5 ALIVE 53,218,81,70,62,199,115,110,109,98,53,234,26,129,160,165
18.172 5 WP_MOVED_ENU 10 10160 10329 2560
18.188 5 ROTORCRAFT_FP -483 1423 -41911096 -2 -112 -31050 12852 202 903 0 0 0 0 384 0
18.267 5 CIRCLE 0.03 -4. 3.
18.517 5 CIRCLE 0.03 -4. 3.
18.517 5 DATALINK_REPORT 705 0 18219 1078 0 0
18.607 5 GPS_INT 485069247 -31588279 411660909 404501555 -37259075 708329 658093 155 -42 97 856 93 382560000 178 12 3 1
18.608 5 SVINFO 23 81 13 6 30 57 11
18.623 5 INS 1384 -488 41925132 -178257 -178257 63509356 -112 -343 -379
18.686 5 ROTORCRAFT_FP -488 1384 -41926684 -87 -87 -31006 12851 209 906 0 0 0 0 384 0
18.687 5 ROTORCRAFT_NAV_STATUS 694 694 0. 0. 3 0 2
18.766 5 IMU_MAG_RAW 0 0 0
18.766 5 CIRCLE 0.03 -4. 3.
18.957 5 LINK_REPORT 5 -1 19 1 4105 108 0 0. 0. 3 -1.65900333768e+12
19.009 5 CIRCLE 0.03 -4. 3.
19.012 5 LINK_REPORT 5 -1 393 0 384104 9318 0 536. 15. 93 -1.65900333851e+12
19.104 5 GPS_INT 485069287 -31588285 411660922 404501540 -37259078 708721 658484 153 -37 83 859 94 382560500 178 12 3 1
19.105 5 SVINFO 25 88 13 4 10 25 74
19.120 5 INS 1315 -494 41940576 -235929 -41943 63418076 -143 -349 -350
19.184 5 ROTORCRAFT_FP -494 1315 -41942116 -20 -115 -30961 12849 214 907 0 0 0 0 384 0
19.263 5 CIRCLE 0.03 -4. 3.
19.311 5 DL_VALUE 41 0.
19.354 5 GPS_INT 485069318 -31588286 411660929 404501527 -37259078 708995 658759 152 -17 72 859 94 382560750 178 12 3 1
19.355 5 SVINFO 0 1 13 4 22 32 266
19.369 5 INS 1292 -488 41948276 -131071 -99614 63371800 -141 -346 -369
19.434 5 ROTORCRAFT_FP -488 1292 -41949820 -48 -63 -30938 12848 217 908 0 0 0 0 384 0
19.465 5 WP_MOVED_ENU 11 10329 -10160 2560
19.481 5 STATE_FILTER_STATUS 6 3 0
19.513 5 CIRCLE 0.03 -4. 3.
19.513 5 ROVER_STATUS 0 66 3 0 1 709 7.806538
19.561 5 ENERGY 4 7.806538 0.375 2.927452 0.308819 2.351331
19.603 5 GPS_INT 485069330 -31588284 411660927 404501518 -37259075 709076 658840 133 -27 82 859 92 382561000 178 12 3 1
19.619 5 INS 1269 -481 41955984 -110100 -62914 63326740 -145 -353 -340
19.958 5 LINK_REPORT 5 -1 20 2 4105 108 0 0. 0. 3 -1.65900333768e+12
20.012 5 LINK_REPORT 5 -1 394 0 384814 9335 0 710. 17. 93 -1.65900333851e+12
20.101 5 GPS_INT 485069342 -31588280 411660915 404501504 -37259069 709083 658846 105 -33 83 858 90 382561500 178 12 3 1
20.102 5 SVINFO 3 8 13 6 29 78 341
20.181 5 ROTORCRAFT_FP -471 1239 -41972928 -28 -58 -30871 12847 224 909 0 0 0 0 384 0
20.351 5 SVINFO 4 10 13 4 23 38 50
20.366 5 INS 1198 -471 41979088 -225443 -62914 63186768 -171 -362 -358
20.590 5 GPS_INT 485069372 -31588280 411660914 404501485 -37259067 709311 659075 111 -19 39 856 95 382562000 178 12 3 1
20.622 5 INS 1167 -465 41986788 -141557 -78643 63140952 -169 -371 -353
20.848 5 SVINFO 6 16 13 4 14 19 172
20.848 5 LIDAR 0. 176 1
20.863 5 INS 1152 -460 41994488 -99614 -68157 63095364 -190 -369 -353
20.928 5 ROTORCRAFT_FP -460 1152 -41996028 -33 -48 -30804 12848 230 910 0 0 0 0 384 0
20.959 5 LINK_REPORT 5 -1 21 3 4105 108 0 0. 0. 4 -1.65900334268e+12
21.007 5 CIRCLE 0.03 -4. 3.
21.013 5 LINK_REPORT 5 -1 395 0 385350 9347 0 536. 12. 93 -1.65900333851e+12
21.959 5 LINK_REPORT 5 -1 22 4 4105 108 0 0. 0. 4 -1.65900334268e+12
22.014 5 LINK_REPORT 5 -1 396 0 385350 9347 0 0. 0. 94 -1.65900334351e+12
22.960 5 LINK_REPORT 5 -1 23 5 4105 108 0 0. 0. 4 -1.65900334268e+12
23.015 5 LINK_REPORT 5 -1 397 1 385350 9347 0 0. 0. 94 -1.65900334351e+12
23.324 5 ENERGY 4 7.806538 0.35 2.732288 0.308574 2.349412
23.325 5 GPS_INT 485069013 -31588276 411660814 404501626 -37259089 705929 655693 168 -16 74 840 95 382558500 178 12 3 1
23.325 5 SVINFO 17 66 13 6 29 43 118
23.326 5 INS 1553 -509 41878344 -277872 -94371 63784288 -68 -300 -366
23.326 5 ROVER_STATUS 0 65 3 0 1 707 7.806538
23.326 5 DL_VALUE 39 100.
23.327 5 CIRCLE 0.03 -4. 3.
23.327 5 LIDAR 0. 176 1
23.328 5 ROVER_STATUS 0 66 3 0 1 708 7.806538
23.328 5 SVINFO 24 82 13 4 12 32 302
23.328 5 LIDAR 0. 176 1
23.329 5 ROTORCRAFT_FP -481 1269 -41957524 -30 -53 -30916 12848 220 908 0 0 0 0 384 0
23.329 5 IMU_MAG_RAW 0 0 0
23.330 5 CIRCLE 0.03 -4. 3.
23.330 5 LIDAR 0. 176 9
23.330 5 INS 1251 -476 41963688 -36700 -141557 63280432 -155 -361 -363
23.330 5 UART_ERRORS 0 1 0 3
23.330 5 UART_ERRORS 0 0 0 4
23.330 5 ROVER_STATUS 0 66 3 0 1 711 7.815369
23.331 5 WP_MOVED_ENU 12 -10160 -10329 2560
23.331 5 IMU_MAG_RAW 0 0 0
23.331 5 CIRCLE 0.03 -4. 3.
23.331 5 SVINFO 7 21 13 4 23 60 290
23.332 5 CIRCLE 0.03 -4. 3.
23.332 5 INS 1134 -445 42017588 62914 -73400 62957772 -148 -359 -346
23.332 5 IMU_MAG_RAW 0 0 0
23.332 5 CIRCLE 0.03 -4. 3.
23.333 5 CIRCLE 0.03 -4. 3.
23.333 5 INS_REF 485069569 -31588109 411660456 404501063 -37258851 707753 657517 0.
23.333 5 CIRCLE 0.03 -4. 3.
23.333 5 CIRCLE 0.03 -4. 3.
23.355 5 INS 1090 -435 42071392 -89128 -5242 62638596 -214 -365 -338
23.467 5 ROTORCRAFT_NAV_STATUS 698 698 0. 0. 3 0 2
23.701 5 DL_VALUE 45 18.
23.760 5 IMU_MAG_RAW 0 0 0
23.760 5 CIRCLE 0.03 -4. 3.
23.760 5 UART_ERRORS 0 7 38 1
23.838 5 GPS_INT 485069420 -31588266 411660879 404501434 -37259047 709438 659202 63 4 42 852 94 382565250 191 11 3 1
23.839 5 LIDAR 0. 176 1
23.854 5 INS 1052 -427 42086600 -47185 41943 62546388 -223 -338 -348
23.961 5 LINK_REPORT 5 -1 24 0 5326 148 0 1221. 40. 4 -1.65900334268e+12
23.998 5 CIRCLE 0.03 -4. 3.
24.016 5 LINK_REPORT 5 -1 398 2 385350 9347 0 0. 0. 94 -1.65900334351e+12
24.088 5 GPS_INT 485069419 -31588262 411660870 404501428 -37259041 709375 659139 56 -1 27 852 96 382565500 191 11 3 1
24.103 5 INS 1036 -417 42094204 -83886 10485 62501332 -234 -359 -333
24.359 5 INS 995 -414 42101804 -173014 -26214 62456168 -242 -373 -336
24.390 5 ALIVE 53,218,81,70,62,199,115,110,109,98,53,234,26,129,160,165
24.486 5 CIRCLE 0.03 -4. 3.
24.550 5 ENERGY 4 7.815369 0.5 3.907684 0.309375 2.355671
24.646 5 WP_MOVED_ENU 1 0 0 2560
24.742 5 IMU_MAG_RAW 0 0 0
24.742 5 CIRCLE 0.03 -4. 3.
24.806 5 DL_VALUE 46 8.
24.961 5 LINK_REPORT 5 -1 25 0 5702 159 0 376. 11. 4 -1.65900334268e+12
24.994 5 CIRCLE 0.03 -4. 3.
25.017 5 LINK_REPORT 5 -1 399 3 385350 9347 0 0. 0. 94 -1.65900334351e+12
25.058 5 ROTORCRAFT_NAV_STATUS 700 700 0. 0. 3 0 2
25.104 5 GPS_INT 485069456 -31588256 411660857 404501398 -37259032 709564 659328 67 2 29 851 95 382566500 178 12 3 1
25.105 5 SVINFO 23 81 13 7 32 57 11
25.105 5 INS 952 -396 42124612 -115343 31457 62316680 -226 -359 -381
25.232 5 CIRCLE 0.03 -4. 3.
25.338 5 GPS_INT 485069451 -31588252 411660849 404501396 -37259028 709470 659234 74 -4 43 850 92 382566750 178 12 3 1
25.339 5 SVINFO 24 82 13 4 11 32 302
25.497 5 CIRCLE 0.03 -4. 3.
25.498 5 ROVER_STATUS 0 65 3 0 1 715 7.815369
25.578 5 GPS_INT 485069441 -31588248 411660839 404501395 -37259023 709327 659091 71 -15 52 848 90 382567000 178 12 3 1
25.578 5 SVINFO 25 88 13 4 12 25 74
25.593 5 INS 942 -378 42139812 -41943 -57671 62222864 -230 -363 -309
25.848 5 INS 929 -368 42147412 -173014 -26214 62176480 -218 -313 -353
25.864 5 STATE_FILTER_STATUS 6 3 0
25.939 5 ROTORCRAFT_FP -366 916 -42148932 -12 -20 -30355 12860 243 912 0 0 0 0 384 0
25.940 5 DL_VALUE 47 0.
25.940 5 WP_MOVED_ENU 2 7 -1024 2560
25.962 5 LINK_REPORT 5 -1 26 0 6381 177 0 679. 18. 5 -1.65900334768e+12
25.985 5 CIRCLE 0.03 -4. 3.
26.018 5 LINK_REPORT 5 -1 400 4 385350 9347 0 0. 0. 94 -1.65900334351e+12
26.160 5 ROTORCRAFT_FP -360 916 -42156528 -23 -17 -30332 12861 243 928 0 0 0 0 384 0
26.161 5 AUTOPILOT_VERSION 60200 v6.2_unstable-101-g8a957fd0a-dirty
26.240 5 CIRCLE 0.03 -4. 3.
26.858 5 UART_ERRORS 0 0 0 4
26.858 5 INS 1123 -455 42009888 -110100 -78643 63003960 -198 -385 -333
26.858 5 CIRCLE 0.03 -4. 3.
26.858 5 DL_VALUE 43 0.
26.859 5 SVINFO 10 27 13 7 29 55 109
26.859 5 LIDAR 0. 176 1
26.859 5 INS 1134 -437 42025288 -83886 -26214 62912264 -187 -377 -344
26.860 5 ROTORCRAFT_NAV_STATUS 697 697 0. 0. 3 0 2
26.861 5 ENERGY 4 7.806538 0.325 2.537125 0.309092 2.353457
26.861 5 WP_MOVED_ENU 13 -10329 10160 2560
26.861 5 SVINFO 12 32 4 4 26 19 102
26.862 5 DL_VALUE 44 34.
26.862 5 STATE_FILTER_STATUS 6 3 0
26.862 5 LIDAR 0. 176 1
26.862 5 INS 1108 -430 42056080 -41943 -57671 62728556 -240 -359 -384
26.863 5 GPS_INT 485069382 -31588267 411660871 404501451 -37259051 709096 658860 87 -21 46 852 94 382564500 178 12 3 1
26.864 5 INS 1100 -435 42063760 -120586 -83886 62683352 -223 -369 -361
26.864 5 ROVER_STATUS 0 66 3 0 1 713 7.815369
26.864 5 CIRCLE 0.03 -4. 3.
26.865 5 CIRCLE 0.03 -4. 3.
26.865 5 GPS_INT 485069409 -31588269 411660878 404501440 -37259051 709353 659116 72 -6 51 852 94 382565000 191 11 3 1
26.866 5 SVINFO 17 66 13 7 31 43 118
26.866 5 DATALINK_REPORT 710 0 18348 1079 0 0
26.866 5 INS 1067 -437 42078996 -47185 -10485 62593044 -194 -374 -334
26.867 5 CIRCLE 0.03 -4. 3.
26.867 5 ROVER_STATUS 0 65 3 0 1 714 7.815369
26.867 5 GPS_INT 485069457 -31588260 411660863 404501402 -37259036 709607 659370 66 -10 41 851 93 382566250 178 12 3 1
26.868 5 LIDAR 0. 176 1
26.868 5 INS 960 -404 42117012 -62914 -31457 62364228 -214 -358 -363
26.869 5 GPS_INT 485069434 -31588244 411660826 404501390 -37259019 709195 658958 85 -10 30 847 93 382567250 178 12 3 1
26.869 5 SVINFO 0 1 13 4 24 32 266
26.869 5 LIDAR 0. 176 1
26.869 5 GPS_INT 485069435 -31588243 411660821 404501386 -37259018 709163 658927 68 -9 49 845 89 382567500 178 12 3 1
26.870 5 INS 916 -366 42155008 -41943 -26214 62130920 -212 -345 -306
26.963 5 LINK_REPORT 5 -1 27 0 6574 182 0 193. 5. 5 -1.65900334768e+12
26.985 5 CIRCLE 0.03 -4. 3.
26.986 5 DL_VALUE 48 38400.
27.019 5 LINK_REPORT 5 -1 401 0 386516 9380 0 1166. 33. 94 -1.65900334851e+12
27.158 5 ROTORCRAFT_FP -332 842 -42186912 -5 -145 -30243 12866 242 916 0 0 0 0 384 0
27.576 5 SVINFO 7 21 13 4 22 60 290
27.592 5 INS 819 -309 42200576 -136314 15728 61857612 -227 -313 -353
27.658 5 ROTORCRAFT_FP -286 806 -42202080 0 -104857 -61848644 -12866 241 913 0 0 0 0 384 0
27.659 5 INS_REF 485069569 -31588109 411660456 404501063 -37258851 707753 657517 0.
27.735 5 IMU_MAG_RAW 0 0 0
27.735 5 CIRCLE 0.03 -4. 3.
27.825 5 GPS_INT 485069449 -31588213 411660774 404501347 -37258982 708953 658716 96 -6 56 832 88 382569250 178 12 3 1
27.828 5 LIDAR 0. 176 1
27.964 5 LINK_REPORT 5 -1 28 0 7013 193 0 439. 11. 5 -1.65900334768e+12
28.020 5 LINK_REPORT 5 -1 402 0 386516 9380 0 0. 0. 94 -1.65900334851e+12
28.244 5 ROTORCRAFT_NAV_STATUS 703 703 0. 0. 3 0 2
28.483 5 CIRCLE 0.03 -4. 3.
28.574 5 GPS_INT 485069443 -31588193 411660739 404501328 -37258959 708669 658432 81 -2 35 826 90 382570000 178 12 3 1
28.574 5 ALIVE 53,218,81,70,62,199,115,110,109,98,53,234,26,129,160,165
28.589 5 INS 750 -238 42230616 -136314 15728 61674404 -210 -275 -360
28.652 5 ROTORCRAFT_FP -217 729 -42232116 31457 -83886 -61665436 -12860 239 909 0 0 0 0 384 0
28.668 5 DATALINK_REPORT 715 0 18478 1096 0 0
28.732 5 IMU_MAG_RAW 0 0 0
28.732 5 CIRCLE 0.03 -4. 3.
28.822 5 GPS_INT 485069452 -31588186 411660736 404501320 -37258950 708712 658476 73 2 42 823 88 382570250 178 12 3 1
28.823 5 SVINFO 12 32 4 4 24 19 102
28.823 5 LIDAR 0. 176 1
28.965 5 LINK_REPORT 5 -1 29 0 7470 205 0 457. 12. 5 -1.65900334768e+12
28.982 5 CIRCLE 0.03 -4. 3.
29.020 5 LINK_REPORT 5 -1 403 1 386516 9380 0 0. 0. 94 -1.65900334851e+12
29.046 5 STATE_FILTER_STATUS 6 3 0
29.074 5 GPS_INT 485069448 -31588178 411660725 404501315 -37258941 708609 658372 61 3 37 820 87 382570500 178 12 3 1
29.090 5 INS 716 -197 42245620 -62914 31457 61582500 -235 -313 -382
29.090 5 ROVER_STATUS 0 66 3 0 1 719 7.8242
29.152 5 ROTORCRAFT_FP -184 701 -42247120 -7 -51 -30065 -12858 237 908 0 0 0 0 384 0
29.231 5 CIRCLE 0.03 -4. 3.
29.322 5 GPS_INT 485069446 -31588173 411660716 404501311 -37258934 708535 658299 68 -7 32 817 88 382570750 197 11 3 1
29.337 5 INS 701 -184 42253124 -104857 -15728 61537424 -223 -297 -326
29.401 5 ROTORCRAFT_FP -168 686 -42254628 43 -46 -30043 -12856 236 908 0 0 0 0 384 0
29.480 5 CIRCLE 0.03 -4. 3.
29.572 5 ENERGY 4 7.8242 0.3 2.34726 0.309792 2.358928
29.573 5 GPS_INT 485069450 -31588167 411660711 404501305 -37258928 708527 658290 50 14 19 814 87 382571000 178 12 3 1
29.588 5 INS 686 -168 42260628 -94371 89128 61490348 -220 -288 -359
29.649 5 ROTORCRAFT_FP -158 680 -42262128 -2 -20 -30020 -12855 236 908 0 0 0 0 384 0
29.728 5 IMU_MAG_RAW 0 0 0
29.729 5 CIRCLE 0.03 -4. 3.
29.850 5 ROTORCRAFT_NAV_STATUS 705 705 0. 0. 3 0 2
29.898 5 ROTORCRAFT_FP -148 678 -42269628 5 -15 -29997 -12854 234 926 0 0 0 0 384 0
29.965 5 LINK_REPORT 5 -1 30 0 8339 224 0 869. 19. 5 -1.65900334768e+12
29.978 5 CIRCLE 0.03 -4. 3.
30.022 5 LINK_REPORT 5 -1 404 2 386516 9380 0 0. 0. 94 -1.65900334851e+12
30.068 5 GPS_INT 485069444 -31588158 411660701 404501302 -37258918 708409 658173 49 -1 34 810 88 382571500 178 12 3 1
30.069 5 SVINFO 17 66 13 7 33 43 118
30.318 5 ALIVE 53,218,81,70,62,199,115,110,109,98,53,234,26,129,160,165
30.318 5 CIRCLE 0.03 -4. 3.
30.318 5 GPS_INT 485069426 -31588241 411660816 404501389 -37259017 709063 658827 72 -24 52 842 89 382568000 178 12 3 1
30.319 5 SVINFO 3 8 13 7 30 78 341
30.319 5 ROTORCRAFT_NAV_STATUS 702 702 0. 0. 3 0 2
30.320 5 ROVER_STATUS 0 66 3 0 1 717 7.8242
30.320 5 IMU_MAG_RAW 0 0 0
30.320 5 CIRCLE 0.03 -4. 3.
30.321 5 SVINFO 4 10 13 4 25 38 50
30.321 5 LIDAR 0. 176 1
30.322 5 INS 919 -350 42177800 -141557 31457 61994368 -225 -333 -344
30.322 5 ENERGY 4 7.8242 0.3 2.34726 0.309586 2.357321
30.323 5 INS 883 -343 42185392 -204472 -52428 61948244 -245 -360 -372
30.323 5 WP_MOVED_ENU 3 -762 -775 2560
30.323 5 CIRCLE 0.03 -4. 3.
30.324 5 GPS_INT 485069465 -31588232 411660807 404501359 -37259003 709292 659056 130 -10 37 837 93 382568750 178 12 3 1
30.325 5 SVINFO 6 16 13 4 12 19 172
30.325 5 INS 842 -332 42192992 -298843 -10485 61903452 -222 -320 -363
30.326 5 ROTORCRAFT_FP -309 819 -42194508 7 -66 -30221 -12867 241 914 0 0 0 0 384 0
30.327 5 CIRCLE 0.03 -4. 3.
30.967 5 LINK_REPORT 5 -1 31 0 8455 227 0 116. 3. 6 -1.65900335268e+12
30.975 5 CIRCLE 0.03 -4. 3.
31.022 5 LINK_REPORT 5 -1 405 0 387223 9400 0 707. 20. 94 -1.65900334851e+12
31.224 5 CIRCLE 0.03 -4. 3.
31.393 5 ROTORCRAFT_FP -53 634 -42314612 0 12 -29863 -12846 228 933 0 0 0 0 384 0
31.394 5 DL_VALUE 2 5.
31.441 5 ROTORCRAFT_NAV_STATUS 706 706 0. 0. 3 0 2
31.578 5 INS 806 -286 42208104 -104857 0 61812336 -232 -335 -358
31.579 5 ROTORCRAFT_FP -268 788 -42209608 -20971 -115343 -61803128 -12865 240 912 0 0 0 0 384 0
31.580 5 ROVER_STATUS 0 66 3 0 1 718 7.8242
31.580 5 CIRCLE 0.03 -4. 3.
31.581 5 GPS_INT 485069451 -31588206 411660766 404501340 -37258974 708913 658677 93 -10 51 830 88 382569500 178 12 3 1
31.581 5 INS 788 -268 42215608 -115343 -20971 61765828 -206 -300 -331
31.581 5 DL_VALUE 49 38400.
31.582 5 ROTORCRAFT_FP -253 773 -42217112 -41943 -120586 -61756732 -12863 240 910 0 0 0 0 384 0
31.583 5 CIRCLE 0.03 -4. 3.
31.583 5 GPS_INT 485069441 -31588199 411660749 404501335 -37258966 708720 658483 87 -13 45 828 89 382569750 178 12 3 1
31.584 5 SVINFO 10 27 13 7 28 55 109
31.584 5 INS 773 -253 42223116 -120586 -41943 61719824 -244 -305 -338
31.584 5 ROTORCRAFT_FP -238 750 -42224616 7 -66 -30132 -12861 239 910 0 0 0 0 384 0
31.585 5 WP_MOVED_ENU 4 -504 -1029 2560
31.585 5 INS 729 -217 42238116 -83886 31457 61629168 -227 -270 -321
31.586 5 GPS_INT 485069444 -31588162 411660703 404501304 -37258922 708429 658193 47 -4 30 812 88 382571250 178 12 3 1
31.587 5 SVINFO 16 65 13 4 24 30 43
31.587 5 WP_MOVED_ENU 5 519 -1021 2560
31.587 5 LIDAR 0. 176 1
31.588 5 INS 680 -158 42268128 -41943 -5242 61444236 -205 -282 -327
31.588 5 CIRCLE 0.03 -4. 3.
31.588 5 ROVER_STATUS 0 65 3 0 1 720 7.8242
31.588 5 DL_VALUE 1 5.
31.589 5 GPS_INT 485069432 -31588151 411660690 404501302 -37258911 708253 658017 42 11 20 808 88 382571750 178 12 3 1
31.590 5 ROTORCRAFT_FP -110 670 -42284624 48 -25 -29952 -12851 233 935 0 0 0 0 384 0
31.590 5 CIRCLE 0.03 -4. 3.
31.591 5 GPS_INT 485069426 -31588142 411660681 404501299 -37258900 708139 657903 40 17 21 806 85 382572000 178 12 3 1
31.592 5 INS 670 -110 42290624 -52428 99614 61306288 -222 -301 -369
31.592 5 GPS_INT 485069426 -31588135 411660677 404501297 -37258892 708108 657871 33 -2 25 805 87 382572250 178 12 3 1
31.593 5 LIDAR 0. 176 1
31.593 5 INS 663 -92 42298124 -15728 0 61260896 -201 -258 -360
31.593 5 ROTORCRAFT_FP -76 655 -42299624 15 -38 -29908 -12849 230 948 0 0 0 0 384 0
31.594 5 GPS_INT 485069421 -31588129 411660668 404501294 -37258885 708014 657778 35 4 11 803 92 382572500 178 12 3 1
31.594 5 INS 655 -76 42305624 -78643 31457 61214952 -206 -271 -370
31.594 5 WP_MOVED_ENU 6 760 1031 2560
31.594 5 ROTORCRAFT_FP -64 640 -42307124 -12 -28 -29885 -12847 229 940 0 0 0 0 384 0
31.595 5 GPS_INT 485069419 -31588124 411660659 404501289 -37258879 707934 657698 27 -6 9 802 90 382572750 178 12 3 1
31.595 5 GPS_INT 485069418 -31588120 411660655 404501287 -37258874 707895 657659 16 -1 21 801 83 382573000 178 12 3 1
31.812 5 GPS_INT 485069408 -31588114 411660647 404501288 -37258869 707768 657532 7 -5 18 799 82 382573250 178 12 3 1
31.813 5 SVINFO 24 82 13 4 18 32 302
31.813 5 LIDAR 0. 176 2
31.967 5 LINK_REPORT 5 -1 32 0 8622 232 0 167. 5. 6 -1.65900335268e+12
31.972 5 CIRCLE 0.03 -4. 3.
32.020 5 ENERGY 4 7.8242 0.325 2.542865 0.309986 2.360449
32.023 5 LINK_REPORT 5 -1 406 0 389123 9441 0 1900. 41. 95 -1.65900335351e+12
32.062 5 GPS_INT 485069405 -31588110 411660642 404501286 -37258864 707717 657481 20 -8 18 797 84 382573500 178 12 3 1
32.062 5 SVINFO 25 88 13 4 19 25 74
32.077 5 INS 632 -30 42335572 0 -36700 61030312 -218 -252 -378
32.142 5 ROTORCRAFT_FP -17 619 -42337060 12 -35 -29795 -12842 225 959 0 0 0 0 384 0
32.221 5 CIRCLE 0.03 -4. 3.
32.237 5 STATE_FILTER_STATUS 6 3 0
32.311 5 SVINFO 0 1 13 4 19 32 266
32.327 5 INS 619 -17 42342996 -73400 26214 60984876 -166 -237 -325
32.390 5 ROTORCRAFT_FP -7 616 -42344476 -23 10 -29773 -12841 224 948 0 0 0 0 384 0
32.422 5 WP_MOVED_ENU 7 775 -1018 2560
32.470 5 CIRCLE 0.03 -4. 3.
32.470 5 DL_VALUE 3 0.
32.560 5 GPS_INT 485069400 -31588100 411660629 404501280 -37258852 707583 657347 26 -10 29 793 82 382574000 178 12 3 1
32.576 5 INS 616 -7 42350396 20971 -47185 60939512 -185 -233 -361
32.640 5 ROTORCRAFT_FP 2 622 -42351876 -35 38 -29751 -12840 222 965 0 0 0 0 384 0
32.671 5 ROVER_STATUS 0 66 3 0 1 723 7.8242
32.734 5 IMU_MAG_RAW 0 0 0
32.734 5 CIRCLE 0.03 -4. 3.
32.735 5 INS_REF 485069569 -31588109 411660456 404501063 -37258851 707753 657517 0.
32.766 5 ALIVE 53,218,81,70,62,199,115,110,109,98,53,234,26,129,160,165
32.814 5 GPS_INT 485069385 -31588096 411660619 404501283 -37258849 707405 657168 14 -14 33 792 80 382574250 178 12 3 1
32.814 5 LIDAR 0. 176 1
32.830 5 INS 622 2 42357796 78643 -73400 60892940 -203 -274 -351
32.888 5 ROTORCRAFT_FP 10 619 -42359276 0 -23 -29728 -12839 221 953 0 0 0 0 384 0
32.968 5 CIRCLE 0.03 -4. 3.
32.968 5 LINK_REPORT 5 -1 33 0 9078 245 0 456. 13. 6 -1.65900335268e+12
33.016 5 UART_ERRORS 0 7 38 1
33.024 5 LINK_REPORT 5 -1 407 0 389762 9455 0 639. 14. 95 -1.65900335351e+12
33.042 5 UART_ERRORS 0 1 0 3
33.043 5 UART_ERRORS 0 0 0 4
33.043 5 ROTORCRAFT_NAV_STATUS 708 708 0. 0. 3 0 2
33.081 5 GPS_INT 485069383 -31588092 411660615 404501281 -37258844 707360 657123 36 -2 19 790 83 382574500 178 12 3 1
33.082 5 SVINFO 3 8 13 7 31 78 341
33.082 5 INS 619 10 42365200 -47185 0 60848052 -201 -262 -341
33.218 5 CIRCLE 0.03 -4. 3.
33.298 5 GPS_INT 485069373 -31588087 411660606 404501281 -37258840 707222 656986 30 -8 19 788 81 382574750 178 12 3 1
33.330 5 INS 616 23 42372600 -31457 -36700 60801208 -162 -245 -343
33.388 5 ROTORCRAFT_FP 35 622 -42374080 20 -17 -29683 -12836 219 988 0 0 0 0 384 0
33.468 5 CIRCLE 0.03 -4. 3.
33.557 5 SVINFO 5 14 4 3 11 7 324
33.573 5 INS 622 35 42380004 -36700 41943 60754696 -174 -199 -353
33.574 5 DL_VALUE 4 1.
33.637 5 ROTORCRAFT_FP 51 614 -42381484 10 -43 -29660 -12835 217 971 0 0 0 0 384 0
33.727 5 WP_MOVED_ENU 8 -760 -1031 2560
33.728 5 IMU_MAG_RAW 0 0 0
33.728 5 CIRCLE 0.03 -4. 3.
33.743 5 DATALINK_REPORT 721 0 18606 1065 0 0
33.806 5 GPS_INT 485069358 -31588075 411660590 404501279 -37258826 706995 656758 38 2 10 786 84 382575250 178 12 3 1
33.807 5 SVINFO 6 16 12 4 13 19 172
33.821 5 LIDAR 0. 176 1
33.822 5 INS 614 51 42387408 -89128 20971 60708984 -212 -234 -346
33.885 5 ROTORCRAFT_FP 61 604 -42388888 2 -33 -29638 -12834 216 958 0 0 0 0 384 0
33.886 5 ROVER_STATUS 0 65 3 0 1 724 7.8242
33.965 5 CIRCLE 0.03 -4. 3.
33.968 5 LINK_REPORT 5 -1 34 0 9717 262 0 639. 17. 6 -1.65900335268e+12
34.024 5 LINK_REPORT 5 -1 408 0 390129 9465 0 367. 10. 95 -1.65900335351e+12
34.055 5 GPS_INT 485069360 -31588071 411660587 404501276 -37258822 706991 656755 35 -1 14 784 83 382575500 178 12 3 1
34.056 5 SVINFO 7 21 13 4 23 60 290
34.072 5 INS 604 61 42394808 -68157 5242 60662912 -205 -219 -375
34.135 5 ROTORCRAFT_FP 71 606 -42396288 5 -15 -29616 -12833 215 947 0 0 0 0 384 0
34.383 5 ROTORCRAFT_FP 87 604 -42403688 20 -43 -29593 -12832 213 964 0 0 0 0 384 0
34.463 5 CIRCLE 0.03 -4. 3.
34.633 5 ROTORCRAFT_FP 97 601 -42411088 -20971 -47185 -60560288 -12830 212 953 0 0 0 0 384 0
34.634 5 ROTORCRAFT_NAV_STATUS 710 710 0. 0. 3 0 2
34.669 5 DL_VALUE 5 1.
34.712 5 IMU_MAG_RAW 0 0 0
34.713 5 CIRCLE 0.03 -4. 3.
34.803 5 GPS_INT 485069330 -31588055 411660559 404501275 -37258805 706573 656337 27 -5 12 781 81 382576250 178 12 3 1
34.803 5 SVINFO 10 27 13 7 29 55 109
34.804 5 LIDAR 0. 176 1
34.818 5 INS 601 97 42417008 -47185 -20971 60523808 -170 -177 -334
34.866 5 ALIVE 53,218,81,70,62,199,115,110,109,98,53,234,26,129,160,165
34.969 5 LINK_REPORT 5 -1 35 0 10123 270 0 406. 8. 6 -1.65900335268e+12
35.010 5 WP_MOVED_ENU 9 -775 1018 2560
35.025 5 LINK_REPORT 5 -1 409 0 390386 9473 0 257. 8. 95 -1.65900335351e+12
35.073 5 INS 604 104 42424408 -36700 -10485 60476768 -174 -205 -328
35.073 5 ROVER_STATUS 0 66 3 0 1 725 7.8242
35.132 5 ROTORCRAFT_FP 112 606 -42425888 -28 -25 -29525 -12828 209 986 0 0 0 0 384 0
35.212 5 CIRCLE 0.03 -4. 3.
35.302 5 SVINFO 12 32 4 4 18 19 102
35.428 5 STATE_FILTER_STATUS 6 3 0
35.709 5 IMU_MAG_RAW 0 0 0
35.710 5 CIRCLE 0.03 -4. 3.
35.757 5 DL_VALUE 6 0.
35.800 5 GPS_INT 485069302 -31588050 411660542 404501280 -37258801 706254 656018 33 -19 33 778 78 382577250 178 12 3 1
35.800 5 LIDAR 0. 176 1
35.815 5 INS 614 104 42446604 10485 -89128 60336204 -135 -191 -350
35.880 5 ROTORCRAFT_FP 107 634 -42448080 -57671 62914 -60327064 -12825 205 946 0 0 0 0 384 0
35.969 5 LINK_REPORT 5 -1 36 0 10331 277 0 208. 7. 7 -1.65900335768e+12
36.026 5 LINK_REPORT 5 -1 410 0 390688 9480 0 302. 7. 95 -1.65900335351e+12
36.065 5 INS 634 107 42453996 62914 -57671 60289536 -147 -195 -382
36.128 5 ROTORCRAFT_FP 107 652 -42455472 -83886 31457 -60280284 -12823 204 937 0 0 0 0 384 0
36.207 5 CIRCLE 0.03 -4. 3.
36.223 5 ROTORCRAFT_NAV_STATUS 711 711 0. 0. 3 0 2
36.297 5 SVINFO 16 65 13 4 23 29 43
36.298 5 WP_MOVED_ENU 10 10160 10329 2560
36.313 5 INS 652 107 42461388 31457 -83886 60243644 -150 -183 -358
36.563 5 INS 665 107 42468748 -10485 -26214 60197592 -155 -187 -330
36.626 5 ROTORCRAFT_FP 117 670 -42470212 5242 -73400 -60188872 -12821 201 946 0 0 0 0 384 0
36.795 5 LIDAR 0. 176 1
36.876 5 ROTORCRAFT_FP 117 670 -42477524 2 -35 -29366 -12820 199 938 0 0 0 0 384 0
36.877 5 DL_VALUE 7 0.
36.955 5 ALIVE 53,218,81,70,62,199,115,110,109,98,53,234,26,129,160,165
36.956 5 CIRCLE 0.03 -4. 3.
36.970 5 LINK_REPORT 5 -1 37 0 10470 280 0 139. 3. 7 -1.65900335768e+12
37.003 5 ENERGY 4 7.8242 0.275 2.151655 0.310363 2.363394
37.027 5 LINK_REPORT 5 -1 411 0 391101 9491 0 413. 11. 96 -1.65900335851e+12
37.061 5 INS 665 122 42483364 -125829 5242 60105764 -167 -178 -362
37.125 5 ROTORCRAFT_FP 122 665 -42484828 2 -61 -29344 -12819 198 931 0 0 0 0 384 0
37.237 5 AUTOPILOT_VERSION 60200 v6.2_unstable-101-g8a957fd0a-dirty
37.374 5 ROTORCRAFT_FP 130 665 -42492132 -23 -12 -29321 -12817 196 935 0 0 0 0 384 0
37.438 5 I2C_ERRORS 0 0 64506 0 0 0 0 0 0 0 0 1
37.454 5 CIRCLE 0.03 -4. 3.
37.454 5 ROVER_STATUS 0 66 3 0 1 727 7.8242
37.544 5 GPS_INT 485069252 -31588037 411660529 404501301 -37258790 705781 655545 58 -13 53 771 78 382579000 178 12 3 1
37.545 5 SVINFO 21 79 13 7 35 29 237
37.560 5 INS 673 130 42497976 10485 -52428 60013676 -146 -191 -358
37.608 5 WP_MOVED_ENU 11 10329 -10160 2560
37.624 5 ROTORCRAFT_FP 130 673 -42499436 -25 5 -29298 -12816 195 950 0 0 0 0 384 0
37.704 5 CIRCLE 0.03 -4. 3.
37.766 5 BLOCK 8 5
37.794 5 GPS_INT 485069239 -31588035 411660525 404501306 -37258788 705656 655420 59 -14 41 771 79 382579250 196 11 3 1
37.809 5 INS_REF 485069569 -31588109 411660456 404501063 -37258851 707753 657517 0.
37.835 5 LIDAR 0. 176 1
37.836 5 INS 688 133 42505276 -41943 -57671 59966664 -136 -161 -379
37.836 5 ROTORCRAFT_NAV_STATUS 713 713 0. 0. 3 0 2
37.868 5 ROTORCRAFT_FP 133 688 -42506736 -28 -20 -29275 -12815 195 942 0 0 0 0 384 0
37.947 5 CIRCLE 0.03 -4. 3.
37.947 5 DL_VALUE 8 0.
38.028 5 LINK_REPORT 5 -1 412 0 392018 9512 0 917. 21. 98 -1.65900335851e+12
38.041 5 GPS_INT 485069221 -31588031 411660519 404501312 -37258785 705473 655237 33 -5 40 770 77 382579500 196 11 3 1
38.057 5 INS 706 140 42512580 41943 -15728 59920380 -157 -164 -367
38.121 5 ROTORCRAFT_FP 140 706 -42514040 -7 20 -29253 -12814 193 957 0 0 0 0 384 0
38.200 5 CIRCLE 0.03 -4. 3.
38.274 5 BLOCK 8 5
38.291 5 GPS_INT 485069205 -31588028 411660512 404501317 -37258783 705307 655071 29 -13 21 770 78 382579750 196 11 3 1
38.292 5 SVINFO 24 82 13 4 21 32 302
38.306 5 INS 719 145 42519880 -20971 -62914 59874980 -140 -156 -363
38.371 5 ROTORCRAFT_FP 145 719 -42521340 -30 -10 -29231 -12813 192 948 0 0 0 0 384 0
38.423 5 BLOCK 8 5
38.450 5 CIRCLE 0.03 -4. 3.
38.530 5 SVINFO 25 88 13 4 18 25 74
38.562 5 INS 732 156 42527180 -47185 26214 59827840 -102 -150 -346
38.620 5 ROTORCRAFT_FP 156 732 -42528640 12 -23 -29208 -12812 190 939 0 0 0 0 384 0
38.621 5 STATE_FILTER_STATUS 6 3 0
38.652 5 ROVER_STATUS 0 65 3 0 1 729 7.8242
38.699 5 IMU_MAG_RAW 0 0 0
38.700 5 CIRCLE 0.03 -4. 3.
38.817 5 GPS_INT 485069163 -31588017 411660490 404501327 -37258773 704838 654602 8 5 15 769 69 382580250 178 12 3 1
38.817 5 SVINFO 0 1 13 4 14 32 266
38.818 5 LIDAR 0. 176 1
38.818 5 INS 747 166 42534480 31457 26214 59781260 -113 -150 -355
38.818 5 DATALINK_REPORT 726 0 18733 1084 0 0
38.874 5 ROTORCRAFT_FP 166 747 -42535940 12 15 -29185 -12811 189 954 0 0 0 0 384 0
38.890 5 WP_MOVED_ENU 12 -10160 -10329 2560
38.938 5 CIRCLE 0.03 -4. 3.
39.028 5 LINK_REPORT 5 -1 413 0 393006 9536 0 988. 24. 102 -1.65900335851e+12
39.034 5 GPS_INT 485069150 -31588011 411660484 404501330 -37258767 704706 654469 9 10 -2 769 80 382580500 182 11 3 1
39.050 5 ALIVE 53,218,81,70,62,199,115,110,109,98,53,234,26,129,160,165
39.051 5 DL_VALUE 9 0.
39.114 5 ROTORCRAFT_FP 179 757 -42543240 25 -17 -29163 -12810 188 945 0 0 0 0 384 0
39.194 5 CIRCLE 0.03 -4. 3.
39.209 5 UART_ERRORS 0 7 38 1
39.210 5 UART_ERRORS 0 0 1 2
39.210 5 UART_ERRORS 0 1 0 3
39.288 5 GPS_INT 485069125 -31588006 411660475 404501339 -37258763 704445 654209 -8 -6 26 769 84 382580750 182 11 3 1
39.289 5 SVINFO 2 7 12 3 8 2 268
39.303 5 INS 783 186 42549072 125829 -36700 59689144 -115 -160 -355
39.367 5 ROTORCRAFT_FP 186 783 -42550532 -17 61 -29140 -12809 187 937 0 0 0 0 384 0
39.415 5 ROTORCRAFT_NAV_STATUS 714 714 0. 0. 3 0 2
39.447 5 CIRCLE 0.03 -4. 3.
39.495 5 ENERGY 4 7.8242 0.3 2.34726 0.310555 2.364898
39.537 5 GPS_INT 485069105 -31588002 411660466 404501345 -37258760 704235 653998 4 -8 -4 769 62 382581000 178 12 3 1
39.553 5 INS 798 194 42556372 -31457 -41943 59643388 -125 -124 -359
39.617 5 ROTORCRAFT_FP 194 798 -42557832 -20 -15 -29118 -12808 185 931 0 0 0 0 384 0
39.698 5 IMU_MAG_RAW 0 0 0
39.698 5 CIRCLE 0.03 -4. 3.
39.787 5 GPS_INT 485069098 -31588001 411660461 404501345 -37258759 704150 653914 6 -8 -2 769 67 382581250 182 11 3 1
39.788 5 SVINFO 4 10 13 4 22 38 50
39.788 5 LIDAR 0. 176 1
39.803 5 INS 801 197 42563668 -31457 -41943 59596852 -122 -137 -336
39.866 5 ROTORCRAFT_FP 197 801 -42565128 -20 -15 -29095 -12807 184 945 0 0 0 0 384 0
39.867 5 ROVER_STATUS 0 65 3 0 1 730 7.833031
39.946 5 CIRCLE 0.03 -4. 3.
40.029 5 LINK_REPORT 5 -1 414 0 394097 9563 0 1091. 27. 102 -1.65900335851e+12
40.036 5 GPS_INT 485069097 -31587999 411660456 404501343 -37258757 704110 653874 15 -6 -15 770 80 382581500 182 11 3 1
40.037 5 SVINFO 5 14 4 1 0 7 324
40.052 5 INS 793 202 42570968 -115343 -31457 59549656 -136 -133 -358
40.115 5 ROTORCRAFT_FP 202 793 -42572424 -15 -56 -29072 -12806 182 938 0 0 0 0 384 0
40.146 5 DL_VALUE 10 6.
40.195 5 WP_MOVED_ENU 13 -10329 10160 2560
40.195 5 CIRCLE 0.03 -4. 3.
40.285 5 GPS_INT 485069089 -31587995 411660446 404501341 -37258753 703982 653746 14 4 -6 770 86 382581750 182 11 3 1
40.286 5 SVINFO 6 16 13 4 9 19 172
40.300 5 INS 785 209 42578260 -73400 20971 59503852 -111 -160 -355
40.365 5 ROTORCRAFT_FP 209 785 -42579720 10 -35 -29049 -12805 181 931 0 0 0 0 384 0
40.444 5 CIRCLE 0.03 -4. 3.
40.524 5 SVINFO 7 21 13 4 22 60 290
40.556 5 INS 791 217 42585556 -110100 -31457 59457824 -128 -151 -374
40.614 5 ROTORCRAFT_FP 217 791 -42587016 -15 -53 -29027 -12804 180 925 0 0 0 0 384 0
40.694 5 IMU_MAG_RAW 0 0 0
40.694 5 CIRCLE 0.03 -4. 3.
40.784 5 GPS_INT 485069061 -31587987 411660430 404501346 -37258745 703663 653427 12 6 24 770 72 382582250 182 11 3 1
40.785 5 LIDAR 0. 176 1
40.799 5 INS 803 225 42592852 52428 31457 59411828 -103 -118 -326
40.862 5 ROTORCRAFT_FP 225 803 -42594304 15 25 -29005 -12804 179 920 0 0 0 0 384 0
40.941 5 CIRCLE 0.03 -4. 3.
41.006 5 ROTORCRAFT_NAV_STATUS 716 716 0. 0. 3 0 2
41.030 5 LINK_REPORT 5 -1 415 0 395066 9586 0 969. 23. 102 -1.65900335851e+12
41.038 5 GPS_INT 485069047 -31587983 411660425 404501351 -37258743 703526 653290 16 -6 5 770 82 382582500 182 11 3 1
41.133 5 ALIVE 53,218,81,70,62,199,115,110,109,98,53,234,26,129,160,165
41.181 5 CIRCLE 0.03 -4. 3.
41.245 5 DL_VALUE 11 0.
41.277 5 GPS_INT 485069027 -31587981 411660417 404501357 -37258741 703322 653086 12 -3 20 771 78 382582750 203 10 3 1
41.293 5 INS 834 235 42607316 36700 -15728 59317852 -89 -126 -332
41.357 5 ROTORCRAFT_FP 235 834 -42608756 -7 17 -28959 -12802 176 951 0 0 0 0 384 0
41.436 5 CIRCLE 0.03 -4. 3.
41.484 5 WP_MOVED_ENU 0 0 0 2560
41.531 5 GPS_INT 485069024 -31587980 411660419 404501360 -37258740 703303 653066 12 -3 12 771 79 382583000 182 11 3 1
41.547 5 INS 844 238 42614516 5242 -15728 59270788 -107 -107 -364
41.609 5 ROTORCRAFT_FP 238 844 -42615956 -7 2 -28936 -12800 175 968 0 0 0 0 384 0
41.689 5 IMU_MAG_RAW 0 0 0
41.689 5 CIRCLE 0.03 -4. 3.
41.779 5 GPS_INT 485069017 -31587977 411660420 404501365 -37258738 703259 653023 -7 3 20 772 80 382583250 182 11 3 1
41.780 5 SVINFO 12 32 4 4 19 19 102
41.780 5 LIDAR 0. 176 1
41.811 5 INS 857 243 42621724 99614 10485 59223528 -116 -138 -363
41.811 5 STATE_FILTER_STATUS 6 3 0
41.859 5 ROTORCRAFT_FP 243 857 -42623164 5 48 -28913 -12800 173 957 0 0 0 0 384 0
41.938 5 CIRCLE 0.03 -4. 3.
41.988 5 ENERGY 4 7.8242 0.275 2.151655 0.310752 2.366442
42.028 5 GPS_INT 485069012 -31587977 411660422 404501370 -37258737 703231 652995 -7 -10 9 772 81 382583500 182 11 3 1
42.030 5 LINK_REPORT 5 -1 416 0 396066 9609 0 1000. 23. 103 -1.65900336351e+12
42.044 5 INS 870 243 42628928 52428 -57671 59176820 -71 -100 -347
42.108 5 ROTORCRAFT_FP 243 870 -42630372 -28 25 -28890 -12799 172 946 0 0 0 0 384 0
42.188 5 CIRCLE 0.03 -4. 3.
42.236 5 ROVER_STATUS 0 66 3 0 1 732 7.833031
42.278 5 GPS_INT 485069020 -31587977 411660428 404501369 -37258737 703338 653102 -5 10 -1 772 66 382583750 182 11 3 1
42.293 5 UART_ERRORS 0 0 0 4
42.358 5 ROTORCRAFT_FP 245 867 -42637572 23 5 -28867 -12799 171 947 0 0 0 0 384 0
42.358 5 DL_VALUE 12 0.
42.437 5 CIRCLE 0.03 -4. 3.
42.527 5 GPS_INT 485069013 -31587975 411660424 404501370 -37258735 703255 653018 -11 -2 -10 772 75 382584000 182 11 3 1
42.543 5 INS 872 248 42643336 -5242 -15728 59083076 -73 -127 -337
42.607 5 ROTORCRAFT_FP 248 872 -42644776 -7 -2 -28844 -12798 170 960 0 0 0 0 384 0
42.608 5 ROTORCRAFT_NAV_STATUS 718 718 0. 0. 3 0 2
42.687 5 IMU_MAG_RAW 0 0 0
42.687 5 CIRCLE 0.03 -4. 3.
42.777 5 GPS_INT 485069007 -31587973 411660418 404501370 -37258733 703165 652929 -14 3 -23 772 77 382584250 182 11 3 1
42.778 5 SVINFO 16 65 13 4 25 29 43
42.778 5 WP_MOVED_ENU 1 0 0 2560
42.792 5 LIDAR 0. 176 1
42.793 5 INS 870 253 42650536 -47185 10485 59036344 -73 -100 -384
42.856 5 ROTORCRAFT_FP 253 870 -42651976 5 -23 -28821 -12797 169 977 0 0 0 0 384 0
42.872 5 INS_REF 485069569 -31588109 411660456 404501063 -37258851 707753 657517 0.
42.935 5 CIRCLE 0.03 -4. 3.
43.015 5 SVINFO 17 66 13 7 34 43 117
43.031 5 LINK_REPORT 5 -1 417 0 397054 9633 0 988. 24. 103 -1.65900336351e+12
43.047 5 INS 867 258 42657736 -15728 47185 58989520 -66 -128 -341
43.105 5 ROTORCRAFT_FP 258 867 -42659176 23 -7 -28798 -12797 168 968 0 0 0 0 384 0
43.185 5 CIRCLE 0.03 -4. 3.
43.233 5 ALIVE 53,218,81,70,62,199,115,110,109,98,53,234,26,129,160,165
43.275 5 GPS_INT 485069008 -31587969 411660416 404501368 -37258729 703161 652924 -17 5 -16 773 78 382584750 182 11 3 1
43.291 5 INS 865 263 42664936 -5242 15728 58943112 -95 -119 -350
43.355 5 ROTORCRAFT_FP 263 865 -42666376 7 -2 -28776 -12796 166 981 0 0 0 0 384 0
43.434 5 CIRCLE 0.03 -4. 3.
43.434 5 ROVER_STATUS 0 65 3 0 1 733 7.833031
43.450 5 DL_VALUE 13 0.
43.546 5 INS 862 266 42672136 -36700 10485 58896280 -56 -86 -390
43.604 5 ROTORCRAFT_FP 266 862 -42673576 5 -17 -28753 -12795 165 997 0 0 0 0 384 0
43.684 5 IMU_MAG_RAW 0 0 0
43.684 5 CIRCLE 0.03 -4. 3.
43.774 5 GPS_INT 485069008 -31587966 411660412 404501365 -37258725 703129 652892 -12 11 -17 774 79 382585250 182 11 3 1
43.775 5 SVINFO 20 78 4 3 18 1 196
43.776 5 LIDAR 0. 176 2
43.790 5 INS 857 271 42679336 -26214 52428 58849920 -69 -127 -403
43.852 5 ROTORCRAFT_FP 271 857 -42680776 25 -12 -28731 -12795 164 983 0 0 0 0 384 0
43.883 5 DATALINK_REPORT 731 0 18861 1076 0 0
43.931 5 CIRCLE 0.03 -4. 3.
44.022 5 GPS_INT 485068999 -31587962 411660403 404501365 -37258721 703010 652773 -6 12 -19 775 81 382585500 196 10 3 1
44.031 5 LINK_REPORT 5 -1 418 0 398005 9655 0 951. 22. 103 -1.65900336351e+12
44.038 5 INS 855 279 42686536 -57671 57671 58803744 -53 -81 -390
44.070 5 WP_MOVED_ENU 2 7 -1024 2560
44.102 5 ROTORCRAFT_FP 279 855 -42687976 28 -28 -28708 -12794 163 966 0 0 0 0 384 0
44.182 5 CIRCLE 0.03 -4. 3.
44.198 5 ROTORCRAFT_NAV_STATUS 719 719 0. 0. 3 0 2
44.272 5 GPS_INT 485068985 -31587958 411660394 404501367 -37258717 702841 652605 -7 3 -5 776 79 382585750 223 9 3 1
44.288 5 INS 862 286 42693736 0 10485 58757028 -76 -114 -370
44.351 5 ROTORCRAFT_FP 286 862 -42695172 5 0 -28685 -12793 162 977 0 0 0 0 384 0
44.430 5 CIRCLE 0.03 -4. 3.
44.478 5 ENERGY 4 7.8242 0.3 2.34726 0.310957 2.368045
44.521 5 GPS_INT 485068978 -31587956 411660391 404501369 -37258716 702764 652528 3 0 -3 777 86 382586000 196 10 3 1
44.536 5 INS 867 291 42700932 -26214 0 58710560 -66 -101 -370
44.537 5 DL_VALUE 14 0.
44.600 5 ROTORCRAFT_FP 291 867 -42702368 0 -12 -28662 -12792 161 994 0 0 0 0 384 0
44.632 5 ROVER_STATUS 0 66 3 0 1 735 7.8242
44.683 5 IMU_MAG_RAW 0 0 0
44.684 5 CIRCLE 0.03 -4. 3.
44.770 5 GPS_INT 485068970 -31587953 411660387 404501371 -37258713 702680 652443 -6 15 -5 778 71 382586250 196 10 3 1
44.771 5 SVINFO 24 82 13 4 16 32 302
44.771 5 LIDAR 0. 176 1
44.786 5 INS 872 296 42708124 0 73400 58663340 -40 -68 -342
44.849 5 ROTORCRAFT_FP 296 872 -42709564 35 0 -28639 -12791 160 980 0 0 0 0 384 0
44.929 5 CIRCLE 0.03 -4. 3.
44.993 5 STATE_FILTER_STATUS 6 3 0
45.022 5 GPS_INT 485068969 -31587950 411660385 404501371 -37258709 702656 652419 9 7 -11 779 90 382586500 182 11 3 1
45.023 5 SVINFO 25 88 12 3 10 25 74
45.032 5 LINK_REPORT 5 -1 419 0 399098 9681 0 1093. 26. 103 -1.65900336351e+12
45.099 5 ROTORCRAFT_FP 304 872 -42716764 17 -35 -28616 -12791 159 963 0 0 0 0 384 0
45.185 5 CIRCLE 0.03 -4. 3.
45.258 5 SVINFO 0 1 12 1 0 32 266
45.322 5 ALIVE 53,218,81,70,62,199,115,110,109,98,53,234,26,129,160,165
45.353 5 ROTORCRAFT_FP 307 872 -42723936 17 -5 -28594 -12790 158 975 0 0 0 0 384 0
45.369 5 WP_MOVED_ENU 3 -762 -775 2560
45.385 5 UART_ERRORS 0 7 38 1
45.385 5 UART_ERRORS 0 0 1 2
45.417 5 CIRCLE 0.03 -4. 3.
45.497 5 SVINFO 1 3 4 3 17 7 207
45.593 5 ROTORCRAFT_FP 309 878 -42731048 2 7 -28571 -12790 156 991 0 0 0 0 384 0
45.624 5 DL_VALUE 15 0.
45.672 5 IMU_MAG_RAW 0 0 0
45.673 5 CIRCLE 0.03 -4. 3.
45.752 5 SVINFO 2 7 12 4 10 2 268
45.768 5 LIDAR 0. 176 1
45.798 5 INS 883 312 42736732 -68157 -20971 58478372 -67 -84 -370
45.798 5 ROTORCRAFT_NAV_STATUS 721 721 0. 0. 3 0 2
45.846 5 ROTORCRAFT_FP 312 883 -42738156 -10 -33 -28549 -12789 156 979 0 0 0 0 384 0
45.847 5 ROVER_STATUS 0 65 3 0 1 736 7.833031
45.926 5 CIRCLE 0.03 -4. 3.
46.016 5 GPS_INT 485068978 -31587950 411660396 404501372 -37258708 702791 652555 0 -9 -1 782 60 382587500 182 11 3 1
46.016 5 SVINFO 3 8 13 7 30 78 342
46.031 5 INS 878 307 42743844 -10485 -47185 58431532 -70 -37 -369
46.033 5 LINK_REPORT 5 -1 420 0 399944 9705 0 846. 24. 103 -1.65900336351e+12
46.094 5 ROTORCRAFT_FP 307 878 -42745264 -23 -5 -28526 -12788 154 990 0 0 0 0 384 0
46.174 5 CIRCLE 0.03 -4. 3.
46.265 5 GPS_INT 485068965 -31587948 411660392 404501378 -37258707 702669 652433 -5 2 12 783 79 382587750 182 11 3 1
46.266 5 SVINFO 4 10 13 4 21 38 50
46.424 5 CIRCLE 0.03 -4. 3.
46.515 5 GPS_INT 485068950 -31587945 411660390 404501385 -37258704 702541 652305 -8 8 9 784 71 382588000 182 11 3 1
46.531 5 INS 913 314 42758044 62914 36700 58338508 -54 -86 -370
46.594 5 ROTORCRAFT_FP 314 913 -42759464 17 30 -28481 -12787 153 960 0 0 0 0 384 0
46.688 5 WP_MOVED_ENU 4 -504 -1029 2560
46.688 5 IMU_MAG_RAW 0 0 0
46.688 5 CIRCLE 0.03 -4. 3.
46.734 5 DL_VALUE 16 0.
46.750 5 SVINFO 6 16 13 4 8 19 172
46.766 5 LIDAR 0. 176 1
46.782 5 INS 931 317 42765144 -15728 -73400 58290804 -56 -68 -380
46.843 5 ROTORCRAFT_FP 317 931 -42766564 -35 -7 -28457 -12787 152 948 0 0 0 0 384 0
46.922 5 CIRCLE 0.03 -4. 3.
46.970 5 ENERGY 4 7.833031 0.2 1.566606 0.311152 2.369573
47.013 5 GPS_INT 485068920 -31587943 411660382 404501397 -37258705 702257 652020 -15 -8 8 786 86 382588500 182 11 3 1
47.014 5 SVINFO 7 21 13 4 23 60 291
47.035 5 LINK_REPORT 5 -1 421 0 400750 9725 0 806. 20. 104 -1.65900336852e+12
47.039 5 INS 947 314 42772244 78643 -47185 58243960 -57 -63 -346
47.040 5 ROVER_STATUS 0 65 3 0 1 737 7.833031
47.087 5 ROTORCRAFT_FP 314 947 -42773664 -23 38 -28434 -12786 150 938 0 0 0 0 384 0
47.166 5 CIRCLE 0.03 -4. 3.
47.261 5 GPS_INT 485068911 -31587942 411660380 404501401 -37258704 702173 651937 1 -1 -4 786 78 382588750 203 10 3 1
47.277 5 INS 960 314 42779344 -20971 -5242 58198368 -41 -62 -375
47.342 5 ROTORCRAFT_FP 314 960 -42780764 -2 -10 -28412 -12786 149 949 0 0 0 0 384 0
47.389 5 ROTORCRAFT_NAV_STATUS 722 722 0. 0. 3 0 2
47.434 5 ALIVE 53,218,81,70,62,199,115,110,109,98,53,234,26,129,160,165
47.435 5 CIRCLE 0.03 -4. 3.
47.511 5 GPS_INT 485068906 -31587942 411660380 404501404 -37258704 702139 651903 8 -11 10 787 78 382589000 203 10 3 1
47.527 5 INS 967 314 42786444 5242 -57671 58151600 -29 -59 -360
47.591 5 ROTORCRAFT_FP 314 967 -42787864 -28 2 -28389 -12785 148 944 0 0 0 0 384 0
47.670 5 IMU_MAG_RAW 0 0 0
47.671 5 CIRCLE 0.03 -4. 3.
47.761 5 GPS_INT 485068904 -31587941 411660382 404501407 -37258704 702136 651899 9 6 3 788 73 382589250 203 10 3 1
47.762 5 SVINFO 10 27 13 7 28 55 109
47.762 5 LIDAR 0. 176 1
47.776 5 INS 975 317 42793544 -20971 31457 58104176 -41 -60 -365
47.840 5 ROTORCRAFT_FP 317 975 -42794964 15 -10 -28366 -12785 147 955 0 0 0 0 384 0
47.841 5 DL_VALUE 17 1.
47.919 5 CIRCLE 0.03 -4. 3.
47.951 5 INS_REF 485069569 -31588109 411660456 404501063 -37258851 707753 657517 0.
47.967 5 WP_MOVED_ENU 5 519 -1021 2560
48.009 5 GPS_INT 485068902 -31587939 411660384 404501409 -37258702 702129 651893 2 -1 1 789 78 382589500 203 10 3 1
48.025 5 INS 983 322 42800644 -5242 -5242 58057456 -46 -66 -346
48.035 5 LINK_REPORT 5 -1 422 0 401895 9751 0 1145. 26. 104 -1.65900336852e+12
48.089 5 ROTORCRAFT_FP 322 983 -42802064 -2 -2 -28343 -12784 146 971 0 0 0 0 384 0
48.168 5 CIRCLE 0.03 -4. 3.
48.190 5 STATE_FILTER_STATUS 6 3 0
48.216 5 ROVER_STATUS 0 66 3 0 1 738 7.833031
48.259 5 GPS_INT 485068903 -31587938 411660386 404501410 -37258700 702153 651916 11 -3 -5 789 79 382589750 203 10 3 1
48.260 5 SVINFO 12 32 4 4 25 19 102
48.274 5 INS 985 325 42807744 -62914 -15728 58010784 -38 -67 -346
48.290 5 AUTOPILOT_VERSION 60200 v6.2_unstable-101-g8a957fd0a-dirty
48.337 5 ROTORCRAFT_FP 325 985 -42809164 -7 -30 -28320 -12784 145 961 0 0 0 0 384 0
48.417 5 CIRCLE 0.03 -4. 3.
48.464 5 UART_ERRORS 0 1 0 3
48.480 5 UART_ERRORS 0 0 0 4
48.507 5 GPS_INT 485068891 -31587937 411660382 404501414 -37258699 702037 651800 1 -7 9 790 83 382590000 203 10 3 1
48.523 5 INS 995 325 42814840 26214 -36700 57964396 -35 -70 -360
48.587 5 ROTORCRAFT_FP 325 995 -42816260 -17 12 -28298 -12783 144 971 0 0 0 0 384 0
48.666 5 IMU_MAG_RAW 0 0 0
48.666 5 CIRCLE 0.03 -4. 3.
48.756 5 GPS_INT 485068874 -31587935 411660380 404501423 -37258698 701888 651652 -16 -3 14 791 90 382590250 203 10 3 1
48.757 5 LIDAR 0. 176 1
48.772 5 INS 1021 327 42821936 104857 -26214 57917140 -24 -55 -409
48.836 5 ROTORCRAFT_FP 327 1021 -42823356 -12 51 -28275 -12783 144 963 0 0 0 0 384 0
48.916 5 CIRCLE 0.03 -4. 3.
48.916 5 DL_VALUE 18 1.
48.963 5 DATALINK_REPORT 736 0 18992 1083 0 0
48.980 5 ROTORCRAFT_NAV_STATUS 724 724 0. 0. 3 0 2
49.010 5 GPS_INT 485068857 -31587930 411660375 404501430 -37258694 701730 651494 -19 8 -6 791 80 382590500 203 10 3 1
49.025 5 INS 1039 337 42829036 41943 31457 57870124 -40 -37 -360
49.036 5 LINK_REPORT 5 -1 423 0 403023 9778 0 1128. 27. 104 -1.65900336852e+12
49.086 5 ROTORCRAFT_FP 337 1039 -42830456 15 20 -28252 -12782 143 950 0 0 0 0 384 0
49.166 5 CIRCLE 0.03 -4. 3.
49.256 5 GPS_INT 485068852 -31587927 411660374 404501432 -37258691 701682 651445 -9 1 -10 792 78 382590750 203 10 3 1
49.257 5 SVINFO 16 65 13 4 24 29 43
49.257 5 WP_MOVED_ENU 6 760 1031 2560
49.271 5 INS 1047 345 42836132 -10485 0 57824416 -13 -46 -314
49.336 5 ROTORCRAFT_FP 345 1047 -42837548 0 -5 -28230 -12782 142 960 0 0 0 0 384 0
49.415 5 CIRCLE 0.03 -4. 3.
49.416 5 ROVER_STATUS 0 66 3 0 1 739 7.833031
49.463 5 ENERGY 4 7.833031 0.325 2.545735 0.311339 2.371037
49.506 5 GPS_INT 485068843 -31587926 411660376 404501438 -37258691 701625 651388 -17 -11 9 792 83 382591000 203 10 3 1
49.506 5 ALIVE 53,218,81,70,62,199,115,110,109,98,53,234,26,129,160,165
49.521 5 INS 1064 345 42843228 89128 -68157 57778484 -30 -64 -365
49.584 5 ROTORCRAFT_FP 345 1064 -42844644 -33 43 -28207 -12781 142 953 0 0 0 0 384 0
49.664 5 IMU_MAG_RAW 0 0 0
49.664 5 CIRCLE 0.03 -4. 3.
49.759 5 LIDAR 0. 176 1
49.775 5 INS 1077 340 42850276 0 -73400 57732052 -12 -42 -361
49.834 5 ROTORCRAFT_FP 340 1077 -42851680 -35 0 -28184 -12780 141 942 0 0 0 0 384 0
49.913 5 CIRCLE 0.03 -4. 3.
50.004 5 GPS_INT 485068821 -31587926 411660376 404501451 -37258692 701457 651221 -20 -8 18 793 88 382591500 203 10 3 1
50.019 5 INS 1103 343 42857284 136314 -52428 57685768 -6 -49 -381
50.020 5 DL_VALUE 19 1.
50.037 5 LINK_REPORT 5 -1 424 0 404010 9801 0 987. 23. 104 -1.65900336852e+12
50.083 5 ROTORCRAFT_FP 343 1103 -42858688 -25 66 -28162 -12780 140 933 0 0 0 0 384 0
50.163 5 CIRCLE 0.03 -4. 3.
50.253 5 GPS_INT 485068804 -31587922 411660374 404501460 -37258689 701322 651085 -10 1 16 793 85 382591750 203 10 3 1
50.253 5 SVINFO 20 78 4 1 0 1 196
50.268 5 INS 1126 348 42864288 94371 0 57638912 -49 -47 -359
50.332 5 ROTORCRAFT_FP 348 1126 -42865688 0 46 -28139 -12779 139 926 0 0 0 0 384 0
50.411 5 CIRCLE 0.03 -4. 3.
50.501 5 GPS_INT 485068802 -31587920 411660379 404501464 -37258687 701332 651096 7 -5 12 793 80 382592000 203 10 3 1
50.517 5 INS 1139 353 42871292 20971 -26214 57592628 -43 -35 -316
50.564 5 WP_MOVED_ENU 7 775 -1018 2560
50.591 5 ROTORCRAFT_FP 353 1139 -42872692 -12 10 -28116 -12779 139 936 0 0 0 0 384 0
50.592 5 ROTORCRAFT_NAV_STATUS 726 726 0. 0. 3 0 2
50.622 5 ROVER_STATUS 0 66 3 0 1 741 7.833031
50.654 5 IMU_MAG_RAW 0 0 0
50.655 5 CIRCLE 0.03 -4. 3.
50.750 5 GPS_INT 485068799 -31587919 411660381 404501468 -37258686 701325 651088 18 -7 19 794 79 382592250 203 10 3 1
50.750 5 LIDAR 0. 176 1
50.909 5 CIRCLE 0.03 -4. 3.
50.999 5 GPS_INT 485068790 -31587916 411660383 404501475 -37258683 701268 651032 15 4 28 794 72 382592500 203 10 3 1
51.000 5 SVINFO 23 81 13 7 33 57 11
51.015 5 INS 1167 360 42885300 57671 20971 57499836 -7 -70 -352
51.038 5 LINK_REPORT 5 -1 425 0 404914 9822 0 904. 21. 104 -1.65900336852e+12
51.079 5 ROTORCRAFT_FP 360 1167 -42886700 10 28 -28071 -12778 137 946 0 0 0 0 384 0
51.110 5 DL_VALUE 20 80.
51.206 5 CIRCLE 0.03 -4. 3.
51.249 5 GPS_INT 485068790 -31587914 411660388 404501478 -37258681 701298 651062 39 -12 20 794 78 382592750 203 10 3 1
51.249 5 SVINFO 24 82 13 4 19 32 302
51.264 5 INS 1177 366 42892308 -57671 -52428 57454148 -9 -28 -360
51.376 5 STATE_FILTER_STATUS 6 3 0
51.408 5 CIRCLE 0.03 -4. 3.
51.501 5 GPS_INT 485068782 -31587912 411660388 404501483 -37258679 701233 650997 26 -12 27 794 77 382593000 203 10 3 1
51.502 5 SVINFO 25 88 13 4 14 25 74
51.517 5 INS 1192 371 42899312 15728 -57671 57407604 -38 -74 -356
51.580 5 ROTORCRAFT_FP 371 1192 -42900712 -28 7 -28026 -12777 136 928 0 0 0 0 384 0
51.581 5 UART_ERRORS 0 7 38 1
51.644 5 ALIVE 53,218,81,70,62,199,115,110,109,98,53,234,26,129,160,165
51.660 5 IMU_MAG_RAW 0 0 0
51.660 5 CIRCLE 0.03 -4. 3.
51.740 5 GPS_INT 485068774 -31587913 411660388 404501487 -37258680 701173 650937 23 -9 7 795 79 382593250 224 9 3 1
51.755 5 LIDAR 0. 176 1
51.771 5 INS 1205 366 42906312 -52428 -41943 57360840 5 -34 -352
51.830 5 ROTORCRAFT_FP 366 1205 -42907712 -20 -25 -28003 -12777 135 922 0 0 0 0 384 0
51.831 5 ROVER_STATUS 0 66 3 0 1 742 7.833031
51.845 5 WP_MOVED_ENU 8 -760 -1031 2560
51.909 5 CIRCLE 0.03 -4. 3.
51.957 5 ENERGY 4 7.833031 0.25 1.958258 0.311536 2.372581
52.000 5 GPS_INT 485068767 -31587913 411660389 404501492 -37258681 701127 650891 7 -1 11 796 78 382593500 224 9 3 1
52.000 5 SVINFO 1 3 4 4 18 7 207
52.015 5 INS 1218 366 42913312 15728 -5242 57315216 7 -43 -377
52.039 5 LINK_REPORT 5 -1 426 0 405979 9849 0 1065. 27. 105 -1.65900337352e+12
52.076 5 ROTORCRAFT_FP 366 1218 -42914712 -2 7 -27981 -12777 135 932 0 0 0 0 384 0
52.156 5 CIRCLE 0.03 -4. 3.
52.172 5 ROTORCRAFT_NAV_STATUS 727 727 0. 0. 3 0 2
52.204 5 DL_VALUE 21 80.
52.247 5 GPS_INT 485068756 -31587912 411660390 404501500 -37258681 701049 650813 -5 -4 10 797 89 382593750 224 9 3 1
52.247 5 SVINFO 2 7 12 1 0 2 268
52.262 5 INS 1239 366 42920312 52428 -26214 57267788 -25 -49 -380
52.325 5 ROTORCRAFT_FP 366 1239 -42921712 -12 25 -27958 -12776 134 930 0 0 0 0 384 0
52.404 5 CIRCLE 0.03 -4. 3.
52.495 5 GPS_INT 485068759 -31587911 411660395 404501501 -37258679 701102 650866 3 3 5 797 64 382594000 203 10 3 1
52.495 5 SVINFO 3 8 13 7 29 78 342
52.510 5 INS 1244 368 42927308 5242 15728 57221200 -38 -35 -389
52.574 5 ROTORCRAFT_FP 368 1244 -42928708 7 2 -27935 -12776 134 939 0 0 0 0 384 0
52.654 5 IMU_MAG_RAW 0 0 0
52.654 5 CIRCLE 0.03 -4. 3.
52.744 5 GPS_INT 485068769 -31587910 411660401 404501500 -37258678 701218 650982 3 0 -2 798 86 382594250 203 10 3 1
52.745 5 SVINFO 4 10 13 4 22 38 50
52.745 5 LIDAR 0. 176 1
52.760 5 INS 1239 373 42934300 -20971 0 57174308 5 -40 -404
52.823 5 ROTORCRAFT_FP 373 1239 -42935700 0 -10 -27912 -12776 133 955 0 0 0 0 384 0
52.902 5 CIRCLE 0.03 -4. 3.
52.992 5 GPS_INT 485068762 -31587908 411660399 404501502 -37258675 701152 650916 2 -1 4 799 79 382594500 203 10 3 1
53.018 5 INS 1246 378 42941300 5242 -5242 57127656 -11 -44 -357
53.018 5 ROVER_STATUS 0 65 3 0 1 743 7.833031
53.034 5 INS_REF 485069569 -31588109 411660456 404501063 -37258851 707753 657517 0.
53.039 5 LINK_REPORT 5 -1 427 0 407061 9874 0 1082. 25. 105 -1.65900337352e+12
53.066 5 ROTORCRAFT_FP 378 1246 -42942700 -2 2 -27890 -12776 133 971 0 0 0 0 384 0
53.145 5 WP_MOVED_ENU 9 -775 1018 2560
53.146 5 CIRCLE 0.03 -4. 3.
53.241 5 GPS_INT 485068755 -31587905 411660396 404501505 -37258673 701075 650839 1 -6 -1 800 55 382594750 203 10 3 1
53.241 5 SVINFO 6 16 12 3 6 19 172
53.256 5 INS 1251 384 42948300 -10485 -31457 57081560 -36 -28 -394
53.320 5 ROTORCRAFT_FP 384 1251 -42949700 -15 -5 -27867 -12775 133 987 0 0 0 0 384 0
53.321 5 DL_VALUE 22 0.
53.416 5 CIRCLE 0.03 -4. 3.
53.491 5 GPS_INT 485068750 -31587904 411660395 404501507 -37258672 701031 650794 8 7 -13 802 94 382595000 224 9 3 1
53.492 5 SVINFO 7 21 13 4 21 60 291
53.507 5 INS 1259 386 42955300 -78643 36700 57033644 1 -43 -390
53.570 5 ROTORCRAFT_FP 386 1259 -42956700 17 -38 -27843 -12774 132 977 0 0 0 0 384 0
53.650 5 IMU_MAG_RAW 0 0 0
53.650 5 CIRCLE 0.03 -4. 3.
53.698 5 ALIVE 53,218,81,70,62,199,115,110,109,98,53,234,26,129,160,165
53.740 5 GPS_INT 485068749 -31587902 411660396 404501508 -37258670 701031 650794 6 5 -6 804 94 382595250 224 9 3 1
53.740 5 LIDAR 0. 176 1
53.755 5 INS 1262 391 42962300 -47185 26214 56986468 -14 -16 -351
53.771 5 ROTORCRAFT_NAV_STATUS 729 729 0. 0. 3 0 2
53.819 5 ROTORCRAFT_FP 391 1262 -42963700 12 -23 -27820 -12774 131 983 0 0 0 0 384 0
53.899 5 CIRCLE 0.03 -4. 3.
53.989 5 GPS_INT 485068742 -31587901 411660396 404501512 -37258669 700977 650740 3 -2 8 806 84 382595500 224 9 3 1
54.005 5 INS 1274 391 42969280 20971 -10485 56939276 -20 -36 -408
54.037 5 DATALINK_REPORT 741 0 19120 1084 0 0
54.040 5 LINK_REPORT 5 -1 428 0 408133 9899 0 1072. 25. 105 -1.65900337352e+12
54.068 5 ROTORCRAFT_FP 391 1274 -42970676 -5 10 -27797 -12774 131 999 0 0 0 0 384 0
54.147 5 CIRCLE 0.03 -4. 3.
54.211 5 ROVER_STATUS 0 66 3 0 1 744 7.833031
54.238 5 GPS_INT 485068732 -31587900 411660396 404501518 -37258668 700900 650663 -4 -2 -2 808 76 382595750 224 9 3 1
54.253 5 INS 1292 394 42976220 0 -15728 56891176 2 -32 -357
54.397 5 DL_VALUE 23 1.
54.445 5 ENERGY 4 7.833031 0.325 2.545735 0.311729 2.374089
54.445 5 WP_MOVED_ENU 10 10160 10329 2560
54.487 5 GPS_INT 485068720 -31587897 411660394 404501524 -37258666 700790 650554 -3 4 2 810 63 382596000 224 9 3 1
54.503 5 INS 1308 399 42983132 15728 15728 56844228 -7 -8 -341
54.567 5 ROTORCRAFT_FP 399 1308 -42984512 7 7 -27751 -12774 130 1030 0 0 0 0 384 0
54.568 5 STATE_FILTER_STATUS 6 3 0
54.657 5 IMU_MAG_RAW 0 0 0
54.658 5 CIRCLE 0.03 -4. 3.
54.658 5 UART_ERRORS 0 0 1 2
54.658 5 UART_ERRORS 0 1 0 3
54.658 5 UART_ERRORS 0 0 0 4
54.736 5 GPS_INT 485068694 -31587891 411660385 404501533 -37258661 700536 650299 -17 14 3 812 73 382596250 224 9 3 1
54.736 5 LIDAR 0. 176 1
54.751 5 INS 1333 409 42990032 68157 62914 56797952 25 -29 -358
54.816 5 ROTORCRAFT_FP 409 1333 -42991412 30 33 -27728 -12773 129 1014 0 0 0 0 384 0
54.895 5 CIRCLE 0.03 -4. 3.
54.986 5 GPS_INT 485068691 -31587886 411660385 404501535 -37258655 700508 650272 -1 21 -22 814 87 382596500 224 9 3 1
55.002 5 INS 1338 422 42996932 -83886 104857 56750728 1 -13 -375
55.042 5 LINK_REPORT 5 -1 429 0 409120 9923 0 987. 24. 105 -1.65900337352e+12
55.066 5 ROTORCRAFT_FP 422 1338 -42998312 51 -40 -27705 -12773 129 990 0 0 0 0 384 0
55.145 5 CIRCLE 0.03 -4. 3.
55.235 5 GPS_INT 485068683 -31587882 411660382 404501538 -37258651 700432 650196 -3 6 -6 816 84 382596750 224 9 3 1
55.251 5 INS 1346 430 43003832 -15728 26214 56704188 -2 -29 -337
55.315 5 ROTORCRAFT_FP 430 1346 -43005212 12 -7 -27682 -12772 128 995 0 0 0 0 384 0
55.362 5 ROTORCRAFT_NAV_STATUS 730 730 0. 0. 3 0 2
55.394 5 CIRCLE 0.03 -4. 3.
55.394 5 ROVER_STATUS 0 66 3 0 1 745 7.833031
55.484 5 GPS_INT 485068681 -31587879 411660382 404501539 -37258648 700410 650174 5 12 -13 819 91 382597000 224 9 3 1
55.500 5 INS 1351 437 43010732 -68157 62914 56657400 -15 -45 -389
55.500 5 DL_VALUE 24 1.
55.564 5 ROTORCRAFT_FP 437 1351 -43012116 30 -33 -27660 -12772 128 984 0 0 0 0 384 0
55.644 5 IMU_MAG_RAW 0 0 0
55.644 5 CIRCLE 0.03 -4. 3.
55.734 5 GPS_INT 485068691 -31587878 411660385 404501535 -37258646 700509 650273 16 3 -12 821 94 382597250 223 9 3 1
55.734 5 SVINFO 16 65 13 4 23 29 43
55.735 5 WP_MOVED_ENU 11 10329 -10160 2560
55.763 5 LIDAR 0. 176 4
55.764 5 INS 1341 442 43017636 -104857 20971 56610364 4 -50 -371
55.796 5 ALIVE 53,218,81,70,62,199,115,110,109,98,53,234,26,129,160,165
55.812 5 ROTORCRAFT_FP 442 1341 -43019016 10 -51 -27637 -12771 127 966 0 0 0 0 384 0
55.891 5 CIRCLE 0.03 -4. 3.
55.982 5 GPS_INT 485068693 -31587879 411660383 404501532 -37258646 700513 650277 20 -7 -15 824 87 382597500 223 9 3 1
55.998 5 INS 1333 440 43024536 -131071 -31457 56563836 16 -31 -376
56.042 5 LINK_REPORT 5 -1 430 0 410171 9947 0 1051. 24. 105 -1.65900337352e+12
56.062 5 ROTORCRAFT_FP 440 1333 -43025916 -15 -63 -27614 -12771 127 952 0 0 0 0 384 0
56.142 5 CIRCLE 0.03 -4. 3.
56.232 5 GPS_INT 485068682 -31587877 411660376 404501534 -37258645 700377 650141 15 1 -6 826 92 382597750 205 10 3 1
56.248 5 INS 1338 442 43031436 -78643 5242 56517080 22 -26 -347
56.391 5 CIRCLE 0.03 -4. 3.
56.518 5 GPS_INT 485068715 -31587881 411660388 404501523 -37258648 700709 650473 24 6 -25 829 95 382598000 218 9 3 1
56.519 5 INS 1305 440 43038336 -183500 36700 56470132 9 -7 -370
56.598 5 ROVER_STATUS 0 66 3 0 1 747 7.833031
56.598 5 DL_VALUE 25 0.
56.630 5 IMU_MAG_RAW 0 0 0
56.646 5 CIRCLE 0.03 -4. 3.
56.726 5 GPS_INT 485068707 -31587878 411660384 404501525 -37258645 700621 650385 -5 9 12 831 70 382598250 205 10 3 1
56.742 5 LIDAR 0. 176 1
56.742 5 INS 1313 445 43045236 62914 41943 56423988 20 -30 -342
