5.812 5 ROTORCRAFT_FP -1968 10549 -37290416 -10485 -136314 90853384 -12767 46 -5043 0 0 0 0 0 0
5.923 5 ROTORCRAFT_NAV_STATUS 1024 1024 0. 0. 3 0 2
5.966 5 LINK_REPORT 5 -1 6 0 3868 88 0 967. 19. 1 -1.65900413146e+12
5.988 5 GPS_INT 485067626 -31588751 411664245 404504768 -37259754 717890 667653 49 11 12 974 110 383351250 228 7 3 1
6.005 5 INS 10531 -1963 37281536 -120586 73400 -90894448 -9 3 -399
6.067 5 ROTORCRAFT_FP -1963 10531 -37279316 73400 -120586 90904808 -12767 46 -5043 0 0 0 0 0 0
6.068 5 DL_VALUE 12 0.
6.099 5 WP_MOVED_ENU 5 519 -1021 2560
6.195 5 DATALINK_REPORT 1499 0 36445 977 0 0
6.239 5 GPS_INT 485067655 -31588752 411664251 404504755 -37259754 718148 667912 48 -3 -3 975 115 383351500 228 7 3 1
6.255 5 INS 10493 -1963 37270436 -178257 0 -90946832 -14 17 -390
6.319 5 ROTORCRAFT_FP -1963 10493 -37268216 0 -178257 90957424 -12767 46 -5043 0 0 0 0 0 0
6.351 5 ROVER_STATUS 2 0 3 4 0 1503 7.806538
6.399 5 IMU_MAG_RAW 0 0 0
6.489 5 GPS_INT 485067684 -31588756 411664257 404504742 -37259756 718416 668180 42 -4 7 976 111 383351750 228 7 3 1
6.504 5 INS 10457 -1968 37259336 -120586 -10485 -90998640 9 -22 -380
6.568 5 ROTORCRAFT_FP -1968 10457 -37257116 -10485 -120586 91008960 -12767 46 -5043 0 0 0 0 0 0
6.712 5 STATE_FILTER_STATUS 6 3 0
6.741 5 GPS_INT 485067700 -31588758 411664262 404504736 -37259756 718569 668333 26 -1 10 978 107 383352000 228 7 3 1
6.742 5 SVINFO 22 82 12 4 22 36 309
6.756 5 INS 10439 -1971 37248236 -52428 0 -91049872 -1 7 -419
6.817 5 ROTORCRAFT_FP -1971 10439 -37246016 0 -52428 91060248 -12767 46 -5044 0 0 0 0 0 0
6.967 5 LINK_REPORT 5 -1 7 0 4783 107 0 915. 19. 1 -1.65900413146e+12
7.008 5 INS 10396 -1968 37237136 -94371 5242 -91101528 29 -5 -409
7.067 5 ROTORCRAFT_FP -1968 10396 -37234916 5242 -94371 91112040 -12767 46 -5044 0 0 0 0 0 0
7.146 5 DL_VALUE 13 0.
7.258 5 INS 10362 -1966 37226036 -110100 -31457 -91153968 -6 -7 -442
7.316 5 ROTORCRAFT_FP -1966 10362 -37223816 -31457 -110100 91164840 -12767 46 -5043 0 0 0 0 0 0
7.395 5 WP_MOVED_ENU 6 760 1031 2560
7.395 5 IMU_MAG_RAW 0 0 0
7.486 5 GPS_INT 485067794 -31588764 411664281 404504694 -37259756 719406 669170 35 -2 -16 981 117 383352750 228 7 3 1
7.489 5 SVINFO 0 1 15 7 31 37 272
7.490 5 LIDAR 4.05 172 1
7.501 5 INS 10321 -1968 37214936 -183500 0 -91206112 18 -20 -385
7.517 5 ROTORCRAFT_NAV_STATUS 1024 1024 0. 0. 3 0 2
7.565 5 ROTORCRAFT_FP -1968 10321 -37212712 0 -183500 91216536 -12767 46 -5043 0 0 0 0 0 0
7.566 5 ROVER_STATUS 2 0 3 4 0 1504 7.806538
7.645 5 ALIVE 53,218,81,70,62,199,115,110,109,98,53,234,26,129,160,165
7.735 5 GPS_INT 485067825 -31588766 411664286 404504680 -37259757 719675 669439 40 -1 -7 982 117 383353000 228 7 3 1
7.736 5 SVINFO 1 3 15 7 26 13 208
7.751 5 INS 10278 -1968 37203832 -167772 5242 -91258672 4 23 -371
7.814 5 ROTORCRAFT_FP -1968 10278 -37201612 5242 -167772 91268752 -12767 46 -5043 0 0 0 0 0 0
7.893 5 UART_ERRORS 0 7 38 1
7.909 5 UART_ERRORS 0 0 1 2
7.909 5 UART_ERRORS 0 1 0 3
7.910 5 UART_ERRORS 0 0 0 4
7.926 5 AUTOPILOT_VERSION 60200 v6.2_unstable-101-g8a957fd0a-dirty
7.967 5 LINK_REPORT 5 -1 8 0 5747 131 0 964. 24. 1 -1.65900413146e+12
7.984 5 GPS_INT 485067847 -31588770 411664291 404504670 -37259759 719878 669642 30 -5 2 983 112 383353250 228 7 3 1
7.984 5 SVINFO 2 8 15 4 21 83 3
7.999 5 INS 10252 -1976 37192716 -99614 -20971 -91309744 -5 -11 -400
8.063 5 ROTORCRAFT_FP -1976 10252 -37190488 -20971 -99614 91320368 -12767 46 -5043 0 0 0 0 0 0
8.191 5 ENERGY 0 7.806538 0.4 3.122615 0.396917 3.034054
8.233 5 GPS_INT 485067864 -31588774 411664300 404504666 -37259763 720073 669837 18 -4 27 984 96 383353500 228 7 3 1
8.234 5 SVINFO 3 10 15 4 25 33 47
8.249 5 INS 10240 -1984 37181576 41943 -15728 -91361136 0 6 -404
8.250 5 DL_VALUE 14 0.
8.313 5 ROTORCRAFT_FP -1984 10240 -37179340 -15728 41943 91371680 -12767 46 -5044 0 0 0 0 0 0
8.393 5 IMU_MAG_RAW 0 0 0
8.483 5 GPS_INT 485067890 -31588780 411664313 404504660 -37259768 720352 670116 10 -5 22 986 96 383353750 228 7 3 1
8.483 5 SVINFO 4 14 4 4 19 11 322
8.484 5 LIDAR 4.05 174 1
8.498 5 INS 10222 -1994 37170392 52428 -26214 -91414224 -5 6 -428
8.562 5 ROTORCRAFT_FP -1994 10222 -37168152 -26214 52428 91424584 -12767 46 -5044 0 0 0 0 0 0
8.689 5 WP_MOVED_ENU 7 775 -1018 2560
8.731 5 GPS_INT 485067911 -31588785 411664321 404504652 -37259773 720574 670337 22 -10 6 988 104 383354000 228 7 3 1
8.732 5 SVINFO 5 16 13 4 16 14 172
8.759 5 INS 10204 -2004 37159196 -57671 -47185 -91466288 -4 -11 -410
8.759 5 ROVER_STATUS 2 0 3 4 0 1505 7.806538
8.807 5 ROTORCRAFT_FP -2004 10204 -37156956 -47185 -57671 91477016 -12767 46 -5043 0 0 0 0 0 0
8.968 5 LINK_REPORT 5 -1 9 0 6737 153 0 990. 22. 1 -1.65900413146e+12
8.984 5 GPS_INT 485067944 -31588791 411664332 404504641 -37259777 720896 670659 22 -12 16 990 97 383354250 228 7 3 1
8.984 5 SVINFO 6 21 15 7 26 63 301
8.998 5 INS 10168 -2014 37147996 -15728 -57671 -91518208 -6 10 -428
9.061 5 ROTORCRAFT_FP -2014 10168 -37145756 -57671 -15728 91528656 -12767 46 -5043 0 0 0 0 0 0
9.109 5 ROTORCRAFT_NAV_STATUS 1024 1024 0. 0. 3 0 2
9.231 5 GPS_INT 485067953 -31588794 411664330 404504634 -37259780 720951 670715 24 -2 -21 992 119 383354500 228 7 3 1
9.246 5 INS 10150 -2019 37136796 -167772 -5242 -91570160 19 -20 -395
9.310 5 ROTORCRAFT_FP -2019 10150 -37134556 -5242 -167772 91580424 -12767 46 -5043 0 0 0 0 0 0
9.342 5 DL_VALUE 15 0.
9.390 5 IMU_MAG_RAW 0 0 0
9.486 5 LIDAR 4.06 176 1
9.560 5 ROTORCRAFT_FP -2027 10122 -37123356 -5242 -110100 91631584 -12767 46 -5043 0 0 0 0 0 0
9.729 5 GPS_INT 485067992 -31588801 411664331 404504612 -37259786 721257 671021 19 5 -8 994 119 383355000 228 7 3 1
9.730 5 ALIVE 53,218,81,70,62,199,115,110,109,98,53,234,26,129,160,165
9.745 5 INS 10086 -2032 37114396 -99614 31457 -91672512 -3 -18 -362
9.810 5 ROTORCRAFT_FP -2032 10086 -37112156 31457 -99614 91682792 -12767 46 -5043 0 0 0 0 0 0
9.903 5 STATE_FILTER_STATUS 6 3 0
9.951 5 ROVER_STATUS 2 0 3 4 0 1506 7.806538
9.970 5 LINK_REPORT 5 -1 10 0 7560 171 0 823. 18. 1 -1.65900413146e+12
9.977 5 GPS_INT 485068025 -31588805 411664340 404504598 -37259787 721567 671330 11 5 -6 995 116 383355250 228 7 3 1
9.978 5 WP_MOVED_ENU 8 -760 -1031 2560
9.993 5 INS 10048 -2035 37103196 -62914 26214 -91723792 0 6 -399
10.057 5 ROTORCRAFT_FP -2035 10048 -37100956 26214 -62914 91734488 -12767 46 -5043 0 0 0 0 0 0
10.230 5 GPS_INT 485068051 -31588806 411664346 404504587 -37259786 721799 671563 9 12 -3 996 102 383355500 228 7 3 1
10.246 5 INS 10017 -2035 37091996 -41943 62914 -91776064 -15 0 -385
10.262 5 INS_REF 485069569 -31588109 411660456 404501063 -37258851 707753 657517 0.
10.306 5 ROTORCRAFT_FP -2035 10017 -37089756 62914 -41943 91786912 -12767 46 -5043 0 0 0 0 0 0
10.386 5 IMU_MAG_RAW 0 0 0
10.433 5 DL_VALUE 16 0.
10.476 5 GPS_INT 485068063 -31588808 411664350 404504583 -37259787 721921 671685 -8 0 9 998 118 383355750 228 7 3 1
10.476 5 LIDAR 4.09 174 1
10.491 5 INS 10004 -2037 37080796 62914 -5242 -91828544 -8 -3 -404
10.555 5 ROTORCRAFT_FP -2037 10004 -37078556 -5242 62914 91838720 -12767 46 -5043 0 0 0 0 0 0
10.682 5 ENERGY 0 7.806538 0.375 2.927452 0.39716 3.035952
10.698 5 ROTORCRAFT_NAV_STATUS 1024 1024 0. 0. 3 0 2
10.729 5 GPS_INT 485068076 -31588809 411664355 404504579 -37259787 722058 671821 -7 16 0 999 90 383356000 228 7 3 1
10.745 5 INS 9994 -2037 37069596 26214 78643 -91880528 -6 -7 -395
10.804 5 ROTORCRAFT_FP -2037 9994 -37067356 78643 26214 91891080 -12767 46 -5043 0 0 0 0 0 0
10.971 5 LINK_REPORT 5 -1 11 0 8515 190 0 955. 19. 2 -1.65900413646e+12
10.974 5 GPS_INT 485068084 -31588810 411664357 404504575 -37259788 722134 671898 -19 4 5 1001 117 383356250 228 7 3 1
10.975 5 SVINFO 14 136 12 7 34 42 167
10.989 5 INS 9984 -2040 37058396 83886 10485 -91932912 2 -14 -414
11.054 5 ROTORCRAFT_FP -2040 9984 -37056152 10485 83886 91942816 -12767 46 -5043 0 0 0 0 0 0
11.134 5 ROVER_STATUS 2 0 3 4 0 1507 7.806538
11.224 5 GPS_INT 485068080 -31588811 411664354 404504575 -37259790 722083 671847 -25 -4 1 1002 115 383356500 228 7 3 1
11.225 5 SVINFO 15 65 12 6 27 26 37
11.239 5 INS 9984 -2042 37047192 83886 -31457 -91984432 -5 -11 -396
11.271 5 DATALINK_REPORT 1504 0 36555 995 0 0
11.287 5 WP_MOVED_ENU 9 -775 1018 2560
11.303 5 ROTORCRAFT_FP -2042 9984 -37044952 -31457 83886 91994808 -12767 46 -5043 0 0 0 0 0 0
11.383 5 IMU_MAG_RAW 0 0 0
11.476 5 GPS_INT 485068096 -31588815 411664356 404504567 -37259793 722216 671979 8 2 -5 1004 120 383356750 228 7 3 1
11.477 5 SVINFO 16 66 12 4 14 47 109
11.477 5 LIDAR 4.06 172 1
11.491 5 INS 9960 -2050 37035992 -47185 10485 -92036176 -21 -12 -372
11.554 5 ROTORCRAFT_FP -2050 9960 -37033748 10485 -47185 92046456 -12767 46 -5043 0 0 0 0 0 0
11.555 5 DL_VALUE 17 1.
11.744 5 INS 9937 -2048 37024784 -193986 20971 -92087016 -19 -6 -367
11.824 5 ALIVE 53,218,81,70,62,199,115,110,109,98,53,234,26,129,160,165
11.968 5 GPS_INT 485068110 -31588817 411664337 404504546 -37259795 722204 671967 39 -10 -23 1007 124 383357250 228 7 3 1
11.971 5 LINK_REPORT 5 -1 12 0 9433 211 0 918. 21. 2 -1.65900413646e+12
11.983 5 INS 9902 -2053 37013576 -230686 -41943 -92139416 18 24 -403
12.238 5 GPS_INT 485068133 -31588823 411664338 404504534 -37259800 722382 672146 22 3 -9 1008 123 383357500 228 7 3 1
12.239 5 SVINFO 19 79 12 4 24 24 233
12.239 5 INS 9863 -2063 37002320 -110100 20971 -92192544 -1 -26 -424
12.302 5 ROTORCRAFT_NAV_STATUS 1024 1024 0. 0. 3 0 2
12.334 5 ROVER_STATUS 2 0 3 4 0 1509 7.806538
12.382 5 IMU_MAG_RAW 0 0 0
12.462 5 GPS_INT 485068144 -31588826 411664334 404504524 -37259802 722441 672205 13 3 -24 1010 119 383357750 228 7 3 1
12.477 5 LIDAR 4.1 170 6
12.493 5 INS 9838 -2071 36991028 -141557 15728 -92245544 9 -23 -433
12.542 5 ROTORCRAFT_FP -2071 9838 -36988768 15728 -141557 92256160 -12768 46 -5043 0 0 0 0 0 0
12.573 5 WP_MOVED_ENU 10 10160 10329 2560
12.637 5 DL_VALUE 18 1.
12.717 5 GPS_INT 485068143 -31588827 411664327 404504520 -37259804 722391 672155 -3 3 -13 1012 101 383358000 228 7 3 1
12.718 5 SVINFO 21 81 12 7 30 57 24
12.733 5 INS 9825 -2073 36979732 -41943 10485 -92297856 31 -30 -423
12.797 5 ROTORCRAFT_FP -2073 9825 -36977472 10485 -41943 92307864 -12768 46 -5043 0 0 0 0 0 0
12.968 5 GPS_INT 485068135 -31588829 411664321 404504520 -37259807 722295 672059 -25 -3 -8 1014 108 383358250 228 7 3 1
12.969 5 SVINFO 22 82 12 4 21 36 309
12.972 5 LINK_REPORT 5 -1 13 0 10254 230 0 821. 19. 2 -1.65900413646e+12
13.048 5 ROTORCRAFT_FP -2078 9827 -36966176 -26214 47185 92359264 -12768 46 -5043 0 0 0 0 0 0
13.095 5 STATE_FILTER_STATUS 6 3 0
13.176 5 ENERGY 0 7.806538 0.475 3.708105 0.397459 3.038283
13.298 5 ROTORCRAFT_FP -2086 9830 -36954880 31457 183500 92411240 -12768 45 -5043 0 0 0 0 0 0
13.377 5 IMU_MAG_RAW 0 0 0
13.473 5 LIDAR 4.1 170 1
13.547 5 ROTORCRAFT_FP -2088 9856 -36943580 20971 230686 92464064 -12768 45 -5043 0 0 0 0 0 0
13.547 5 ROVER_STATUS 2 0 3 4 0 1510 7.806538
13.707 5 GPS_INT 485068100 -31588829 411664328 404504545 -37259809 722064 671828 -33 21 19 1021 122 383359000 228 7 3 1
13.738 5 INS 9899 -2083 36934540 188743 94371 -92505336 15 31 -465
13.738 5 DL_VALUE 19 1.
13.786 5 ROTORCRAFT_FP -2083 9899 -36932280 94371 188743 92515824 -12768 45 -5043 0 0 0 0 0 0
13.866 5 WP_MOVED_ENU 11 10329 -10160 2560
13.898 5 ROTORCRAFT_NAV_STATUS 1024 1024 0. 0. 3 0 2
13.930 5 ALIVE 53,218,81,70,62,199,115,110,109,98,53,234,26,129,160,165
13.962 5 GPS_INT 485068086 -31588827 411664324 404504551 -37259808 721937 671701 -32 12 -4 1024 112 383359250 228 7 3 1
13.963 5 SVINFO 1 3 15 4 24 13 208
13.973 5 LINK_REPORT 5 -1 14 0 10969 247 0 715. 17. 2 -1.65900413646e+12
13.978 5 INS 9914 -2081 36923240 94371 47185 -92557752 11 -11 -452
14.045 5 ROTORCRAFT_FP -2081 9914 -36920980 47185 94371 92568408 -12768 46 -5043 0 0 0 0 0 0
14.073 5 UART_ERRORS 0 7 38 1
14.089 5 UART_ERRORS 0 0 1 2
14.089 5 UART_ERRORS 0 1 0 3
14.213 5 GPS_INT 485068100 -31588830 411664324 404504543 -37259811 722051 671814 -3 13 -26 1027 99 383359500 228 7 3 1
14.213 5 SVINFO 2 8 15 4 24 83 3
14.228 5 INS 9891 -2086 36911940 -94371 62914 -92609872 -15 0 -380
14.292 5 ROTORCRAFT_FP -2086 9891 -36909680 62914 -94371 92619968 -12768 46 -5043 0 0 0 0 0 0
14.372 5 IMU_MAG_RAW 0 0 0
14.462 5 GPS_INT 485068076 -31588826 411664308 404504546 -37259808 721759 671523 -20 12 -25 1030 95 383359750 228 7 3 1
14.463 5 SVINFO 3 10 15 4 22 33 47
14.463 5 LIDAR 4.06 168 1
14.478 5 INS 9899 -2081 36900640 -31457 52428 -92660984 -1 -26 -420
14.542 5 ROTORCRAFT_FP -2081 9899 -36898380 52428 -31457 92671064 -12768 46 -5043 0 0 0 0 0 0
14.712 5 GPS_INT 485068096 -31588833 411664308 404504534 -37259814 721912 671675 -27 5 -35 1033 94 383360000 228 7 3 1
14.712 5 SVINFO 4 14 4 4 17 11 322
14.791 5 ROTORCRAFT_FP -2096 9866 -36887080 15728 -47185 92722656 -12768 46 -5043 0 0 0 0 0 0
14.823 5 DL_VALUE 20 80.
14.961 5 GPS_INT 485068079 -31588829 411664304 404504541 -37259812 721755 671519 -53 30 3 1036 115 383360250 228 7 3 1
14.962 5 SVINFO 5 16 13 4 18 14 172
14.974 5 LINK_REPORT 5 -1 15 0 11886 268 0 917. 21. 2 -1.65900413646e+12
14.977 5 INS 9886 -2088 36878040 193986 136314 -92764592 32 12 -403
15.041 5 ROTORCRAFT_FP -2088 9886 -36875780 136314 193986 92774912 -12768 46 -5042 0 0 0 0 0 0
15.168 5 WP_MOVED_ENU 12 -10160 -10329 2560
15.210 5 GPS_INT 485068066 -31588827 411664303 404504548 -37259810 721654 671418 -62 12 13 1038 123 383360500 228 7 3 1
15.226 5 INS 9907 -2086 36866740 262143 36700 -92816688 -8 8 -385
15.338 5 INS_REF 485069569 -31588109 411660456 404501063 -37258851 707753 657517 0.
15.370 5 IMU_MAG_RAW 0 0 0
15.460 5 GPS_INT 485068041 -31588825 411664299 404504560 -37259810 721436 671199 -70 13 10 1040 122 383360750 228 7 3 1
15.461 5 LIDAR 4.04 168 1
15.476 5 INS 9940 -2083 36855436 277872 41943 -92868496 -10 14 -414
15.508 5 ROTORCRAFT_NAV_STATUS 1024 1024 0. 0. 3 0 2
15.539 5 ROTORCRAFT_FP -2083 9940 -36853176 41943 277872 92878760 -12768 46 -5042 0 0 0 0 0 0
15.666 5 ENERGY 0 7.806538 0.55 4.293596 0.397714 3.040278
15.709 5 GPS_INT 485068003 -31588818 411664294 404504579 -37259804 721108 670872 -76 30 23 1042 123 383361000 228 7 3 1
15.724 5 INS 9994 -2073 36844132 351272 125829 -92920472 14 -9 -409
15.787 5 ROTORCRAFT_FP -2073 9994 -36841868 125829 351272 92930520 -12768 46 -5042 0 0 0 0 0 0
15.931 5 ROVER_STATUS 2 0 3 4 0 1512 7.806538
15.931 5 DL_VALUE 21 80.
15.958 5 GPS_INT 485068005 -31588821 411664293 404504577 -37259808 721123 670887 -51 1 -18 1044 106 383361250 228 7 3 1
15.973 5 INS 9989 -2081 36832804 99614 -15728 -92971408 -8 -11 -377
15.974 5 LINK_REPORT 5 -1 16 0 12843 288 0 957. 20. 3 -1.65900414146e+12
16.021 5 ALIVE 53,218,81,70,62,199,115,110,109,98,53,234,26,129,160,165
16.037 5 ROTORCRAFT_FP -2081 9989 -36830532 -15728 99614 92981984 -12768 46 -5042 0 0 0 0 0 0
16.207 5 GPS_INT 485067981 -31588819 411664284 404504585 -37259808 720876 670639 -55 22 -1 1046 115 383361500 228 7 3 1
16.222 5 INS 10012 -2078 36821444 183500 94371 -93023096 21 -1 -399
16.287 5 ROTORCRAFT_FP -2078 10012 -36819168 94371 183500 93033328 -12768 47 -5042 0 0 0 0 0 0
16.287 5 STATE_FILTER_STATUS 6 3 0
16.334 5 DATALINK_REPORT 1509 0 36663 977 0 0
16.366 5 IMU_MAG_RAW 0 0 0
16.456 5 GPS_INT 485067953 -31588816 411664271 404504593 -37259806 720580 670344 -48 10 -6 1048 113 383361750 228 7 3 1
16.457 5 SVINFO 11 32 4 4 22 22 97
16.457 5 WP_MOVED_ENU 13 -10329 10160 2560
16.486 5 LIDAR 4.09 168 1
16.487 5 INS 10032 -2076 36810056 136314 31457 -93073568 -27 -13 -391
16.535 5 ROTORCRAFT_FP -2076 10032 -36807776 31457 136314 93083912 -12768 46 -5042 0 0 0 0 0 0
16.705 5 GPS_INT 485067950 -31588819 411664267 404504592 -37259810 720530 670294 -40 11 -4 1050 113 383362000 228 7 3 1
16.720 5 INS 10030 -2083 36798656 120586 41943 -93125688 -35 -5 -372
16.784 5 ROTORCRAFT_FP -2083 10030 -36796380 41943 120586 93136144 -12768 47 -5042 0 0 0 0 0 0
16.954 5 GPS_INT 485067913 -31588814 411664249 404504601 -37259806 720132 669896 -28 13 -27 1053 92 383362250 228 7 3 1
16.970 5 INS 10055 -2078 36787260 -10485 57671 -93177544 13 1 -366
16.975 5 LINK_REPORT 5 -1 17 0 13765 307 0 922. 19. 3 -1.65900414146e+12
17.034 5 ROTORCRAFT_FP -2078 10055 -36784980 57671 -10485 93187736 -12768 46 -5042 0 0 0 0 0 0
17.035 5 DL_VALUE 22 0.
17.081 5 ROTORCRAFT_NAV_STATUS 1024 1024 0. 0. 3 0 2
17.114 5 ROVER_STATUS 2 0 3 4 0 1513 7.806538
17.161 5 UART_ERRORS 0 0 0 4
17.204 5 GPS_INT 485067909 -31588815 411664242 404504598 -37259808 720052 669816 -34 12 -23 1057 97 383362500 228 7 3 1
17.204 5 SVINFO 14 136 12 7 33 42 167
17.219 5 INS 10048 -2081 36775860 26214 47185 -93228792 9 10 -385
17.283 5 ROTORCRAFT_FP -2081 10048 -36773584 47185 26214 93238968 -12768 46 -5042 0 0 0 0 0 0
17.363 5 IMU_MAG_RAW 0 0 0
17.453 5 GPS_INT 485067893 -31588815 411664231 404504600 -37259809 719861 669625 -36 12 -21 1059 99 383362750 228 7 3 1
17.454 5 LIDAR 4.1 168 1
17.469 5 INS 10053 -2083 36764464 36700 47185 -93280496 -15 -3 -410
17.533 5 ROTORCRAFT_FP -2083 10053 -36762184 47185 36700 93290744 -12768 47 -5043 0 0 0 0 0 0
17.703 5 GPS_INT 485067858 -31588807 411664215 404504610 -37259803 719488 669252 -54 25 -4 1062 115 383363000 228 7 3 1
17.703 5 SVINFO 16 66 12 1 0 48 109
17.718 5 INS 10081 -2068 36753064 167772 110100 -93332104 -11 -2 -390
17.766 5 WP_MOVED_ENU 0 0 0 2560
17.783 5 ROTORCRAFT_FP -2068 10081 -36750784 110100 167772 93342640 -12769 47 -5043 0 0 0 0 0 0
17.954 5 GPS_INT 485067828 -31588799 411664206 404504622 -37259795 719202 668966 -63 31 -1 1064 116 383363250 228 7 3 1
17.968 5 INS 10114 -2053 36741664 214957 136314 -93384128 -30 -8 -391
17.976 5 LINK_REPORT 5 -1 18 0 14727 328 0 962. 21. 3 -1.65900414146e+12
18.031 5 ROTORCRAFT_FP -2053 10114 -36739384 136314 214957 93394424 -12769 47 -5042 0 0 0 0 0 0
18.111 5 ALIVE 53,218,81,70,62,199,115,110,109,98,53,234,26,129,160,165
18.111 5 DL_VALUE 23 1.
18.158 5 ENERGY 0 7.806538 0.325 2.537125 0.397986 3.042398
18.201 5 GPS_INT 485067783 -31588787 411664191 404504638 -37259784 718756 668520 -74 30 -9 1066 114 383363500 228 7 3 1
18.216 5 INS 10160 -2030 36730264 220200 131071 -93436512 -15 8 -399
18.279 5 ROTORCRAFT_FP -2030 10160 -36727984 131071 220200 93446976 -12769 47 -5042 0 0 0 0 0 0
