7.686 5 LINK_REPORT 5 -1 285 4 201701 4293 0 0. 0. 45 34.11
7.931 5 INS -8506 3151 47351 -36700 36700 23335892 -143 143 -527
7.931 5 PONG 
7.956 5 LINK_REPORT 5 -1 8 0 2370 63 0 441. 12. 1 2479.09
8.309 5 IMU_MAG_RAW 0 0 0
8.399 5 GPS_INT 485067817 -31588176 411662172 404503257 -37259063 705612 655376 38 -5 16 2204 159 381798500 180 10 3 1
8.400 5 LIDAR 0. 212 1
8.429 5 STATE_FILTER_STATUS 6 3 0
8.429 5 LIDAR 0.09 200 1
8.430 5 ROTORCRAFT_FP 4679 -11358 -4798 -62914 -41943 -10080771 0 0 0 0 0 0 0 0 0
8.431 5 GPS_INT 485067795 -31588732 411662884 404503738 -37259719 710337 660101 52 -9 40 4099 204 381795000 180 10 3 1
8.432 5 SVINFO 14 66 12 3 18 37 124
8.432 5 INS -7109 1843 14558 5242 -89128 17538574 0 0 10045
8.432 5 INS -7124 1879 16774 -15728 -41943 18824328 0 0 10045
8.433 5 DL_VALUE 4 1.
8.433 5 ALIVE 53,218,81,70,62,199,115,110,109,98,53,234,26,129,160,165
8.434 5 ROTORCRAFT_FP 1930 -7257 -19641 -5242 15728 -20367332 0 0 0 0 0 0 0 0 0
8.435 5 PONG 
8.435 5 GPS_INT 485067580 -31588694 411662727 404503757 -37259691 707671 657435 28 -2 29 3225 167 381795750 192 9 3 1
8.437 5 SVINFO 17 79 13 6 32 35 243
8.438 5 SVINFO 18 81 12 3 23 57 358
8.438 5 UART_ERRORS 0 0 0 1
8.438 5 INS -8107 2659 33004 -31457 20971 23669000 -602 762 -398
8.439 5 INS -8107 2659 35889 -31457 20971 23608386 540 -685 -5
8.439 5 DL_VALUE 6 4.
8.439 5 ROTORCRAFT_NAV_STATUS 0 0 0. 0. 0 0 0
8.439 5 DATALINK_REPORT 2 2 174 1003 0 0
8.439 5 GPS_INT 485067860 -31588234 411662298 404503317 -37259129 706781 656544 25 6 12 2282 152 381798000 180 10 3 1
8.440 5 WP_MOVED_ENU 6 760 1031 2560
8.476 5 DL_VALUE 7 1.
8.583 5 LINK_REPORT 5 -1 286 0 202526 4315 0 825. 22. 46 549.74
8.649 5 GPS_INT 485067837 -31588150 411662135 404503222 -37259031 705509 655273 51 -10 11 2167 151 381798750 180 10 3 1
8.650 5 SVINFO 9 27 13 6 32 60 101
8.664 5 INS -8778 3361 55862 -136314 -36700 23134404 228 96 -420
8.729 5 ROTORCRAFT_FP 3417 -8875 -56426 125829 -125829 -23121526 -12189 -112 -3746 0 0 0 0 0 0
8.856 5 ROVER_STATUS 2 0 3 4 0 12 8.036141
8.898 5 GPS_INT 485067870 -31588130 411662111 404503187 -37259005 705599 655363 63 20 22 2136 144 381799000 192 9 3 1
8.914 5 INS -8875 3417 58682 -125829 125829 23069028 29 63 -496
8.957 5 LINK_REPORT 5 -1 9 0 2784 73 0 414. 10. 1 2479.09
8.978 5 ROTORCRAFT_FP 3471 -8944 -59245 -15728 -78643 -23056242 -12187 -109 -3057 0 0 0 0 0 0
9.148 5 GPS_INT 485067873 -31588110 411662078 404503164 -37258981 705394 655158 52 -6 26 2102 149 381799250 192 9 3 1
9.164 5 INS -8944 3471 61494 -78643 -15728 23002530 -47 104 -543
9.237 5 WP_MOVED_ENU 7 775 -1018 2560
9.239 5 ROTORCRAFT_FP 3517 -9021 -62055 -15728 -115343 -22989428 -12186 -108 -2470 0 0 0 0 0 0
9.240 5 ROTORCRAFT_NAV_STATUS 0 0 0. 0. 0 0 0
9.301 5 IMU_MAG_RAW 0 0 0
9.397 5 GPS_INT 485067876 -31588092 411662039 404503135 -37258960 705156 654919 58 -6 22 2068 144 381799500 192 9 3 1
9.397 5 LIDAR 0. 216 5
9.412 5 INS -9021 3517 64298 -115343 -15728 22937060 -1 67 -547
9.476 5 ROTORCRAFT_FP 3558 -9116 -64858 -120586 5242 -22923654 -12183 -105 -1986 0 0 0 0 0 0
9.556 5 ALIVE 53,218,81,70,62,199,115,110,109,98,53,234,26,129,160,165
9.557 5 DL_VALUE 8 4.
9.584 5 LINK_REPORT 5 -1 287 0 202597 4316 0 71. 1. 46 549.74
9.645 5 GPS_INT 485067895 -31588077 411662006 404503102 -37258941 705073 654837 54 -26 50 2035 145 381799750 192 9 3 1
9.646 5 SVINFO 13 65 13 4 21 32 50
9.725 5 ROTORCRAFT_FP 3573 -9169 -67652 -141557 -10485 -22857732 -12183 -103 -1587 0 0 0 0 0 0
9.726 5 UART_ERRORS 0 0 0 3
9.726 5 UART_ERRORS 0 0 0 4
9.895 5 SVINFO 14 66 12 1 0 37 124
9.910 5 INS -9169 3573 69882 -10485 -141557 22804240 -35 127 -502
9.958 5 LINK_REPORT 5 -1 10 0 3562 91 0 778. 18. 1 2479.09
10.054 5 ROVER_STATUS 2 0 3 4 0 13 8.044972
10.303 5 IMU_MAG_RAW 0 0 0
10.393 5 GPS_INT 485067925 -31588074 411661942 404503041 -37258935 704887 654650 27 -19 44 1942 139 381800500 194 8 3 1
10.394 5 LIDAR 0. 216 1
10.475 5 ROTORCRAFT_FP 3558 -9336 -75987 -52428 -104857 -22658988 -12180 -104 -790 0 0 0 0 0 0
10.476 5 PONG 
10.585 5 LINK_REPORT 5 -1 288 0 202688 4318 0 91. 2. 46 549.74
10.642 5 SVINFO 17 79 13 6 27 35 243
10.658 5 INS -9336 3558 78197 -104857 -52428 22606580 -40 124 -505
10.659 5 DL_VALUE 9 0.
10.722 5 ROTORCRAFT_FP 3553 -9392 -78749 -15728 15728 -22593434 -12181 -102 -631 0 0 0 0 0 0
10.817 5 ROTORCRAFT_NAV_STATUS 0 0 0. 0. 0 0 0
10.891 5 GPS_INT 485067978 -31588084 411661936 404503006 -37258942 705259 655022 30 -4 30 1889 133 381801000 194 8 3 1
10.892 5 SVINFO 18 81 13 4 19 57 358
10.907 5 INS -9392 3553 80953 15728 -15728 22540880 -58 101 -489
10.958 5 LINK_REPORT 5 -1 11 0 4111 105 0 549. 14. 2 23.27
10.971 5 ROTORCRAFT_FP 3558 -9436 -81503 26214 131071 -22527632 -12180 -100 -609 0 0 0 0 0 0
11.099 5 ENERGY 0 8.053803 0.375 3.020176 0.001183 0.009509
11.140 5 SVINFO 19 88 12 3 9 29 67
11.156 5 INS -9436 3558 83701 131071 26214 22475396 -35 168 -526
11.220 5 ROTORCRAFT_FP 3568 -9510 -84250 -26214 -20971 -22462452 -12180 -98 -484 0 0 0 0 0 0
11.252 5 ROVER_STATUS 2 0 3 4 0 15 8.053803
11.390 5 SVINFO 0 1 13 4 19 28 261
11.390 5 LIDAR 0. 216 1
11.406 5 INS -9510 3568 86441 -20971 -26214 22409942 -117 133 -473
11.470 5 ROTORCRAFT_FP 3596 -9612 -86988 57671 -115343 -22396352 -12178 -97 -466 0 0 0 0 0 0
11.586 5 LINK_REPORT 5 -1 289 0 202728 4320 0 40. 2. 46 549.74
11.613 5 STATE_FILTER_STATUS 6 3 0
11.643 5 GPS_INT 485068102 -31588075 411661927 404502928 -37258923 706134 655897 54 8 17 1817 126 381801750 194 8 3 1
11.643 5 ALIVE 53,218,81,70,62,199,115,110,109,98,53,234,26,129,160,165
11.658 5 INS -9612 3596 89172 -115343 57671 22343748 -19 123 -524
11.719 5 ROTORCRAFT_FP 3614 -9679 -89718 89128 -120586 -22330766 -12179 -96 -360 0 0 0 0 0 0
11.750 5 DL_VALUE 10 6.
11.813 5 INS_REF 485065295 -31589301 411664541 404506309 -37260580 702390 650000 0.
11.814 5 WP_MOVED_ENU 9 -775 1018 2560
11.888 5 GPS_INT 485068113 -31588069 411661902 404502904 -37258915 706051 655815 49 14 12 1802 124 381802000 311 7 3 1
11.889 5 SVINFO 2 7 13 4 16 5 272
11.904 5 INS -9679 3614 91896 -120586 89128 22278904 -61 143 -511
11.959 5 LINK_REPORT 5 -1 12 0 4801 120 0 690. 15. 2 23.27
11.968 5 ROTORCRAFT_FP 3622 -9751 -92440 36700 -10485 -22265874 -12180 -95 -281 0 0 0 0 0 0
12.138 5 GPS_INT 485068159 -31588069 411661905 404502879 -37258912 706422 656185 54 4 44 1788 125 381802250 311 7 3 1
12.138 5 SVINFO 3 10 13 6 29 43 54
12.218 5 ROTORCRAFT_FP 3627 -9809 -95154 68157 -162529 -22200262 -12179 -95 -263 0 0 0 0 0 0
12.297 5 IMU_MAG_RAW 0 0 0
12.387 5 SVINFO 4 16 13 6 27 25 172
12.387 5 LIDAR 0. 224 1
12.403 5 INS -9809 3627 97320 -162529 68157 22147578 -81 101 -490
12.467 5 ROVER_STATUS 2 0 3 4 0 16 8.044972
12.587 5 LINK_REPORT 5 -1 290 0 203074 4329 0 346. 9. 46 549.74
12.636 5 SVINFO 5 21 13 4 18 56 282
12.652 5 INS -9848 3635 100019 -125829 199229 22082408 -59 103 -494
12.795 5 UART_ERRORS 0 0 0 1
12.811 5 DATALINK_REPORT 2 4 284 974 0 0
12.843 5 DL_VALUE 11 0.
12.885 5 SVINFO 6 22 4 3 16 6 129
12.960 5 LINK_REPORT 5 -1 13 0 5062 126 0 261. 6. 2 23.27
13.092 5 WP_MOVED_ENU 10 10160 10329 2560
13.135 5 GPS_INT 485068155 -31588061 411661803 404502813 -37258902 705725 655489 54 1 24 1747 128 381803250 311 7 3 1
13.136 5 SVINFO 7 23 4 3 18 14 41
13.151 5 INS -9940 3642 105395 -89128 20971 21950416 -57 149 -505
13.214 5 ROTORCRAFT_FP 3645 -9984 -105930 36700 -152043 -21937556 -12176 -92 -75 0 0 0 0 0 0
13.293 5 IMU_MAG_RAW 0 0 0
13.383 5 SVINFO 8 26 4 3 17 1 164
13.384 5 LIDAR 0. 224 1
13.399 5 INS -9984 3645 108070 -152043 36700 21885094 -90 131 -509
13.416 5 AUTOPILOT_VERSION 60200 v6.2_unstable-101-g8a957fd0a-dirty
13.463 5 ROTORCRAFT_FP 3627 -10004 -108605 -94371 120586 -21872254 -12175 -91 -50 0 0 0 0 0 0
13.588 5 LINK_REPORT 5 -1 291 0 203157 4333 0 83. 4. 47 -4451.78
13.633 5 GPS_INT 485068154 -31588067 411661770 404502790 -37258909 705509 655273 28 -19 56 1730 145 381803750 311 7 3 1
13.634 5 SVINFO 9 27 13 6 28 60 101
13.658 5 INS -10004 3627 110738 120586 -94371 21819268 -97 119 -511
13.659 5 ROVER_STATUS 2 0 3 4 0 17 8.053803
13.961 5 LINK_REPORT 5 -1 14 0 5700 141 0 638. 15. 2 23.27
13.962 5 ROTORCRAFT_FP 3601 -10101 -113929 36700 -230686 -21740432 -12176 -91 -12 0 0 0 0 0 0
13.963 5 DL_VALUE 12 0.
14.010 5 ROTORCRAFT_NAV_STATUS 0 0 0. 0. 0 0 0
14.132 5 GPS_INT 485068188 -31588079 411661750 404502756 -37258921 705645 655408 82 2 12 1720 136 381804250 320 7 3 1
14.148 5 INS -10101 3601 116049 -230686 36700 21687728 -106 161 -504
14.211 5 ROTORCRAFT_FP 3571 -10099 -116579 -115343 241172 -21674474 -12175 -90 0 0 0 0 0 0 0
14.290 5 IMU_MAG_RAW 0 0 0
14.381 5 GPS_INT 485068192 -31588091 411661755 404502757 -37258934 705714 655478 20 -23 80 1716 151 381804500 320 7 3 1
14.382 5 WP_MOVED_ENU 11 10329 -10160 2560
14.411 5 LIDAR 0. 224 1
14.412 5 INS -10099 3571 118693 241172 -115343 21621216 -134 139 -505
14.459 5 ROTORCRAFT_FP 3568 -10099 -119220 52428 115343 -21608450 -12174 -90 10 0 0 0 0 0 0
14.590 5 LINK_REPORT 5 -1 292 1 203157 4333 0 0. 0. 47 -4451.78
14.629 5 GPS_INT 485068172 -31588091 411661738 404502757 -37258937 705451 655214 32 8 57 1712 126 381804750 320 7 3 1
14.645 5 INS -10099 3568 121328 115343 52428 21555610 -48 171 -541
14.709 5 ROTORCRAFT_FP 3558 -10112 -121854 -94371 57671 -21542764 -12173 -90 17 0 0 0 0 0 0
14.804 5 STATE_FILTER_STATUS 6 3 0
14.853 5 ROVER_STATUS 2 0 3 4 0 18 8.053803
14.879 5 GPS_INT 485068172 -31588095 411661732 404502752 -37258941 705416 655180 41 -20 51 1707 138 381805000 320 7 3 1
14.880 5 SVINFO 14 66 13 4 18 37 124
14.894 5 INS -10112 3558 123956 57671 -94371 21489826 -152 141 -506
14.962 5 LINK_REPORT 5 -1 15 0 6638 161 0 938. 20. 2 23.27
15.038 5 DL_VALUE 13 0.
15.128 5 GPS_INT 485068181 -31588110 411661750 404502759 -37258957 705604 655367 6 -38 106 1704 155 381805250 320 7 3 1
15.144 5 INS -10094 3522 126575 393215 -199229 21424570 -99 150 -531
15.378 5 GPS_INT 485068187 -31588110 411661742 404502750 -37258957 705593 655357 67 1 27 1701 132 381805500 320 7 3 1
15.378 5 LIDAR 0. 232 1
15.393 5 INS -10119 3522 129187 -120586 26214 21359304 -69 134 -495
15.457 5 ROTORCRAFT_FP 3520 -10137 -129708 -5242 -62914 -21346900 -12172 -91 32 0 0 0 0 0 0
15.473 5 PONG 
15.590 5 LINK_REPORT 5 -1 293 2 203157 4333 0 0. 0. 47 -4451.78
15.601 5 ROTORCRAFT_NAV_STATUS 0 0 0. 0. 0 0 0
15.631 5 GPS_INT 485068198 -31588112 411661742 404502743 -37258959 705686 655450 64 -5 40 1698 131 381805750 320 7 3 1
15.632 5 SVINFO 17 79 13 6 28 35 243
15.647 5 INS -10137 3520 131790 -62914 -5242 21294318 -121 133 -496
15.678 5 WP_MOVED_ENU 12 -10160 -10329 2560
15.880 5 SVINFO 18 81 13 4 20 57 358
15.909 5 INS -10165 3530 134386 -220200 178257 21230060 -63 257 -442
15.909 5 UART_ERRORS 0 0 0 2
15.910 5 UART_ERRORS 0 0 0 3
15.910 5 UART_ERRORS 0 0 0 4
15.962 5 LINK_REPORT 5 -1 16 0 7321 179 0 683. 18. 3 19.19
16.034 5 ROVER_STATUS 2 0 3 4 0 19 8.044972
16.125 5 GPS_INT 485068197 -31588102 411661703 404502717 -37258947 705417 655180 103 33 4 1693 141 381806250 320 7 3 1
16.126 5 SVINFO 19 88 12 1 0 29 68
16.150 5 DL_VALUE 14 0.
16.203 5 ROTORCRAFT_FP 3540 -10245 -137490 52428 -178257 -21153234 -12181 -96 49 0 0 0 0 0 0
16.374 5 SVINFO 0 1 12 1 0 28 261
16.374 5 LIDAR 0. 232 1
16.391 5 INS -10245 3540 139553 -178257 52428 21100396 -54 141 -529
16.455 5 ROTORCRAFT_FP 3548 -10252 -140068 110100 -89128 -21087354 -12181 -97 50 0 0 0 0 0 0
16.592 5 LINK_REPORT 5 -1 294 0 203361 4339 0 204. 6. 47 -4451.78
16.624 5 GPS_INT 485068193 -31588100 411661677 404502702 -37258946 705215 654978 73 17 39 1689 129 381806750 320 7 3 1
16.625 5 SVINFO 1 3 4 3 15 2 206
16.883 5 SVINFO 2 7 12 3 13 5 272
16.884 5 INS_REF 485065295 -31589301 411664541 404506309 -37260580 702390 650000 0.
16.885 5 INS -10309 3563 144689 -424672 115343 20969666 -84 133 -548
16.964 5 LINK_REPORT 5 -1 17 0 7596 185 0 275. 6. 3 19.19
17.204 5 ROTORCRAFT_NAV_STATUS 0 0 0. 0. 0 0 0
17.593 5 LINK_REPORT 5 -1 295 0 203452 4341 0 91. 2. 47 -4451.78
17.621 5 SVINFO 5 21 12 3 14 56 282
17.637 5 INS -10383 3573 152333 -178257 110100 20772160 -121 127 -527
17.705 5 ROTORCRAFT_FP 3586 -10411 -152840 178257 -251658 -20759332 -12172 -92 54 0 0 0 0 0 0
17.869 5 SVINFO 6 22 4 3 12 6 128
17.964 5 LINK_REPORT 5 -1 18 0 7786 190 0 190. 5. 3 19.19
18.114 5 GPS_INT 485068225 -31588088 411661612 404502639 -37258929 705036 654800 59 -26 79 1675 142 381808250 298 8 3 1
18.115 5 SVINFO 7 23 4 4 10 14 41
18.130 5 INS -10432 3584 157388 104857 -120586 20641676 -79 168 -500
18.194 5 ROTORCRAFT_FP 3599 -10462 -157892 73400 -220200 -20628880 -12172 -92 53 0 0 0 0 0 0
18.274 5 WP_MOVED_ENU 0 0 0 2560
18.274 5 IMU_MAG_RAW 0 0 0
18.367 5 SVINFO 8 26 4 3 15 1 164
18.368 5 LIDAR 0.33 240 1
18.593 5 LINK_REPORT 5 -1 296 1 203452 4341 0 0. 0. 48 -9451.92
18.617 5 GPS_INT 485068236 -31588079 411661576 404502609 -37258917 704882 654645 86 -11 5 1668 133 381808750 298 8 3 1
18.618 5 SVINFO 9 27 13 6 25 60 101
18.793 5 ROTORCRAFT_NAV_STATUS 0 0 0. 0. 0 0 0
18.965 5 LINK_REPORT 5 -1 19 0 8207 201 0 421. 11. 3 19.19
19.274 5 IMU_MAG_RAW 0 0 0
19.365 5 GPS_INT 485068185 -31588052 411661499 404502587 -37258890 703980 653743 43 6 15 1599 106 381809500 297 8 3 1
19.366 5 LIDAR 0.28 232 1
19.380 5 INS -10583 3671 169889 -89128 41943 20318612 -103 164 -476
19.445 5 ROTORCRAFT_FP 3722 -10631 -170385 193986 -136314 -20305238 -12172 -92 59 0 0 0 0 0 0
19.446 5 DL_VALUE 17 1.
19.572 5 WP_MOVED_ENU 1 0 0 2560
19.594 5 LINK_REPORT 5 -1 297 2 203452 4341 0 0. 0. 48 -9451.92
19.640 5 INS -10631 3722 172366 -136314 193986 20252704 -69 146 -488
19.641 5 ROVER_STATUS 2 0 3 4 0 23 8.053803
19.689 5 ROTORCRAFT_FP 3763 -10636 -172860 173014 -99614 -20239092 -12172 -92 57 0 0 0 0 0 0
19.863 5 GPS_INT 485068136 -31588012 411661427 404502568 -37258845 703119 652883 29 32 -2 1539 92 381810000 266 9 3 1
19.879 5 INS -10636 3763 174834 -99614 173014 20186840 -121 148 -504
19.966 5 LINK_REPORT 5 -1 20 0 8748 213 0 541. 12. 3 19.19
20.272 5 IMU_MAG_RAW 0 0 0
20.594 5 LINK_REPORT 5 -1 298 3 203452 4341 0 0. 0. 48 -9451.92
20.834 5 ROVER_STATUS 2 0 3 4 0 24 8.053803
20.966 5 LINK_REPORT 5 -1 21 0 8797 215 0 49. 2. 4 -4981.68
21.126 5 ROTORCRAFT_FP 3573 -10347 -145201 141557 -304086 -20956850 -12176 -94 44 0 0 0 0 0 0
21.126 5 WP_MOVED_ENU 13 -10329 10160 2560
21.127 5 GPS_INT 485068200 -31588091 411661634 404502670 -37258934 704986 654750 99 21 8 1685 136 381807250 320 7 3 1
21.128 5 SVINFO 3 10 13 6 27 43 54
21.129 5 ROVER_STATUS 2 0 3 4 0 21 8.053803
21.130 5 DL_VALUE 15 0.
21.438 5 SVINFO 4 16 13 4 24 25 172
21.438 5 LIDAR 0.36 232 1
21.439 5 INS -10362 3573 149793 -15728 20971 20838354 -107 136 -471
21.439 5 PONG 
21.440 5 ROTORCRAFT_FP 3584 -10432 -155370 -120586 104857 -20693482 -12171 -92 52 0 0 0 0 0 0
21.442 5 INS -10462 3599 159904 -220200 73400 20577268 -58 171 -547
21.442 5 ROVER_STATUS 2 0 3 4 0 22 8.053803
21.443 5 ALIVE 53,218,81,70,62,199,115,110,109,98,53,234,26,129,160,165
21.445 5 GPS_INT 485068149 -31588009 411661427 404502560 -37258841 703212 652976 25 -14 17 1510 114 381810250 266 9 3 1
21.446 5 INS -10657 3773 177294 -20971 -68157 20120672 -105 168 -519
21.446 5 LIDAR 0.26 232 1
21.447 5 INS -10698 3768 179747 94371 -115343 20056482 -88 138 -441
21.447 5 PONG 
21.447 5 DL_VALUE 18 1.
21.448 5 GPS_INT 485068162 -31588013 411661403 404502536 -37258845 703161 652924 24 2 18 1445 94 381810750 266 9 3 1
21.448 5 INS -10726 3765 182191 -10485 15728 19992240 -130 149 -499
21.449 5 ROTORCRAFT_FP 3768 -10749 -182679 -152043 -15728 -19978748 -12171 -93 62 0 0 0 0 0 0
21.449 5 SVINFO 18 81 13 4 23 57 358
21.450 5 WP_MOVED_ENU 2 7 -1024 2560
21.450 5 INS -10749 3768 184628 -15728 -152043 19925834 -107 12 -534
21.450 5 STATE_FILTER_STATUS 6 3 0
21.450 5 IMU_MAG_RAW 0 0 0
21.451 5 GPS_INT 485068162 -31588029 411661399 404502533 -37258864 703144 652908 11 -10 4 1392 109 381811500 266 9 3 1
21.452 5 SVINFO 0 1 13 4 17 28 261
21.452 5 LIDAR 0. 240 5
21.452 5 INS -10736 3724 189477 -26214 -52428 19795946 -47 63 -555
21.595 5 LINK_REPORT 5 -1 299 0 204663 4373 0 1211. 32. 48 3561.97
21.607 5 SVINFO 1 3 4 3 6 2 206
21.633 5 INS -10741 3724 191890 -99614 83886 19732324 -17 213 -589
21.634 5 DL_VALUE 19 1.
21.856 5 SVINFO 2 7 12 3 7 5 272
21.937 5 ROTORCRAFT_FP 3732 -10749 -194679 68157 -99614 -19656992 -12201 -109 80 0 0 0 0 0 0
21.967 5 LINK_REPORT 5 -1 22 0 8818 216 0 21. 1. 4 -4981.68
22.080 5 UART_ERRORS 0 0 0 2
22.080 5 UART_ERRORS 0 0 0 3
22.080 5 UART_ERRORS 0 0 0 4
22.110 5 GPS_INT 485068158 -31588026 411661386 404502526 -37258861 703025 652788 23 9 5 1388 115 381812250 266 9 3 1
22.111 5 SVINFO 3 10 13 7 25 43 54
22.112 5 ALIVE 53,218,81,70,62,199,115,110,109,98,53,234,26,129,160,165
22.126 5 INS -10754 3732 196692 -57671 52428 19603180 -9 155 -484
22.158 5 WP_MOVED_ENU 3 -762 -775 2560
22.254 5 IMU_MAG_RAW 0 0 0
22.359 5 SVINFO 4 16 13 4 23 25 172
22.360 5 LIDAR 0. 240 1
22.375 5 INS -10754 3737 199081 -31457 94371 19537738 -69 138 -478
22.596 5 LINK_REPORT 5 -1 300 0 205167 4388 0 504. 15. 48 3561.97
22.605 5 GPS_INT 485068149 -31588019 411661378 404502526 -37258853 702902 652666 25 19 14 1387 109 381812750 266 9 3 1
22.620 5 INS -10754 3747 201462 -26214 104857 19474420 -107 74 -508
22.715 5 DL_VALUE 20 80.
22.854 5 SVINFO 6 22 4 3 8 6 128
22.933 5 PONG 
22.968 5 LINK_REPORT 5 -1 23 0 8983 220 0 165. 4. 4 -4981.68
23.103 5 SVINFO 7 23 4 3 8 14 41
23.119 5 INS -10749 3783 206201 52428 5242 19344338 69 66 -519
23.215 5 ROVER_STATUS 2 0 3 4 0 27 8.053803
23.262 5 IMU_MAG_RAW 0 0 0
23.353 5 SVINFO 8 26 4 3 6 1 164
23.353 5 LIDAR 0. 248 1
23.369 5 INS -10749 3801 208559 41943 20971 19279710 -96 89 -460
23.576 5 ROTORCRAFT_NAV_STATUS 0 0 0. 0. 0 0 0
23.596 5 LINK_REPORT 5 -1 301 0 205364 4396 0 197. 8. 49 47.07
23.622 5 GPS_INT 485068101 -31587992 411661336 404502526 -37258825 702250 652014 1 -14 19 1393 147 381813750 262 9 3 1
23.623 5 SVINFO 9 27 13 6 28 60 101
23.623 5 INS -10754 3809 210908 68157 -73400 19215006 -97 108 -467
23.682 5 ROTORCRAFT_FP 3809 -10754 -211377 -73400 68157 -19201892 -12210 -106 79 0 0 0 0 0 0
23.809 5 DL_VALUE 21 80.
23.851 5 GPS_INT 485068096 -31587991 411661331 404502526 -37258825 702182 651946 8 -13 18 1393 142 381814000 241 10 3 1
23.866 5 INS -10754 3811 213250 36700 -68157 19150628 -120 108 -496
23.931 5 ROTORCRAFT_FP 3811 -10754 -213718 -68157 36700 -19137564 -12210 -105 73 0 0 0 0 0 0
23.969 5 LINK_REPORT 5 -1 24 0 9401 229 0 418. 9. 4 -4981.68
24.116 5 INS -10767 3811 215584 5242 -94371 19085426 -122 89 -509
24.179 5 ROTORCRAFT_FP 3811 -10767 -216050 -94371 5242 -19072216 -12210 -105 69 0 0 0 0 0 0
24.216 5 ALIVE 53,218,81,70,62,199,115,110,109,98,53,234,26,129,160,165
24.349 5 LIDAR 0.47 248 1
24.379 5 INS -10785 3816 217910 -104857 -31457 19019912 -83 140 -519
24.379 5 STATE_FILTER_STATUS 6 3 0
24.426 5 ROVER_STATUS 2 0 3 4 0 28 8.053803
24.598 5 LINK_REPORT 5 -1 302 0 205435 4397 0 71. 1. 49 47.07
24.598 5 SVINFO 13 65 13 4 15 32 50
24.678 5 ROTORCRAFT_FP 3806 -10798 -220691 -99614 -47185 -18941612 -12212 -106 61 0 0 0 0 0 0
24.758 5 WP_MOVED_ENU 5 519 -1021 2560
24.848 5 SVINFO 14 66 13 4 9 37 124
24.927 5 DL_VALUE 22 0.
24.970 5 LINK_REPORT 5 -1 25 0 9720 239 0 319. 10. 4 -4981.68
25.097 5 GPS_INT 485068090 -31587998 411661302 404502509 -37258833 701948 651712 17 1 20 1386 110 381815250 241 10 3 1
25.113 5 INS -10803 3791 224840 20971 10485 18824868 -96 95 -501
25.177 5 ROTORCRAFT_FP 3791 -10803 -225300 10485 20971 -18811874 -12213 -107 69 0 0 0 0 0 0
25.179 5 ROTORCRAFT_NAV_STATUS 0 0 0. 0. 0 0 0
25.346 5 GPS_INT 485068035 -31587999 411661265 404502516 -37258838 701297 651061 24 7 12 1373 97 381815500 241 10 3 1
25.347 5 LIDAR 0.46 248 1
25.361 5 INS -10782 3781 227134 -36700 41943 18760550 -62 101 -509
25.598 5 LINK_REPORT 5 -1 303 0 205670 4402 0 235. 5. 49 47.07
25.621 5 INS -10764 3778 229421 -31457 47185 18696054 -103 74 -485
25.622 5 ROVER_STATUS 2 0 3 4 0 29 8.053803
25.844 5 SVINFO 18 81 13 4 13 57 358
25.860 5 INS -10726 3773 231699 26214 -73400 18631564 -39 95 -495
25.970 5 LINK_REPORT 5 -1 26 0 10081 247 0 361. 8. 5 -9982.8
26.093 5 SVINFO 19 88 13 4 14 29 68
26.253 5 IMU_MAG_RAW 0 0 0
26.301 5 ALIVE 53,218,81,70,62,199,115,110,109,98,53,234,26,129,160,165
26.343 5 SVINFO 0 1 13 4 19 28 261
26.343 5 LIDAR 0.44 248 1
26.359 5 INS -10695 3706 236233 47185 -78643 18502454 -95 118 -545
26.592 5 SVINFO 1 3 4 3 8 2 206
26.599 5 LINK_REPORT 5 -1 304 0 205835 4408 0 165. 6. 49 47.07
26.608 5 INS -10672 3676 238487 47185 -36700 18436736 -96 83 -482
26.672 5 ROTORCRAFT_FP 3676 -10672 -238937 -36700 47185 -18423240 -12217 -110 54 0 0 0 0 0 0
26.767 5 ROTORCRAFT_NAV_STATUS 0 0 0. 0. 0 0 0
26.841 5 SVINFO 2 7 12 3 9 5 272
26.971 5 LINK_REPORT 5 -1 27 0 10102 248 0 21. 1. 5 -9982.8
27.090 5 SVINFO 3 10 13 7 32 42 54
27.116 5 DL_VALUE 24 1.
27.165 5 ROTORCRAFT_FP 3640 -10670 -243420 36700 -120586 -18293976 -12219 -110 53 0 0 0 0 0 0
27.244 5 IMU_MAG_RAW 0 0 0
27.339 5 GPS_INT 485067815 -31588045 411661121 404502544 -37258910 698710 648474 51 -17 1 1276 90 381817500 254 9 3 1
27.340 5 SVINFO 4 16 13 6 31 25 172
27.341 5 WP_MOVED_ENU 7 775 -1018 2560
27.370 5 LIDAR 0. 248 1
27.370 5 INS -10705 3627 245204 -173014 -73400 18242912 -18 32 -498
27.418 5 ROTORCRAFT_FP 3627 -10705 -245649 -73400 -173014 -18229682 -12219 -111 51 0 0 0 0 0 0
27.561 5 STATE_FILTER_STATUS 6 3 0
27.591 5 SVINFO 5 21 13 4 21 56 282
27.600 5 LINK_REPORT 5 -1 305 0 206046 4414 0 211. 6. 49 47.07
27.607 5 INS -10711 3612 247427 173014 -230686 18178834 -81 86 -452
27.668 5 ROTORCRAFT_FP 3612 -10711 -247871 -230686 173014 -18165416 -12220 -112 50 0 0 0 0 0 0
27.838 5 GPS_INT 485067843 -31588051 411661139 404502539 -37258914 699047 648811 40 7 19 1265 103 381818000 254 9 3 1
27.839 5 SVINFO 6 22 4 3 7 6 128
27.854 5 INS -10716 3614 249642 -62914 47185 18113500 -80 100 -508
27.918 5 ROTORCRAFT_FP 3614 -10716 -250084 47185 -62914 -18100874 -12220 -112 49 0 0 0 0 0 0
27.919 5 PONG 
27.972 5 LINK_REPORT 5 -1 28 0 10713 263 0 611. 15. 5 2462.48
27.998 5 ROVER_STATUS 2 0 3 4 0 31 8.053803
28.029 5 DATALINK_REPORT 0 11 624 982 0 0
28.087 5 SVINFO 7 23 4 1 0 14 41
28.199 5 DL_VALUE 25 0.
28.262 5 UART_ERRORS 0 0 0 2
28.263 5 UART_ERRORS 0 0 0 3
28.337 5 GPS_INT 485067864 -31588052 411661143 404502531 -37258913 699230 648994 19 -12 38 1266 129 381818500 262 9 3 1
28.337 5 SVINFO 8 26 4 0 0 1 164
28.338 5 LIDAR 0. 254 1
28.352 5 INS -10744 3617 254049 83886 -57671 17984564 -69 127 -517
28.368 5 ROTORCRAFT_NAV_STATUS 0 0 0. 0. 0 0 0
28.400 5 ALIVE 53,218,81,70,62,199,115,110,109,98,53,234,26,129,160,165
28.416 5 ROTORCRAFT_FP 3617 -10744 -254488 -57671 83886 -17971668 -12221 -112 48 0 0 0 0 0 0
28.601 5 LINK_REPORT 5 -1 306 0 206539 4427 0 493. 13. 50 -4953.55
28.666 5 ROTORCRAFT_FP 3632 -10769 -256678 178257 26214 -17906706 -12221 -112 46 0 0 0 0 0 0
28.973 5 LINK_REPORT 5 -1 29 0 10755 265 0 42. 2. 5 2462.48
29.084 5 SVINFO 11 123 20 3 29 31 133
29.100 5 INS -10869 3671 260600 10485 10485 17791570 126 317 -300
29.164 5 ROTORCRAFT_FP 3671 -10869 -261034 10485 10485 -17778162 -12227 -126 51 0 0 0 0 0 0
29.243 5 IMU_MAG_RAW 0 0 0
29.290 5 DL_VALUE 26 0.
29.333 5 GPS_INT 485067958 -31588057 411661184 404502503 -37258913 700208 649972 -105 -72 159 1271 144 381819500 284 8 3 1
29.334 5 LIDAR 0. 0 1
29.413 5 ROTORCRAFT_FP 3619 -10821 -263201 -414187 969931 -17713136 -12228 -125 -193 0 0 0 0 0 0
29.583 5 GPS_INT 485067959 -31588069 411661212 404502521 -37258926 700402 650165 -43 -34 88 1275 190 381819750 284 8 3 1
29.583 5 SVINFO 13 65 13 4 14 32 50
29.598 5 INS -10769 3589 264928 487587 -193986 17661294 -99 136 -493
29.601 5 LINK_REPORT 5 -1 307 0 207094 4439 0 555. 12. 50 -4953.55
29.974 5 LINK_REPORT 5 -1 30 1 10755 265 0 0. 0. 5 2462.48
30.097 5 INS -10803 3640 269225 -791674 31457 17529588 -414 -54 -332
30.160 5 ROTORCRAFT_FP 3640 -10803 -269653 31457 -791674 -17515594 -12229 -127 -861 0 0 0 0 0 0
30.240 5 IMU_MAG_RAW 0 0 0
30.579 5 SVINFO 17 79 13 7 27 35 243
30.601 5 LINK_REPORT 5 -1 308 0 207260 4443 0 166. 4. 50 -4953.55
30.975 5 LINK_REPORT 5 -1 31 2 10755 265 0 0. 0. 6 -2538.32
31.079 5 GPS_INT 485067797 -31588129 411661277 404502658 -37259010 699630 649394 -256 -155 341 1358 365 381821250 380 6 3 1
31.079 5 SVINFO 19 88 13 4 12 29 68
31.237 5 WP_MOVED_ENU 10 10160 10329 2560
31.237 5 IMU_MAG_RAW 0 0 0
31.594 5 GPS_INT 485067844 -31588140 411661324 404502662 -37259018 700296 650059 -57 -71 126 1410 394 381821750 380 6 3 1
31.595 5 SVINFO 1 3 4 1 0 2 206
31.595 5 INS -10368 3389 281931 676330 -393215 17167964 247 73 -354
31.596 5 ROVER_STATUS 2 0 3 4 0 35 8.053803
31.602 5 LINK_REPORT 5 -1 309 0 207566 4451 0 306. 8. 50 -4953.55
31.825 5 GPS_INT 485067910 -31588118 411661279 404502594 -37258988 700493 650257 47 -20 -13 1426 204 381822000 394 5 3 1
31.826 5 SVINFO 2 7 12 3 18 5 272
31.975 5 LINK_REPORT 5 -1 32 3 10755 265 0 0. 0. 6 -2538.32
32.074 5 SVINFO 3 10 13 4 25 42 54
32.603 5 LINK_REPORT 5 -1 310 0 207678 4454 0 112. 3. 50 -4953.55
32.822 5 ENERGY 0 8.053803 0.275 2.214796 0.002535 0.020392
32.823 5 GPS_INT 485067889 -31588047 411661150 404502520 -37258906 699463 649227 8 34 12 1266 90 381818750 262 9 3 1
32.824 5 SVINFO 9 27 13 7 33 60 101
32.825 5 INS -10769 3632 256241 26214 178257 17919760 -21 79 -505
32.825 5 ROVER_STATUS 2 0 3 4 0 33 8.053803
32.826 5 INS -10821 3619 262768 969931 -414187 17726550 -101 79 -463
32.826 5 GPS_INT 485067952 -31588072 411661224 404502534 -37258931 700434 650198 -33 -23 69 1282 210 381820000 319 7 3 1
32.827 5 LIDAR 0. 0 1
32.827 5 INS -10905 3671 271360 -749731 346029 17460370 -3 103 -644
32.828 5 ROVER_STATUS 2 0 3 4 0 34 8.053803
32.828 5 DL_VALUE 27 0.
32.828 5 PONG 
32.828 5 ALIVE 53,218,81,70,62,199,115,110,109,98,53,234,26,129,160,165
32.829 5 STATE_FILTER_STATUS 6 3 0
32.829 5 GPS_INT 485067902 -31588054 411661139 404502505 -37258914 699494 649257 -75 -42 114 1337 352 381821000 380 6 3 1
32.830 5 SVINFO 18 81 13 4 12 57 358
32.830 5 INS -10816 3617 275609 697302 -246415 17342088 177 140 -600
32.831 5 ROTORCRAFT_FP 3617 -10816 -276032 -246415 697302 -17329664 -12234 -117 1336 0 0 0 0 0 0
32.831 5 ENERGY 0 8.053803 0.25 2.013451 0.002726 0.02193
32.832 5 SVINFO 0 1 13 4 24 28 261
32.832 5 LIDAR 0. 0 1
32.832 5 ROTORCRAFT_FP 3389 -10368 -282350 -393215 676330 -17153648 -12233 -122 533 0 0 0 0 0 0
32.833 5 SVINFO 4 16 12 3 20 25 172
32.833 5 LIDAR 0. 8 1
32.833 5 INS -10529 3394 288183 110100 -136314 16973700 -59 30 -499
32.834 5 WP_MOVED_ENU 11 10329 -10160 2560
32.836 5 GPS_INT 485067989 -31588149 411661324 404502578 -37259018 701401 651165 45 -41 -20 1492 154 381822750 394 5 3 1
32.836 5 SVINFO 5 21 12 3 16 56 282
32.836 5 ALIVE 53,218,81,70,62,199,115,110,109,98,53,234,26,129,160,165
32.837 5 INS -10608 3389 290251 -246415 -199229 16909432 -57 46 -476
32.837 5 DL_VALUE 29 1.
32.837 5 ROVER_STATUS 2 0 3 4 0 36 8.053803
32.976 5 LINK_REPORT 5 -1 33 0 11925 297 0 1170. 32. 6 2371.52
33.072 5 SVINFO 7 23 4 3 19 14 41
33.087 5 INS -10631 3343 294364 -57671 31457 16779270 -67 83 -482
33.103 5 DATALINK_REPORT 0 13 742 1021 0 0
33.151 5 ROTORCRAFT_NAV_STATUS 0 0 0. 0. 0 0 0
33.231 5 IMU_MAG_RAW 0 0 0
33.321 5 GPS_INT 485068052 -31588157 411661318 404502537 -37259023 701845 651609 46 -42 66 1534 184 381823500 334 6 3 1
33.322 5 LIDAR 0. 8 6
33.400 5 ROTORCRAFT_FP 3379 -10726 -296817 -204472 94371 -16702657 -12239 -124 -607 0 0 0 0 0 0
33.528 5 ENERGY 0 8.053803 0.325 2.617486 0.002916 0.023462
33.570 5 GPS_INT 485068069 -31588143 411661286 404502505 -37259005 701764 651528 26 -34 97 1544 216 381823750 334 6 3 1
33.571 5 SVINFO 9 27 13 4 23 60 101
33.604 5 LINK_REPORT 5 -1 311 0 208016 4462 0 338. 8. 51 -9953.7
33.650 5 ROTORCRAFT_FP 3417 -10816 -298852 -173014 288358 -16638449 -12240 -125 -669 0 0 0 0 0 0
33.681 5 DL_VALUE 30 0.
33.819 5 SVINFO 10 120 20 3 28 42 198
33.819 5 WP_MOVED_ENU 12 -10160 -10329 2560
33.977 5 LINK_REPORT 5 -1 34 0 12108 302 0 183. 5. 6 2371.52
33.978 5 ROVER_STATUS 2 0 3 4 0 37 8.053803
34.069 5 GPS_INT 485068098 -31588105 411661210 404502437 -37258958 701471 651234 22 -24 98 1561 212 381824250 313 7 3 1
34.070 5 SVINFO 11 123 20 3 27 31 133
34.148 5 ROTORCRAFT_FP 3520 -11008 -302899 -120586 309329 -16509462 -12240 -125 -755 0 0 0 0 0 0
34.232 5 IMU_MAG_RAW 0 0 0
34.317 5 SVINFO 12 136 28 3 27 42 167
34.318 5 LIDAR 0. 8 1
34.333 5 INS -11115 3586 304509 262143 -89128 16459371 18 56 -514
34.397 5 ROTORCRAFT_FP 3586 -11115 -304911 -89128 262143 -16447507 -12240 -120 -786 0 0 0 0 0 0
34.429 5 UART_ERRORS 0 0 0 1
34.429 5 UART_ERRORS 0 0 0 2
34.567 5 GPS_INT 485068123 -31588058 411661125 404502367 -37258901 701082 650846 1 -18 80 1578 261 381824750 313 7 3 1
34.568 5 SVINFO 13 65 12 1 0 32 50
34.605 5 LINK_REPORT 5 -1 312 0 208305 4471 0 289. 9. 51 -9953.7
34.774 5 DL_VALUE 31 0.
34.816 5 GPS_INT 485068130 -31588048 411661110 404502352 -37258888 701033 650796 2 -16 83 1582 216 381825000 313 7 3 1
34.817 5 SVINFO 14 66 13 4 11 37 124
34.896 5 ROTORCRAFT_FP 3671 -11248 -308911 -83886 319815 -16318249 -12231 -100 -829 0 0 0 0 0 0
34.978 5 LINK_REPORT 5 -1 35 0 12457 310 0 349. 8. 6 2371.52
35.129 5 WP_MOVED_ENU 13 -10329 10160 2560
35.146 5 ROTORCRAFT_FP 3717 -11320 -310899 -15728 267386 -16253197 -12234 -105 -849 0 0 0 0 0 0
35.177 5 ROVER_STATUS 2 0 3 4 0 39 8.053803
35.225 5 IMU_MAG_RAW 0 0 0
35.315 5 LIDAR 0. 8 1
35.394 5 ROTORCRAFT_FP 3755 -11415 -312879 -15728 0 -16187623 -12233 -100 -845 0 0 0 0 0 0
35.579 5 GPS_INT 485068172 -31588008 411661045 404502285 -37258839 700913 650677 -18 -15 70 1592 210 381825750 313 7 3 1
35.580 5 SVINFO 17 79 13 7 31 35 243
35.580 5 INS -11440 3781 314458 335544 -89128 16138767 -86 164 -684
35.605 5 LINK_REPORT 5 -1 313 0 208486 4475 0 181. 4. 51 -9953.7
35.813 5 GPS_INT 485068188 -31587989 411660995 404502242 -37258815 700695 650459 24 0 -41 1595 209 381826000 313 7 3 1
35.814 5 SVINFO 18 81 13 4 22 57 358
35.828 5 INS -11563 3832 316424 -246415 5242 16078231 109 -110 -623
35.892 5 ROTORCRAFT_FP 3832 -11563 -316816 5242 -246415 -16061032 -12229 -97 -864 0 0 0 0 0 0
35.893 5 DL_VALUE 32 0.
35.979 5 LINK_REPORT 5 -1 36 0 12883 320 0 426. 10. 7 -2628.72
36.020 5 ENERGY 0 8.053803 0.2 1.610761 0.003113 0.025051
36.063 5 GPS_INT 485068200 -31587982 411660970 404502218 -37258806 700626 650390 15 -15 -17 1597 146 381826250 325 6 3 1
36.064 5 SVINFO 19 88 13 4 20 29 68
36.078 5 INS -11630 3850 318382 -125829 -73400 16006294 398 -126 -540
36.221 5 IMU_MAG_RAW 0 0 0
36.312 5 GPS_INT 485068215 -31587989 411660973 404502211 -37258812 700756 650519 -24 -36 22 1599 199 381826500 325 6 3 1
36.313 5 SVINFO 0 1 12 3 18 28 261
36.313 5 LIDAR 0. 16 1
36.343 5 ROTORCRAFT_NAV_STATUS 0 0 0. 0. 0 0 0
36.391 5 ROVER_STATUS 2 0 3 4 0 40 8.053803
36.423 5 WP_MOVED_ENU 0 0 0 2560
36.561 5 SVINFO 1 3 4 3 11 2 206
36.577 5 INS -11686 3840 322276 178257 -136314 15885873 -90 -155 -512
36.606 5 LINK_REPORT 5 -1 314 0 208934 4487 0 448. 12. 51 -9953.7
36.641 5 ROTORCRAFT_FP 3840 -11686 -322664 -136314 178257 -15872589 -12245 -126 -892 0 0 0 0 0 0
36.769 5 ALIVE 53,218,81,70,62,199,115,110,109,98,53,234,26,129,160,165
36.810 5 SVINFO 2 7 12 3 13 5 272
36.885 5 ROTORCRAFT_FP 3857 -11719 -324598 -26214 183500 -15807475 -12247 -128 -896 0 0 0 0 0 0
36.980 5 LINK_REPORT 5 -1 37 0 13082 325 0 199. 5. 7 -2628.72
37.059 5 SVINFO 3 10 13 4 24 42 54
37.138 5 STATE_FILTER_STATUS 6 3 0
37.171 5 INS_REF 485065295 -31589301 411664541 404506309 -37260580 702390 650000 0.
37.218 5 IMU_MAG_RAW 0 0 0
37.309 5 GPS_INT 485068240 -31587979 411660953 404502183 -37258800 700814 650578 -29 1 46 1605 196 381827500 325 6 3 1
37.309 5 LIDAR 0. 16 1
37.325 5 INS -11729 3865 328059 277872 -5242 15691268 -104 36 -445
37.388 5 ROTORCRAFT_FP 3865 -11729 -328442 -5242 277872 -15679052 -12250 -130 -901 0 0 0 0 0 0
37.515 5 UART_ERRORS 0 0 0 3
37.558 5 GPS_INT 485068245 -31587968 411660956 404502183 -37258785 700866 650629 -54 36 33 1605 163 381827750 325 6 3 1
37.558 5 SVINFO 5 21 12 3 10 56 282
37.583 5 INS -11729 3893 329970 319815 167772 15627896 14 5 -519
37.583 5 ROVER_STATUS 2 0 3 4 0 41 8.053803
37.606 5 LINK_REPORT 5 -1 315 0 209441 4499 0 507. 12. 51 -9953.7
37.710 5 WP_MOVED_ENU 1 0 0 2560
37.807 5 GPS_INT 485068262 -31587960 411660965 404502179 -37258775 701055 650818 -55 16 51 1603 180 381828000 325 6 3 1
37.807 5 SVINFO 6 22 4 4 10 6 128
37.918 5 PONG 
37.934 5 ROTORCRAFT_NAV_STATUS 0 0 0. 0. 0 0 0
37.980 5 LINK_REPORT 5 -1 38 0 13194 329 0 112. 4. 7 -2628.72
38.056 5 SVINFO 7 23 4 4 12 14 41
38.214 5 IMU_MAG_RAW 0 0 0
38.305 5 GPS_INT 485068337 -31587923 411660992 404502155 -37258725 701779 651543 -20 74 -24 1601 200 381828500 325 6 3 1
38.305 5 SVINFO 8 26 4 3 13 1 164
38.306 5 LIDAR 0. 16 1
38.320 5 INS -11809 4024 335659 -15728 377487 15436522 -404 -102 -583
38.512 5 ENERGY 0 8.044972 0.275 2.212368 0.003316 0.026683
38.554 5 SVINFO 9 27 13 4 25 60 101
38.570 5 INS -11891 4088 337540 -36700 293601 15371620 313 60 -538
38.607 5 LINK_REPORT 5 -1 316 0 209763 4509 0 322. 10. 52 30.27
38.634 5 ROTORCRAFT_FP 4088 -11891 -337915 293601 -36700 -15358832 -12256 -129 -919 0 0 0 0 0 0
38.804 5 SVINFO 10 120 20 1 0 42 198
38.819 5 INS -11950 4057 339413 -104857 -246415 15307597 -37 93 -454
38.867 5 ALIVE 53,218,81,70,62,199,115,110,109,98,53,234,26,129,160,165
38.883 5 ROTORCRAFT_FP 4057 -11950 -339786 -246415 -104857 -15294215 -12257 -129 -913 0 0 0 0 0 0
38.982 5 LINK_REPORT 5 -1 39 0 13384 333 0 190. 4. 7 -2628.72
39.011 5 WP_MOVED_ENU 2 7 -1024 2560
39.054 5 GPS_INT 485068425 -31587939 411660974 404502092 -37258738 702336 652100 39 -103 67 1585 182 381829250 325 6 3 1
39.054 5 SVINFO 11 123 20 1 0 31 133
39.069 5 INS -11991 3998 341277 110100 -529530 15242370 89 216 -536
39.132 5 ROTORCRAFT_FP 3998 -11991 -341649 -529530 110100 -15229079 -12254 -132 -910 0 0 0 0 0 0
39.163 5 DL_VALUE 35 0.
39.211 5 IMU_MAG_RAW 0 0 0
39.302 5 GPS_INT 485068416 -31587921 411660941 404502075 -37258718 702043 651806 14 -7 14 1578 162 381829500 325 6 3 1
39.303 5 SVINFO 12 136 28 1 0 42 167
39.304 5 LIDAR 0. 16 1
39.318 5 INS -12037 4042 343134 5242 -36700 15178498 5 30 -572
39.525 5 ROTORCRAFT_NAV_STATUS 0 0 0. 0. 0 0 0
39.556 5 GPS_INT 485068393 -31587909 411660909 404502067 -37258705 701657 651421 1 9 13 1571 93 381829750 325 6 3 1
39.608 5 LINK_REPORT 5 -1 317 0 210107 4517 0 344. 8. 52 30.27
39.631 5 ROTORCRAFT_FP 4070 -12060 -345352 47185 47185 -15102239 -12255 -133 -904 0 0 0 0 0 0
39.801 5 GPS_INT 485068413 -31587902 411660912 404502057 -37258695 701826 651589 -8 -1 -3 1566 123 381830000 325 6 3 1
39.801 5 SVINFO 14 66 12 3 7 37 124
39.817 5 INS -12088 4090 346825 10485 -10485 15051201 -47 56 -499
39.959 5 ROVER_STATUS 2 0 3 4 0 43 8.053803
39.982 5 LINK_REPORT 5 -1 40 0 13959 346 0 575. 13. 7 -2628.72
40.049 5 GPS_INT 485068422 -31587870 411660899 404502044 -37258657 701792 651556 -28 82 -56 1561 188 381830250 325 6 3 1
40.065 5 INS -12124 4175 348658 -115343 419430 14987885 -112 -27 -471
40.129 5 ROTORCRAFT_FP 4175 -12124 -349024 419430 -115343 -14974744 -12257 -134 -898 0 0 0 0 0 0
40.208 5 IMU_MAG_RAW 0 0 0
40.256 5 DL_VALUE 36 0.
40.299 5 GPS_INT 485068423 -31587872 411660895 404502041 -37258660 701776 651540 -21 11 6 1555 125 381830500 325 6 3 1
40.299 5 WP_MOVED_ENU 3 -762 -775 2560
40.329 5 INS -12134 4170 350484 94371 47185 14924069 -1 25 -500
40.330 5 STATE_FILTER_STATUS 6 3 0
40.547 5 GPS_INT 485068416 -31587871 411660887 404502039 -37258659 701672 651435 -20 -11 8 1549 120 381830750 325 6 3 1
40.548 5 SVINFO 17 79 13 4 19 35 243
40.563 5 INS -12136 4170 352302 94371 -68157 14860806 15 28 -493
40.608 5 LINK_REPORT 5 -1 318 0 210600 4528 0 493. 11. 52 30.27
40.627 5 ROTORCRAFT_FP 4170 -12136 -352665 -68157 94371 -14847997 -12260 -135 -903 0 0 0 0 0 0
40.628 5 UART_ERRORS 0 0 0 1
40.797 5 SVINFO 18 81 13 4 21 57 358
40.982 5 LINK_REPORT 5 -1 41 0 14046 349 0 87. 3. 8 -7629.41
41.062 5 INS -12129 4157 355915 83886 10485 14735578 76 -60 -456
41.126 5 ROTORCRAFT_FP 4157 -12129 -356275 10485 83886 -14722794 -12265 -135 -904 0 0 0 0 0 0
41.127 5 ROTORCRAFT_NAV_STATUS 0 0 0. 0. 0 0 0
41.158 5 ROVER_STATUS 2 0 3 4 0 45 8.053803
41.205 5 IMU_MAG_RAW 0 0 0
41.296 5 GPS_INT 485068392 -31587867 411660878 404502048 -37258656 701434 651198 -53 29 -16 1535 153 381831500 325 6 3 1
41.297 5 SVINFO 0 1 12 3 7 28 261
41.297 5 LIDAR 0. 24 1
41.312 5 INS -12116 4177 357710 120586 131071 14671894 -74 54 -474
41.375 5 ROTORCRAFT_FP 4177 -12116 -358069 131071 120586 -14659611 -12263 -135 -906 0 0 0 0 0 0
41.376 5 DL_VALUE 37 1400.
41.545 5 SVINFO 1 3 4 3 7 2 206
41.608 5 LINK_REPORT 5 -1 319 0 211136 4541 0 536. 13. 52 30.27
41.795 5 GPS_INT 485068390 -31587902 411660917 404502075 -37258697 701687 651450 -32 -46 -7 1523 140 381832000 325 6 3 1
41.796 5 SVINFO 2 7 12 3 7 5 272
41.810 5 INS -12039 4088 361277 68157 -251658 14546493 -160 346 -468
41.874 5 ROTORCRAFT_FP 4088 -12039 -361632 -251658 68157 -14533135 -12267 -131 -907 0 0 0 0 0 0
41.983 5 LINK_REPORT 5 -1 42 0 14067 350 0 21. 1. 8 -7629.41
42.043 5 SVINFO 3 10 13 6 29 42 54
42.203 5 IMU_MAG_RAW 0 0 0
42.251 5 INS_REF 485065295 -31589301 411664541 404506309 -37260580 702390 650000 0.
42.293 5 GPS_INT 485068410 -31587917 411660961 404502093 -37258714 702129 651893 -32 13 -24 1510 147 381832500 325 6 3 1
42.294 5 SVINFO 4 16 13 6 31 25 172
42.295 5 LIDAR 0. 24 1
42.309 5 INS -11988 4052 364813 15728 52428 14416770 -96 44 -540
42.373 5 ROTORCRAFT_FP 4052 -11988 -365165 52428 15728 -14405430 -12302 -194 -904 0 0 0 0 0 0
42.374 5 ROVER_STATUS 2 0 3 4 0 46 8.053803
42.453 5 DL_VALUE 38 10.
42.543 5 GPS_INT 485068421 -31587918 411660969 404502091 -37258713 702263 652027 -33 8 -45 1506 142 381832750 325 6 3 1
42.543 5 SVINFO 5 21 12 3 7 56 282
42.558 5 INS -11991 4052 366569 -68157 26214 14351397 88 384 -398
42.609 5 LINK_REPORT 5 -1 320 0 211780 4556 0 644. 15. 52 30.27
42.621 5 ROTORCRAFT_FP 4052 -11991 -366919 26214 -68157 -14339259 -12306 -191 -916 0 0 0 0 0 0
42.717 5 ROTORCRAFT_NAV_STATUS 0 0 0. 0. 0 0 0
42.791 5 GPS_INT 485068448 -31587916 411660982 404502085 -37258710 702553 652317 -40 28 -43 1504 141 381833000 325 6 3 1
42.792 5 SVINFO 6 22 4 3 7 7 128
42.808 5 INS -12011 4060 368317 -31457 131071 14287958 41 -68 -511
42.870 5 ROTORCRAFT_FP 4060 -12011 -368666 131071 -31457 -14275379 -12308 -208 -914 0 0 0 0 0 0
42.901 5 WP_MOVED_ENU 5 519 -1021 2560
42.917 5 PONG 
42.984 5 LINK_REPORT 5 -1 43 0 14305 356 0 238. 6. 8 -7629.41
43.039 5 GPS_INT 485068480 -31587929 411661015 404502088 -37258722 703017 652780 -42 -16 3 1501 115 381833250 325 6 3 1
43.040 5 SVINFO 7 23 4 3 7 14 41
43.055 5 ALIVE 53,218,81,70,62,199,115,110,109,98,53,234,26,129,160,165
43.056 5 INS -12001 4034 370058 146800 -99614 14222790 128 -15 -531
43.119 5 ROTORCRAFT_FP 4034 -12001 -370405 -99614 146800 -14210113 -12313 -214 -913 0 0 0 0 0 0
43.199 5 IMU_MAG_RAW 0 0 0
43.263 5 DATALINK_REPORT 1 17 975 987 0 0
43.289 5 GPS_INT 485068487 -31587933 411661023 404502089 -37258726 703120 652884 -34 -1 -8 1501 117 381833500 325 6 3 1
43.290 5 SVINFO 8 26 4 3 7 1 164
43.290 5 LIDAR 0. 24 3
43.305 5 INS -11996 4024 371790 78643 -20971 14158758 -4 -8 -493
43.369 5 ROTORCRAFT_FP 4024 -11996 -372136 -20971 78643 -14145894 -12315 -219 -914 0 0 0 0 0 0
43.496 5 ENERGY 0 8.053803 0.275 2.214796 0.003688 0.029681
43.512 5 STATE_FILTER_STATUS 6 3 0
43.541 5 GPS_INT 485068470 -31587933 411661014 404502093 -37258727 702934 652698 -18 37 -23 1498 129 381833750 325 6 3 1
43.542 5 SVINFO 9 27 13 6 29 60 102
43.567 5 INS -11985 4021 373515 -26214 183500 14094245 -30 36 -543
43.568 5 ROVER_STATUS 2 0 3 4 0 47 8.053803
43.568 5 DL_VALUE 39 100.
