5.864 5 GPS_INT 637813700 0 0 0 0 0 -17000 0 0 0 649521920 100000 11250 9999 0 0 1
5.865 5 SVINFO 0 0 0 0 0 0 0
5.865 5 INS 0 0 0 0 0 0 0 -4 -555
5.867 5 ROVER_STATUS 2 0 0 4 0 11 7.497455
5.879 5 ROTORCRAFT_FP 0 0 0 0 0 0 -12695 -357 -3666 0 0 0 0 0 0
5.879 5 DATALINK_REPORT 0 1 176 1020 0 0
5.964 5 LINK_REPORT 5 -1 6 0 4999 112 0 1031. 24. 1 52.61
6.103 5 GPS_INT 637813700 0 0 0 0 0 -17000 0 0 0 649522112 100000 11500 9999 0 0 1
6.104 5 SVINFO 0 0 0 0 0 0 0
6.105 5 WP_MOVED_ENU 6 760 1031 2560
6.106 5 INS 0 0 0 0 0 0 7 -29 -534
6.175 5 ROTORCRAFT_FP 0 0 0 0 0 0 -12694 -357 -3666 0 0 0 0 0 0
6.352 5 GPS_INT 637813700 0 0 0 0 0 -17000 0 0 0 649522240 100000 11750 9999 0 0 1
6.352 5 SVINFO 0 0 0 0 0 0 0
6.381 5 INS 0 0 0 0 0 0 -18 25 -543
6.381 5 ROTORCRAFT_FP 0 0 0 0 0 0 -12694 -357 -3666 0 0 0 0 0 0
6.436 5 IMU_MAG_RAW 0 0 0
6.599 5 GPS_INT 637813700 0 0 0 0 0 -17000 0 0 0 649522368 100000 12000 9999 0 0 1
6.599 5 SVINFO 0 0 0 0 0 0 0
6.601 5 INS 0 0 0 0 0 0 20 -59 -796
6.602 5 STATE_FILTER_STATUS 6 3 0
6.636 5 ROTORCRAFT_FP 0 0 0 0 0 0 -12694 -356 -3666 0 0 0 0 0 0
6.637 5 DL_VALUE 7 1.
6.758 5 ENERGY 0 7.497455 0.175 1.312055 0.000658 0.004907
6.838 5 GPS_INT 637813700 0 0 0 0 0 -17000 0 0 0 649522496 100000 12250 9999 0 0 1
6.839 5 SVINFO 0 0 0 0 0 0 0
6.840 5 INS 0 0 0 0 0 0 4 13 -441
6.876 5 ROTORCRAFT_FP 0 0 0 0 0 0 -12695 -356 -3666 0 0 0 0 0 0
6.964 5 LINK_REPORT 5 -1 7 0 5963 133 0 964. 21. 1 52.61
7.014 5 ROVER_STATUS 2 0 0 4 0 12 7.497455
7.092 5 GPS_INT 637813700 0 0 0 0 0 -17000 0 0 0 649522688 100000 12500 9999 0 0 1
7.093 5 SVINFO 0 0 0 0 0 0 0
7.094 5 INS 0 0 0 0 0 0 0 32 -648
7.132 5 ROTORCRAFT_FP 0 0 0 0 0 0 -12695 -356 -3666 0 0 0 0 0 0
7.348 5 GPS_INT 637813700 0 0 0 0 0 -17000 0 0 0 649522816 100000 12750 9999 0 0 1
7.348 5 SVINFO 0 0 0 0 0 0 0
7.350 5 INS 0 0 0 0 0 0 14 9 -564
7.351 5 WP_MOVED_ENU 7 775 -1018 2560
7.384 5 ROTORCRAFT_FP 0 0 0 0 0 0 -12695 -356 -3666 0 0 0 0 0 0
7.385 5 ROTORCRAFT_NAV_STATUS 0 0 0. 0. 0 0 0
7.432 5 IMU_MAG_RAW 0 0 0
7.604 5 GPS_INT 637813700 0 0 0 0 0 -17000 0 0 0 649522944 100000 13000 9999 0 0 1
7.605 5 SVINFO 0 0 0 0 0 0 0
7.606 5 INS 0 0 0 0 0 0 -1 2 -574
7.654 5 ROTORCRAFT_FP 0 0 0 0 0 0 -12695 -356 -3666 0 0 0 0 0 0
7.685 5 ALIVE 193,251,116,175,196,210,68,87,216,253,235,129,95,245,28,119
7.745 5 DL_VALUE 8 4.
7.842 5 GPS_INT 637813700 0 0 0 0 0 -17000 0 0 0 649523072 100000 13250 9999 0 0 1
7.843 5 SVINFO 0 0 0 0 0 0 0
7.844 5 INS 0 0 0 0 0 0 -1 7 -536
7.890 5 ROTORCRAFT_FP 0 0 0 0 0 0 -12695 -356 -3667 0 0 0 0 0 0
7.891 5 UART_ERRORS 0 0 0 1
7.892 5 UART_ERRORS 0 0 0 2
7.965 5 LINK_REPORT 5 -1 8 0 6998 157 0 1035. 24. 1 52.61
8.032 5 GPS_INT 637813700 0 0 0 0 0 -17000 0 0 0 649523264 100000 13500 9999 0 0 1
8.033 5 SVINFO 0 0 0 0 0 0 0
8.067 5 INS 0 0 0 0 0 0 -7 -11 -492
8.114 5 ROTORCRAFT_FP 0 0 0 0 0 0 -12695 -355 -3667 0 0 0 0 0 0
8.246 5 ROVER_STATUS 2 0 0 4 0 13 7.497455
8.331 5 GPS_INT 637813700 0 0 0 0 0 -17000 0 0 0 649523392 100000 13750 9999 0 0 1
8.332 5 SVINFO 0 0 0 0 0 0 0
8.333 5 INS 0 0 0 0 0 0 4 15 -526
8.385 5 ROTORCRAFT_FP 0 0 0 0 0 0 -12696 -355 -3667 0 0 0 0 0 0
8.432 5 IMU_MAG_RAW 0 0 0
8.573 5 GPS_INT 637813700 0 0 0 0 0 -17000 0 0 0 649523584 100000 14000 9999 0 0 1
8.573 5 SVINFO 0 0 0 0 0 0 0
8.605 5 ROTORCRAFT_FP 0 0 0 0 0 0 -12696 -354 -3667 0 0 0 0 0 0
8.636 5 WP_MOVED_ENU 8 -760 -1031 2560
8.818 5 GPS_INT 637813700 0 0 0 0 0 -17000 0 0 0 649523776 100000 14250 9999 0 0 1
8.819 5 SVINFO 0 0 0 0 0 0 0
8.820 5 INS 0 0 0 0 0 0 -17 19 -576
8.820 5 DL_VALUE 9 0.
8.869 5 ROTORCRAFT_FP 0 0 0 0 0 0 -12696 -354 -3667 0 0 0 0 0 0
8.966 5 LINK_REPORT 5 -1 9 0 7886 176 0 888. 19. 1 52.61
8.969 5 ROTORCRAFT_NAV_STATUS 0 0 0. 0. 0 0 0
9.046 5 GPS_INT 637813700 0 0 0 0 0 -17000 0 0 0 649523904 100000 14500 9999 0 0 1
9.047 5 SVINFO 0 0 0 0 0 0 0
9.047 5 INS 0 0 0 0 0 0 -24 -16 -504
9.121 5 ROTORCRAFT_FP 0 0 0 0 0 0 -12696 -355 -3667 0 0 0 0 0 0
9.249 5 ENERGY 0 7.497455 0.2 1.499491 0.000806 0.006016
9.331 5 GPS_INT 637813700 0 0 0 0 0 -17000 0 0 0 649524032 100000 14750 9999 0 0 1
9.331 5 SVINFO 0 0 0 0 0 0 0
9.332 5 INS 0 0 0 0 0 0 -2 5 -531
9.368 5 ROTORCRAFT_FP 0 0 0 0 0 0 -12696 -355 -3667 0 0 0 0 0 0
9.400 5 ROVER_STATUS 2 0 0 4 0 15 7.497455
9.431 5 IMU_MAG_RAW 0 0 0
9.593 5 GPS_INT 637813700 0 0 0 0 0 -17000 0 0 0 649524224 100000 15000 9999 0 0 1
9.593 5 SVINFO 0 0 0 0 0 0 0
9.595 5 INS 0 0 0 0 0 0 -22 -17 -531
9.629 5 ROTORCRAFT_FP 0 0 0 0 0 0 -12696 -354 -3667 0 0 0 0 0 0
9.750 5 STATE_FILTER_STATUS 6 3 0
9.841 5 GPS_INT 637813700 0 0 0 0 0 -17000 0 0 0 649524416 100000 15250 9999 0 0 1
9.841 5 SVINFO 0 0 0 0 0 0 0
9.844 5 ALIVE 193,251,116,175,196,210,68,87,216,253,235,129,95,245,28,119
9.844 5 INS 0 0 0 0 0 0 -21 9 -480
9.900 5 ROTORCRAFT_FP 0 0 0 0 0 0 -12697 -354 -3668 0 0 0 0 0 0
9.901 5 DL_VALUE 10 6.
9.932 5 INS_REF 485065295 -31589301 411664541 404506309 -37260580 702390 650000 0.
9.967 5 LINK_REPORT 5 -1 10 0 8951 200 0 1065. 24. 1 52.61
10.001 5 WP_MOVED_ENU 9 -775 1018 2560
10.081 5 GPS_INT 637813700 0 0 0 0 0 -17000 0 0 0 649524608 100000 15500 9999 0 0 1
10.082 5 SVINFO 0 0 0 0 0 0 0
10.083 5 INS 0 0 0 0 0 0 -41 13 -539
10.118 5 ROTORCRAFT_FP 0 0 0 0 0 0 -12697 -354 -3668 0 0 0 0 0 0
10.327 5 GPS_INT 637813700 0 0 0 0 0 -17000 0 0 0 649524800 100000 15750 9999 0 0 1
10.328 5 SVINFO 0 0 0 0 0 0 0
10.329 5 INS 0 0 0 0 0 0 -49 1 -534
10.364 5 ROTORCRAFT_FP 0 0 0 0 0 0 -12697 -354 -3668 0 0 0 0 0 0
10.427 5 IMU_MAG_RAW 0 0 0
10.501 5 PONG 
10.592 5 I2C_ERRORS 0 0 28345 0 0 0 0 0 0 0 0 2
10.592 5 GPS_INT 637813700 0 0 0 0 0 -17000 0 0 0 649524928 100000 16000 9999 0 0 1
10.593 5 SVINFO 0 0 0 0 0 0 0
10.593 5 INS 0 0 0 0 0 0 -19 17 -552
10.665 5 ROTORCRAFT_NAV_STATUS 0 0 0. 0. 0 0 0
10.665 5 ROTORCRAFT_FP 0 0 0 0 0 0 -12697 -353 -3668 0 0 0 0 0 0
10.666 5 ROVER_STATUS 2 0 0 4 0 16 7.497455
10.836 5 GPS_INT 637813700 0 0 0 0 0 -17000 0 0 0 649525120 100000 16250 9999 0 0 1
10.837 5 SVINFO 0 0 0 0 0 0 0
10.839 5 INS 0 0 0 0 0 0 -9 1 -502
10.863 5 ROTORCRAFT_FP 0 0 0 0 0 0 -12697 -353 -3668 0 0 0 0 0 0
10.968 5 LINK_REPORT 5 -1 11 0 9949 222 0 998. 22. 2 39.37
11.018 5 UART_ERRORS 0 0 0 4
11.018 5 DATALINK_REPORT 0 2 289 990 0 0
11.019 5 DL_VALUE 11 0.
11.020 5 GPS_INT 637813700 0 0 0 0 0 -17000 0 0 0 649525376 100000 16500 9999 0 0 1
11.020 5 SVINFO 0 0 0 0 0 0 0
11.076 5 INS 0 0 0 0 0 0 -32 3 -533
11.137 5 ROTORCRAFT_FP 0 0 0 0 0 0 -12697 -353 -3668 0 0 0 0 0 0
11.246 5 WP_MOVED_ENU 10 10160 10329 2560
11.324 5 GPS_INT 637813700 0 0 0 0 0 -17000 0 0 0 649525568 100000 16750 9999 0 0 1
11.328 5 SVINFO 0 0 0 0 0 0 0
11.328 5 INS 0 0 0 0 0 0 11 -3 -563
11.350 5 ROTORCRAFT_FP 0 0 0 0 0 0 -12697 -353 -3668 0 0 0 0 0 0
11.432 5 IMU_MAG_RAW 0 0 0
11.580 5 GPS_INT 637813700 0 0 0 0 0 -17000 0 0 0 649525760 100000 17000 9999 0 0 1
11.581 5 SVINFO 0 0 0 0 0 0 0
11.582 5 INS 0 0 0 0 0 0 -8 -5 -516
11.584 5 AUTOPILOT_VERSION 60200 v6.2_unstable-102-gbaca6a4fb-dirty
11.618 5 ROTORCRAFT_FP 0 0 0 0 0 0 -12697 -353 -3668 0 0 0 0 0 0
11.743 5 ENERGY 0 7.497455 0.225 1.686927 0.000951 0.007104
11.833 5 GPS_INT 637813700 0 0 0 0 0 -17000 0 0 0 649525952 100000 17250 9999 0 0 1
11.834 5 SVINFO 0 0 0 0 0 0 0
11.836 5 INS 0 0 0 0 0 0 -22 16 -561
11.836 5 ROVER_STATUS 2 0 0 4 0 17 7.497455
11.860 5 ROTORCRAFT_FP 0 0 0 0 0 0 -12696 -353 -3668 0 0 0 0 0 0
11.876 5 ALIVE 193,251,116,175,196,210,68,87,216,253,235,129,95,245,28,119
11.969 5 LINK_REPORT 5 -1 12 0 11046 247 0 1097. 25. 2 39.37
12.024 5 GPS_INT 637813700 0 0 0 0 0 -17000 0 0 0 649526144 100000 17500 9999 0 0 1
12.025 5 SVINFO 0 0 0 0 0 0 0
12.114 5 INS 0 0 0 0 0 0 0 -35 -557
12.116 5 ROTORCRAFT_FP 0 0 0 0 0 0 -12696 -353 -3668 0 0 0 0 0 0
12.142 5 DL_VALUE 12 0.
12.143 5 ROTORCRAFT_NAV_STATUS 0 0 0. 0. 0 0 0
12.332 5 GPS_INT 637813700 0 0 0 0 0 -17000 0 0 0 649526272 100000 17750 9999 0 0 1
12.333 5 SVINFO 0 0 0 0 0 0 0
12.334 5 INS 0 0 0 0 0 0 -21 4 -512
12.359 5 ROTORCRAFT_FP 0 0 0 0 0 0 -12696 -353 -3668 0 0 0 0 0 0
12.421 5 IMU_MAG_RAW 0 0 0
12.587 5 GPS_INT 637813700 0 0 0 0 0 -17000 0 0 0 649526528 100000 18000 9999 0 0 1
12.588 5 SVINFO 0 0 0 0 0 0 0
12.589 5 WP_MOVED_ENU 11 10329 -10160 2560
12.590 5 INS 0 0 0 0 0 0 4 19 -502
12.591 5 ROTORCRAFT_FP 0 0 0 0 0 0 -12696 -353 -3669 0 0 0 0 0 0
12.822 5 GPS_INT 637813700 0 0 0 0 0 -17000 0 0 0 649526720 100000 18250 9999 0 0 1
12.823 5 SVINFO 0 0 0 0 0 0 0
12.824 5 INS 0 0 0 0 0 0 -16 14 -508
12.860 5 ROTORCRAFT_FP 0 0 0 0 0 0 -12696 -353 -3669 0 0 0 0 0 0
12.970 5 LINK_REPORT 5 -1 13 0 11987 267 0 941. 20. 2 39.37
13.013 5 STATE_FILTER_STATUS 6 3 0
13.015 5 ROVER_STATUS 2 0 0 4 0 18 7.497455
13.016 5 GPS_INT 637813700 0 0 0 0 0 -17000 0 0 0 649526976 100000 18500 9999 0 0 1
13.017 5 SVINFO 0 0 0 0 0 0 0
13.106 5 INS 0 0 0 0 0 0 -11 17 -522
13.108 5 ROTORCRAFT_FP 0 0 0 0 0 0 -12696 -352 -3669 0 0 0 0 0 0
13.238 5 DL_VALUE 13 0.
13.319 5 GPS_INT 637813700 0 0 0 0 0 -17000 0 0 0 649527168 100000 18750 9999 0 0 1
13.319 5 SVINFO 0 0 0 0 0 0 0
13.321 5 INS 0 0 0 0 0 0 -12 -14 -473
13.357 5 ROTORCRAFT_FP 0 0 0 0 0 0 -12695 -352 -3669 0 0 0 0 0 0
13.420 5 IMU_MAG_RAW 0 0 0
13.552 5 GPS_INT 637813700 0 0 0 0 0 -17000 0 0 0 649527424 100000 19000 9999 0 0 1
13.553 5 SVINFO 0 0 0 0 0 0 0
13.554 5 INS 0 0 0 0 0 0 -19 6 -522
13.617 5 ROTORCRAFT_FP 0 0 0 0 0 0 -12695 -352 -3669 0 0 0 0 0 0
13.766 5 ROTORCRAFT_NAV_STATUS 0 0 0. 0. 0 0 0
13.767 5 GPS_INT 637813700 0 0 0 0 0 -17000 0 0 0 649527616 100000 19250 9999 0 0 1
13.768 5 SVINFO 0 0 0 0 0 0 0
13.834 5 INS 0 0 0 0 0 0 -5 -4 -497
13.835 5 WP_MOVED_ENU 12 -10160 -10329 2560
13.971 5 LINK_REPORT 5 -1 14 0 12898 288 0 911. 21. 2 39.37
13.990 5 ALIVE 193,251,116,175,196,210,68,87,216,253,235,129,95,245,28,119
14.069 5 GPS_INT 637813700 0 0 0 0 0 -17000 0 0 0 649527872 100000 19500 9999 0 0 1
14.069 5 SVINFO 0 0 0 0 0 0 0
14.070 5 INS 0 0 0 0 0 0 -13 -15 -535
14.108 5 ROTORCRAFT_FP 0 0 0 0 0 0 -12695 -352 -3670 0 0 0 0 0 0
14.171 5 ROVER_STATUS 2 0 0 4 0 19 7.497455
14.278 5 ENERGY 0 7.497455 0.2 1.499491 0.001094 0.008171
14.279 5 GPS_INT 637813700 0 0 0 0 0 -17000 0 0 0 649528064 100000 19750 9999 0 0 1
14.279 5 SVINFO 0 0 0 0 0 0 0
14.356 5 INS 0 0 0 0 0 0 -20 23 -532
14.357 5 DL_VALUE 14 0.
14.358 5 ROTORCRAFT_FP 0 0 0 0 0 0 -12695 -352 -3670 0 0 0 0 0 0
14.421 5 IMU_MAG_RAW 0 0 0
14.575 5 GPS_INT 637813700 0 0 0 0 0 -17000 0 0 0 649528320 100000 20000 9999 0 0 1
14.576 5 SVINFO 0 0 0 0 0 0 0
14.577 5 INS 0 0 0 0 0 0 -38 -2 -523
14.616 5 ROTORCRAFT_FP 0 0 0 0 0 0 -12695 -352 -3670 0 0 0 0 0 0
14.826 5 GPS_INT 637813700 0 0 0 0 0 -17000 0 0 0 649528512 100000 20250 9999 0 0 1
14.827 5 SVINFO 0 0 0 0 0 0 0
14.828 5 INS 0 0 0 0 0 0 19 37 -525
14.833 5 ROTORCRAFT_FP 0 0 0 0 0 0 -12696 -352 -3670 0 0 0 0 0 0
14.972 5 LINK_REPORT 5 -1 15 0 13873 309 0 975. 21. 2 39.37
15.066 5 GPS_INT 637813700 0 0 0 0 0 -17000 0 0 0 649528768 100000 20500 9999 0 0 1
15.067 5 SVINFO 0 0 0 0 0 0 0
15.067 5 INS_REF 485065295 -31589301 411664541 404506309 -37260580 702390 650000 0.
15.070 5 INS 0 0 0 0 0 0 -9 6 -503
15.103 5 ROTORCRAFT_FP 0 0 0 0 0 0 -12696 -352 -3670 0 0 0 0 0 0
15.129 5 WP_MOVED_ENU 13 -10329 10160 2560
15.320 5 GPS_INT 637813700 0 0 0 0 0 -17000 0 0 0 649529024 100000 20750 9999 0 0 1
15.320 5 SVINFO 0 0 0 0 0 0 0
15.322 5 INS 0 0 0 0 0 0 16 29 -583
15.356 5 ROTORCRAFT_FP 0 0 0 0 0 0 -12696 -351 -3670 0 0 0 0 0 0
15.357 5 ROTORCRAFT_NAV_STATUS 0 0 0. 0. 0 0 0
15.384 5 ROVER_STATUS 2 0 0 4 0 21 7.497455
15.384 5 DL_VALUE 15 0.
15.415 5 IMU_MAG_RAW 0 0 0
15.569 5 GPS_INT 637813700 0 0 0 0 0 -17000 0 0 0 649529280 100000 21000 9999 0 0 1
15.569 5 SVINFO 0 0 0 0 0 0 0
15.570 5 PONG 
15.570 5 INS 0 0 0 0 0 0 -31 -14 -493
15.616 5 ROTORCRAFT_FP 0 0 0 0 0 0 -12696 -351 -3670 0 0 0 0 0 0
15.786 5 GPS_INT 637813700 0 0 0 0 0 -17000 0 0 0 649529472 100000 21250 9999 0 0 1
15.787 5 SVINFO 0 0 0 0 0 0 0
15.788 5 INS 0 0 0 0 0 0 -1 4 -607
15.845 5 ROTORCRAFT_FP 0 0 0 0 0 0 -12695 -351 -3670 0 0 0 0 0 0
15.973 5 LINK_REPORT 5 -1 16 0 14896 332 0 1023. 23. 3 106.15
16.074 5 GPS_INT 637813700 0 0 0 0 0 -17000 0 0 0 649529728 100000 21500 9999 0 0 1
16.074 5 SVINFO 0 0 0 0 0 0 0
16.075 5 INS 0 0 0 0 0 0 -26 -7 -541
16.076 5 DATALINK_REPORT 0 3 402 1009 0 0
16.077 5 ALIVE 193,251,116,175,196,210,68,87,216,253,235,129,95,245,28,119
16.099 5 ROTORCRAFT_FP 0 0 0 0 0 0 -12695 -350 -3670 0 0 0 0 0 0
16.144 5 STATE_FILTER_STATUS 6 3 0
16.283 5 GPS_INT 637813700 0 0 0 0 0 -17000 0 0 0 649529920 100000 21750 9999 0 0 1
16.284 5 SVINFO 0 0 0 0 0 0 0
16.285 5 INS 0 0 0 0 0 0 -8 33 -541
16.327 5 ROTORCRAFT_FP 0 0 0 0 0 0 -12695 -350 -3671 0 0 0 0 0 0
16.448 5 WP_MOVED_ENU 0 0 0 2560
16.448 5 IMU_MAG_RAW 0 0 0
16.532 5 DL_VALUE 16 0.
16.533 5 GPS_INT 637813700 0 0 0 0 0 -17000 0 0 0 649530240 100000 22000 9999 0 0 1
16.534 5 SVINFO 0 0 0 0 0 0 0
16.611 5 INS 0 0 0 0 0 0 -31 5 -523
16.613 5 ROTORCRAFT_FP 0 0 0 0 0 0 -12695 -349 -3671 0 0 0 0 0 0
16.641 5 ROVER_STATUS 2 0 0 4 0 22 7.497455
16.754 5 ENERGY 0 7.497455 0.15 1.124618 0.001233 0.009213
16.756 5 GPS_INT 637813700 0 0 0 0 0 -17000 0 0 0 649530496 100000 22250 9999 0 0 1
16.756 5 SVINFO 0 0 0 0 0 0 0
16.837 5 INS 0 0 0 0 0 0 -8 18 -569
16.839 5 ROTORCRAFT_FP 0 0 0 0 0 0 -12695 -350 -3671 0 0 0 0 0 0
16.971 5 ROTORCRAFT_NAV_STATUS 0 0 0. 0. 0 0 0
16.973 5 LINK_REPORT 5 -1 17 0 15966 357 0 1070. 25. 3 106.15
17.053 5 GPS_INT 637813700 0 0 0 0 0 -17000 0 0 0 649530752 100000 22500 9999 0 0 1
17.054 5 SVINFO 0 0 0 0 0 0 0
17.055 5 INS 0 0 0 0 0 0 -16 6 -560
17.083 5 ROTORCRAFT_FP 0 0 0 0 0 0 -12695 -350 -3671 0 0 0 0 0 0
17.136 5 UART_ERRORS 0 0 0 1
17.136 5 UART_ERRORS 0 0 0 2
17.311 5 GPS_INT 637813700 0 0 0 0 0 -17000 0 0 0 649531008 100000 22750 9999 0 0 1
17.312 5 SVINFO 0 0 0 0 0 0 0
17.313 5 INS 0 0 0 0 0 0 -16 7 -551
17.350 5 ROTORCRAFT_FP 0 0 0 0 0 0 -12695 -350 -3671 0 0 0 0 0 0
17.414 5 IMU_MAG_RAW 0 0 0
17.564 5 GPS_INT 637813700 0 0 0 0 0 -17000 0 0 0 649531264 100000 23000 9999 0 0 1
17.564 5 SVINFO 0 0 0 0 0 0 0
17.565 5 INS 0 0 0 0 0 0 -44 -5 -466
17.612 5 ROTORCRAFT_FP 0 0 0 0 0 0 -12695 -350 -3672 0 0 0 0 0 0
17.613 5 DL_VALUE 17 1.
17.753 5 WP_MOVED_ENU 1 0 0 2560
17.755 5 GPS_INT 637813700 0 0 0 0 0 -17000 0 0 0 649531520 100000 23250 9999 0 0 1
17.756 5 SVINFO 0 0 0 0 0 0 0
17.838 5 INS 0 0 0 0 0 0 -4 5 -550
17.839 5 ROVER_STATUS 2 0 0 4 0 23 7.497455
17.841 5 ROTORCRAFT_FP 0 0 0 0 0 0 -12695 -349 -3672 0 0 0 0 0 0
17.974 5 LINK_REPORT 5 -1 18 0 16943 379 0 977. 22. 3 106.15
18.058 5 GPS_INT 637813700 0 0 0 0 0 -17000 0 0 0 649531776 100000 23500 9999 0 0 1
18.059 5 SVINFO 0 0 0 0 0 0 0
18.060 5 INS 0 0 0 0 0 0 -41 -21 -474
18.099 5 ROTORCRAFT_FP 0 0 0 0 0 0 -12695 -349 -3671 0 0 0 0 0 0
18.163 5 ALIVE 193,251,116,175,196,210,68,87,216,253,235,129,95,245,28,119
18.302 5 GPS_INT 637813700 0 0 0 0 0 -17000 0 0 0 649532032 100000 23750 9999 0 0 1
18.303 5 SVINFO 0 0 0 0 0 0 0
18.304 5 INS 0 0 0 0 0 0 -12 16 -535
18.330 5 ROTORCRAFT_FP 0 0 0 0 0 0 -12695 -349 -3671 0 0 0 0 0 0
18.401 5 IMU_MAG_RAW 0 0 0
18.537 5 GPS_INT 637813700 0 0 0 0 0 -17000 0 0 0 649532352 100000 24000 9999 0 0 1
18.538 5 SVINFO 0 0 0 0 0 0 0
18.539 5 INS 0 0 0 0 0 0 -15 34 -517
18.539 5 ROTORCRAFT_NAV_STATUS 0 0 0. 0. 0 0 0
18.583 5 ROTORCRAFT_FP 0 0 0 0 0 0 -12695 -348 -3672 0 0 0 0 0 0
18.688 5 DL_VALUE 18 1.
18.750 5 GPS_INT 637813700 0 0 0 0 0 -17000 0 0 0 649532608 100000 24250 9999 0 0 1
18.751 5 SVINFO 0 0 0 0 0 0 0
18.832 5 INS 0 0 0 0 0 0 5 5 -582
18.837 5 ROTORCRAFT_FP 0 0 0 0 0 0 -12695 -349 -3672 0 0 0 0 0 0
18.976 5 LINK_REPORT 5 -1 19 0 17888 399 0 945. 20. 3 106.15
18.999 5 ROVER_STATUS 2 0 0 4 0 24 7.497455
19.000 5 GPS_INT 637813700 0 0 0 0 0 -17000 0 0 0 649532928 100000 24500 9999 0 0 1
19.000 5 SVINFO 0 0 0 0 0 0 0
19.093 5 WP_MOVED_ENU 2 7 -1024 2560
19.093 5 INS 0 0 0 0 0 0 -30 25 -556
19.095 5 ROTORCRAFT_FP 0 0 0 0 0 0 -12695 -348 -3672 0 0 0 0 0 0
19.238 5 ENERGY 0 7.497455 0.225 1.686927 0.001377 0.010296
19.365 5 GPS_INT 637813700 0 0 0 0 0 -17000 0 0 0 649533184 100000 24750 9999 0 0 1
19.366 5 SVINFO 0 0 0 0 0 0 0
19.366 5 INS 0 0 0 0 0 0 -3 22 -550
19.367 5 ROTORCRAFT_FP 0 0 0 0 0 0 -12695 -348 -3672 0 0 0 0 0 0
19.367 5 STATE_FILTER_STATUS 6 3 0
19.397 5 IMU_MAG_RAW 0 0 0
19.554 5 GPS_INT 637813700 0 0 0 0 0 -17000 0 0 0 649533504 100000 25000 9999 0 0 1
19.555 5 SVINFO 0 0 0 0 0 0 0
19.556 5 INS 0 0 0 0 0 0 -83 -48 -223
19.594 5 ROTORCRAFT_FP 0 0 0 0 0 0 -12695 -348 -3672 0 0 0 0 0 0
19.786 5 GPS_INT 637813700 0 0 0 0 0 -17000 0 0 0 649533824 100000 25250 9999 0 0 1
19.787 5 SVINFO 0 0 0 0 0 0 0
19.856 5 INS 0 0 0 0 0 0 5 -32 -489
19.857 5 DL_VALUE 19 1.
19.857 5 ROTORCRAFT_FP 0 0 0 0 0 0 -12695 -348 -3673 0 0 0 0 0 0
19.976 5 LINK_REPORT 5 -1 20 0 18876 421 0 988. 22. 3 106.15
20.024 5 GPS_INT 637813700 0 0 0 0 0 -17000 0 0 0 649534080 100000 25500 9999 0 0 1
20.024 5 SVINFO 0 0 0 0 0 0 0
20.025 5 INS 0 0 0 0 0 0 -119 104 -130
20.135 5 ROTORCRAFT_FP 0 0 0 0 0 0 -12695 -347 -3673 0 0 0 0 0 0
20.136 5 INS_REF 485065295 -31589301 411664541 404506309 -37260580 702390 650000 0.
20.136 5 ROTORCRAFT_NAV_STATUS 0 0 0. 0. 0 0 0
20.222 5 ROVER_STATUS 2 0 0 4 0 25 7.497455
20.224 5 UART_ERRORS 0 0 0 4
20.324 5 GPS_INT 637813700 0 0 0 0 0 -17000 0 0 0 649534336 100000 25750 9999 0 0 1
20.325 5 SVINFO 0 0 0 0 0 0 0
20.326 5 ALIVE 193,251,116,175,196,210,68,87,216,253,235,129,95,245,28,119
20.326 5 INS 0 0 0 0 0 0 -98 62 -391
20.328 5 WP_MOVED_ENU 3 -762 -775 2560
20.361 5 ROTORCRAFT_FP 0 0 0 0 0 0 -12696 -346 -3673 0 0 0 0 0 0
20.408 5 IMU_MAG_RAW 0 0 0
20.558 5 GPS_INT 637813700 0 0 0 0 0 -17000 0 0 0 649534720 100000 26000 9999 0 0 1
20.559 5 SVINFO 0 0 0 0 0 0 0
20.560 5 PONG 
20.561 5 INS 0 0 0 0 0 0 -34 32 -566
20.584 5 ROTORCRAFT_FP 0 0 0 0 0 0 -12696 -347 -3673 0 0 0 0 0 0
20.749 5 GPS_INT 637813700 0 0 0 0 0 -17000 0 0 0 649534976 100000 26250 9999 0 0 1
20.750 5 SVINFO 0 0 0 0 0 0 0
20.764 5 INS 0 0 0 0 0 0 -32 30 -547
20.856 5 ROTORCRAFT_FP 0 0 0 0 0 0 -12696 -347 -3673 0 0 0 0 0 0
20.886 5 DL_VALUE 20 80.
20.977 5 LINK_REPORT 5 -1 21 0 19949 446 0 1073. 25. 4 96.29
21.054 5 GPS_INT 637813700 0 0 0 0 0 -17000 0 0 0 649535232 100000 26500 9999 0 0 1
21.055 5 SVINFO 0 0 0 0 0 0 0
21.055 5 INS 0 0 0 0 0 0 2 -6 -582
21.116 5 ROTORCRAFT_FP 0 0 0 0 0 0 -12695 -348 -3673 0 0 0 0 0 0
21.118 5 DATALINK_REPORT 0 4 517 1006 0 0
21.273 5 GPS_INT 637813700 0 0 0 0 0 -17000 0 0 0 649535552 100000 26750 9999 0 0 1
21.273 5 SVINFO 0 0 0 0 0 0 0
21.274 5 INS 0 0 0 0 0 0 5 18 -539
21.328 5 ROTORCRAFT_FP 0 0 0 0 0 0 -12695 -348 -3674 0 0 0 0 0 0
21.433 5 ROVER_STATUS 2 0 0 4 0 27 7.497455
21.435 5 IMU_MAG_RAW 0 0 0
21.510 5 GPS_INT 637813700 0 0 0 0 0 -17000 0 0 0 649535872 100000 27000 9999 0 0 1
21.511 5 SVINFO 0 0 0 0 0 0 0
21.511 5 INS 0 0 0 0 0 0 -18 39 -580
21.658 5 ROTORCRAFT_FP 0 0 0 0 0 0 -12695 -348 -3674 0 0 0 0 0 0
21.659 5 WP_MOVED_ENU 4 -504 -1029 2560
21.746 5 ENERGY 0 7.497455 0.175 1.312055 0.001521 0.011373
21.747 5 ROTORCRAFT_NAV_STATUS 0 0 0. 0. 0 0 0
21.748 5 GPS_INT 637813700 0 0 0 0 0 -17000 0 0 0 649536192 100000 27250 9999 0 0 1
21.748 5 SVINFO 0 0 0 0 0 0 0
21.793 5 INS 0 0 0 0 0 0 -48 45 -540
21.830 5 ROTORCRAFT_FP 0 0 0 0 0 0 -12695 -348 -3674 0 0 0 0 0 0
21.970 5 DL_VALUE 21 80.
21.977 5 LINK_REPORT 5 -1 22 0 20972 469 0 1023. 23. 4 96.29
22.019 5 GPS_INT 637813700 0 0 0 0 0 -17000 0 0 0 649536512 100000 27500 9999 0 0 1
22.020 5 SVINFO 0 0 0 0 0 0 0
22.021 5 INS 0 0 0 0 0 0 -7 17 -573
22.094 5 ROTORCRAFT_FP 0 0 0 0 0 0 -12695 -348 -3674 0 0 0 0 0 0
22.249 5 GPS_INT 637813700 0 0 0 0 0 -17000 0 0 0 649536768 100000 27750 9999 0 0 1
22.249 5 SVINFO 0 0 0 0 0 0 0
22.295 5 INS 0 0 0 0 0 0 254 46 -1142
22.347 5 ROTORCRAFT_FP 0 0 0 0 0 0 -12695 -348 -3675 0 0 0 0 0 0
22.349 5 ALIVE 193,251,116,175,196,210,68,87,216,253,235,129,95,245,28,119
22.395 5 IMU_MAG_RAW 0 0 0
22.539 5 GPS_INT 637813700 0 0 0 0 0 -17000 0 0 0 649537152 100000 28000 9999 0 0 1
22.540 5 SVINFO 0 0 0 0 0 0 0
22.541 5 INS 0 0 0 0 0 0 -19 12 -484
22.542 5 STATE_FILTER_STATUS 6 3 0
22.591 5 ROTORCRAFT_FP 0 0 0 0 0 0 -12695 -348 -3675 0 0 0 0 0 0
22.632 5 ROVER_STATUS 2 0 0 4 0 28 7.497455
22.633 5 AUTOPILOT_VERSION 60200 v6.2_unstable-102-gbaca6a4fb-dirty
22.795 5 GPS_INT 637813700 0 0 0 0 0 -17000 0 0 0 649537472 100000 28250 9999 0 0 1
22.796 5 SVINFO 0 0 0 0 0 0 0
22.797 5 INS 0 0 0 0 0 0 -5 30 -584
22.836 5 ROTORCRAFT_FP 0 0 0 0 0 0 -12696 -348 -3675 0 0 0 0 0 0
22.978 5 LINK_REPORT 5 -1 23 0 21964 490 0 992. 21. 4 96.29
22.982 5 WP_MOVED_ENU 5 519 -1021 2560
22.984 5 GPS_INT 637813700 0 0 0 0 0 -17000 0 0 0 649537792 100000 28500 9999 0 0 1
22.984 5 SVINFO 0 0 0 0 0 0 0
22.997 5 INS 0 0 0 0 0 0 -39 52 -630
23.101 5 ROTORCRAFT_FP 0 0 0 0 0 0 -12695 -349 -3675 0 0 0 0 0 0
23.103 5 DL_VALUE 22 0.
23.289 5 GPS_INT 637813700 0 0 0 0 0 -17000 0 0 0 649538176 100000 28750 9999 0 0 1
23.290 5 SVINFO 0 0 0 0 0 0 0
23.291 5 INS 0 0 0 0 0 0 -51 45 -507
23.315 5 ROTORCRAFT_FP 0 0 0 0 0 0 -12695 -349 -3676 0 0 0 0 0 0
23.316 5 ROTORCRAFT_NAV_STATUS 0 0 0. 0. 0 0 0
23.422 5 IMU_MAG_RAW 0 0 0
23.525 5 GPS_INT 637813700 0 0 0 0 0 -17000 0 0 0 649538432 100000 29000 9999 0 0 1
23.526 5 SVINFO 0 0 0 0 0 0 0
23.527 5 INS 0 0 0 0 0 0 90 -3 -1059
23.595 5 ROTORCRAFT_FP 0 0 0 0 0 0 -12696 -348 -3676 0 0 0 0 0 0
23.797 5 GPS_INT 637813700 0 0 0 0 0 -17000 0 0 0 649538816 100000 29250 9999 0 0 1
23.797 5 SVINFO 0 0 0 0 0 0 0
23.798 5 INS 0 0 0 0 0 0 -8 5 -631
23.799 5 ROVER_STATUS 2 0 0 4 0 29 7.497455
23.812 5 ROTORCRAFT_FP 0 0 0 0 0 0 -12696 -348 -3676 0 0 0 0 0 0
23.980 5 LINK_REPORT 5 -1 24 0 22929 511 0 965. 21. 4 96.29
23.989 5 GPS_INT 637813700 0 0 0 0 0 -17000 0 0 0 649539136 100000 29500 9999 0 0 1
23.990 5 SVINFO 0 0 0 0 0 0 0
24.073 5 INS 0 0 0 0 0 0 -27 6 -546
24.074 5 ROTORCRAFT_FP 0 0 0 0 0 0 -12696 -348 -3676 0 0 0 0 0 0
24.150 5 DL_VALUE 23 1.
24.240 5 ENERGY 0 7.497455 0.175 1.312055 0.001658 0.012399
24.240 5 WP_MOVED_ENU 6 760 1031 2560
24.241 5 GPS_INT 637813700 0 0 0 0 0 -17000 0 0 0 649539520 100000 29750 9999 0 0 1
24.242 5 SVINFO 0 0 0 0 0 0 0
24.286 5 INS 0 0 0 0 0 0 -43 24 -533
24.323 5 ROTORCRAFT_FP 0 0 0 0 0 0 -12696 -348 -3677 0 0 0 0 0 0
24.386 5 IMU_MAG_RAW 0 0 0
24.491 5 ALIVE 193,251,116,175,196,210,68,87,216,253,235,129,95,245,28,119
24.492 5 GPS_INT 637813700 0 0 0 0 0 -17000 0 0 0 649539776 100000 30000 9999 0 0 1
24.493 5 SVINFO 0 0 0 0 0 0 0
24.514 5 INS 0 0 0 0 0 0 -41 26 -486
24.559 5 ROTORCRAFT_FP 0 0 0 0 0 0 -12697 -348 -3677 0 0 0 0 0 0
24.728 5 GPS_INT 637813700 0 0 0 0 0 -17000 0 0 0 649540160 100000 30250 9999 0 0 1
24.729 5 SVINFO 0 0 0 0 0 0 0
24.742 5 INS 0 0 0 0 0 0 -16 25 -598
24.849 5 ROTORCRAFT_FP 0 0 0 0 0 0 -12697 -348 -3677 0 0 0 0 0 0
24.931 5 ROTORCRAFT_NAV_STATUS 0 0 0. 0. 0 0 0
24.980 5 LINK_REPORT 5 -1 25 0 23934 533 0 1005. 22. 4 96.29
25.064 5 ROVER_STATUS 2 0 0 4 0 30 7.497455
25.065 5 GPS_INT 637813700 0 0 0 0 0 -17000 0 0 0 649540544 100000 30500 9999 0 0 1
25.065 5 SVINFO 0 0 0 0 0 0 0
25.066 5 INS 0 0 0 0 0 0 -13 3 -535
25.068 5 ROTORCRAFT_FP 0 0 0 0 0 0 -12697 -349 -3678 0 0 0 0 0 0
25.236 5 INS_REF 485065295 -31589301 411664541 404506309 -37260580 702390 650000 0.
25.238 5 GPS_INT 637813700 0 0 0 0 0 -17000 0 0 0 649540928 100000 30750 9999 0 0 1
25.239 5 SVINFO 0 0 0 0 0 0 0
25.322 5 INS 0 0 0 0 0 0 -38 35 -573
25.322 5 DL_VALUE 24 1.
25.324 5 ROTORCRAFT_FP 0 0 0 0 0 0 -12697 -348 -3678 0 0 0 0 0 0
25.396 5 IMU_MAG_RAW 0 0 0
25.483 5 GPS_INT 637813700 0 0 0 0 0 -17000 0 0 0 649541248 100000 31000 9999 0 0 1
25.484 5 SVINFO 0 0 0 0 0 0 0
25.484 5 WP_MOVED_ENU 7 775 -1018 2560
25.566 5 INS 0 0 0 0 0 0 -13 5 -583
25.566 5 PONG 
25.569 5 ROTORCRAFT_FP 0 0 0 0 0 0 -12697 -348 -3678 0 0 0 0 0 0
25.711 5 STATE_FILTER_STATUS 6 3 0
25.779 5 GPS_INT 637813700 0 0 0 0 0 -17000 0 0 0 649541632 100000 31250 9999 0 0 1
25.780 5 SVINFO 0 0 0 0 0 0 0
25.781 5 INS 0 0 0 0 0 0 -42 20 -519
25.817 5 ROTORCRAFT_FP 0 0 0 0 0 0 -12697 -348 -3678 0 0 0 0 0 0
25.981 5 LINK_REPORT 5 -1 26 0 24946 556 0 1012. 23. 5 101.33
25.997 5 GPS_INT 637813700 0 0 0 0 0 -17000 0 0 0 649541952 100000 31500 9999 0 0 1
26.068 5 SVINFO 0 0 0 0 0 0 0
26.069 5 INS 0 0 0 0 0 0 -33 24 -538
26.070 5 ROTORCRAFT_FP 0 0 0 0 0 0 -12697 -348 -3679 0 0 0 0 0 0
26.148 5 ROVER_STATUS 2 0 0 4 0 31 7.497455
26.240 5 DATALINK_REPORT 0 5 628 986 0 0
26.242 5 GPS_INT 637813700 0 0 0 0 0 -17000 0 0 0 649542272 100000 31750 9999 0 0 1
26.243 5 SVINFO 0 0 0 0 0 0 0
26.312 5 INS 0 0 0 0 0 0 -38 21 -524
26.314 5 ROTORCRAFT_FP 0 0 0 0 0 0 -12698 -349 -3679 0 0 0 0 0 0
26.359 5 DL_VALUE 25 0.
26.456 5 IMU_MAG_RAW 0 0 0
26.457 5 UART_ERRORS 0 0 0 1
26.457 5 UART_ERRORS 0 0 0 2
26.538 5 GPS_INT 637813700 0 0 0 0 0 -17000 0 0 0 649542720 100000 32000 9999 0 0 1
26.539 5 SVINFO 0 0 0 0 0 0 0
26.540 5 INS 0 0 0 0 0 0 -22 27 -590
26.540 5 ROTORCRAFT_NAV_STATUS 0 0 0. 0. 0 0 0
26.542 5 ALIVE 193,251,116,175,196,210,68,87,216,253,235,129,95,245,28,119
26.597 5 ROTORCRAFT_FP 0 0 0 0 0 0 -12698 -349 -3679 0 0 0 0 0 0
26.733 5 ENERGY 0 7.497455 0.225 1.686927 0.001802 0.013482
26.734 5 GPS_INT 637813700 0 0 0 0 0 -17000 0 0 0 649543104 100000 32250 9999 0 0 1
26.763 5 SVINFO 0 0 0 0 0 0 0
26.764 5 INS 0 0 0 0 0 0 -35 1 -513
26.837 5 WP_MOVED_ENU 8 -760 -1031 2560
26.838 5 ROTORCRAFT_FP 0 0 0 0 0 0 -12698 -349 -3680 0 0 0 0 0 0
26.981 5 LINK_REPORT 5 -1 27 0 26039 582 0 1093. 26. 5 101.33
27.030 5 GPS_INT 637813700 0 0 0 0 0 -17000 0 0 0 649543424 100000 32500 9999 0 0 1
27.030 5 SVINFO 0 0 0 0 0 0 0
27.031 5 INS 0 0 0 0 0 0 -11 0 -578
27.055 5 ROTORCRAFT_FP 0 0 0 0 0 0 -12697 -349 -3680 0 0 0 0 0 0
27.284 5 GPS_INT 637813700 0 0 0 0 0 -17000 0 0 0 649543808 100000 32750 9999 0 0 1
27.285 5 SVINFO 0 0 0 0 0 0 0
27.286 5 INS 0 0 0 0 0 0 -29 -2 -574
27.310 5 ROTORCRAFT_FP 0 0 0 0 0 0 -12697 -349 -3680 0 0 0 0 0 0
27.352 5 ROVER_STATUS 2 0 0 4 0 33 7.497455
27.379 5 IMU_MAG_RAW 0 0 0
27.487 5 DL_VALUE 26 0.
27.488 5 GPS_INT 637813700 0 0 0 0 0 -17000 0 0 0 649544192 100000 33000 9999 0 0 1
27.489 5 SVINFO 0 0 0 0 0 0 0
27.537 5 INS 0 0 0 0 0 0 -38 -10 -518
27.609 5 ROTORCRAFT_FP 0 0 0 0 0 0 -12697 -349 -3681 0 0 0 0 0 0
27.738 5 GPS_INT 637813700 0 0 0 0 0 -17000 0 0 0 649544576 100000 33250 9999 0 0 1
27.738 5 SVINFO 0 0 0 0 0 0 0
27.772 5 INS 0 0 0 0 0 0 -33 19 -557
27.811 5 ROTORCRAFT_FP 0 0 0 0 0 0 -12697 -349 -3681 0 0 0 0 0 0
27.984 5 GPS_INT 637813700 0 0 0 0 0 -17000 0 0 0 649544960 100000 33500 9999 0 0 1
27.985 5 SVINFO 0 0 0 0 0 0 0
27.985 5 INS 0 0 0 0 0 0 -18 12 -512
27.985 5 LINK_REPORT 5 -1 28 0 27090 604 0 1051. 22. 5 101.33
28.056 5 ROTORCRAFT_FP 0 0 0 0 0 0 -12697 -349 -3681 0 0 0 0 0 0
28.085 5 WP_MOVED_ENU 9 -775 1018 2560
28.114 5 ROTORCRAFT_NAV_STATUS 0 0 0. 0. 0 0 0
28.220 5 GPS_INT 637813700 0 0 0 0 0 -17000 0 0 0 649545344 100000 33750 9999 0 0 1
28.220 5 SVINFO 0 0 0 0 0 0 0
28.310 5 INS 0 0 0 0 0 0 -15 24 -527
28.313 5 ROTORCRAFT_FP 0 0 0 0 0 0 -12697 -349 -3681 0 0 0 0 0 0
28.373 5 IMU_MAG_RAW 0 0 0
28.483 5 GPS_INT 637813700 0 0 0 0 0 -17000 0 0 0 649545728 100000 34000 9999 0 0 1
28.484 5 SVINFO 0 0 0 0 0 0 0
28.496 5 INS 0 0 0 0 0 0 -28 78 -569
