3.707 4 ROTORCRAFT_FP 0 0 0 0 0 0 -12855 -7 -7645 0 0 0 0 0 0
3.860 4 LINK_REPORT 4 -1 98 0 15745 367 0 446. 11. 6 30.15
3.883 4 GPS_INT 637813700 0 0 0 0 0 -17000 0 0 0 649522112 100000 11500 9999 0 0 1
3.884 4 SVINFO 0 0 0 0 0 0 0
3.884 4 WP_MOVED_ENU 6 760 1031 2560
3.899 4 INS 0 0 0 0 0 0 -3 -6 -644
3.927 4 LINK_REPORT 4 -1 4 0 711 21 0 190. 5. 0 0.
3.965 4 ROTORCRAFT_FP 0 0 0 0 0 0 -12855 -7 -7645 0 0 0 0 0 0
4.131 4 GPS_INT 637813700 0 0 0 0 0 -17000 0 0 0 649522240 100000 11750 9999 0 0 1
4.132 4 SVINFO 0 0 0 0 0 0 0
4.147 4 INS 0 0 0 0 0 0 -6 68 -606
4.211 4 ROTORCRAFT_FP 0 0 0 0 0 0 -12855 -7 -7645 0 0 0 0 0 0
4.290 4 IMU_MAG_RAW 0 0 0
4.381 4 GPS_INT 637813700 0 0 0 0 0 -17000 0 0 0 649522368 100000 12000 9999 0 0 1
4.385 4 SVINFO 0 0 0 0 0 0 0
4.385 4 LIDAR 6.44 96 1
4.412 4 INS 0 0 0 0 0 0 15 -3 -582
4.412 4 STATE_FILTER_STATUS 6 3 0
4.459 4 ROTORCRAFT_FP 0 0 0 0 0 0 -12854 -6 -7645 0 0 0 0 0 0
4.460 4 DL_VALUE 7 1.
4.587 4 ENERGY 0 8.221591 0.3 2.466477 0.000822 0.006736
4.630 4 GPS_INT 637813700 0 0 0 0 0 -17000 0 0 0 649522496 100000 12250 9999 0 0 1
4.631 4 SVINFO 0 0 0 0 0 0 0
4.646 4 INS 0 0 0 0 0 0 -6 -8 -644
4.710 4 ROTORCRAFT_FP 0 0 0 0 0 0 -12854 -6 -7646 0 0 0 0 0 0
4.837 4 ROVER_STATUS 2 0 0 3 0 12 8.230422
4.860 4 LINK_REPORT 4 -1 99 0 16752 390 0 1007. 23. 6 30.15
4.880 4 GPS_INT 637813700 0 0 0 0 0 -17000 0 0 0 649522688 100000 12500 9999 0 0 1
4.881 4 SVINFO 0 0 0 0 0 0 0
4.896 4 INS 0 0 0 0 0 0 -3 13 -587
4.928 4 LINK_REPORT 4 -1 5 0 711 21 0 0. 0. 0 0.
4.960 4 ROTORCRAFT_FP 0 0 0 0 0 0 -12853 -6 -7646 0 0 0 0 0 0
5.130 4 GPS_INT 637813700 0 0 0 0 0 -17000 0 0 0 649522816 100000 12750 9999 0 0 1
5.130 4 SVINFO 0 0 0 0 0 0 0
5.145 4 INS 0 0 0 0 0 0 20 2 -620
5.219 4 ROTORCRAFT_NAV_STATUS 0 0 0. 0. 0 0 0
5.378 4 GPS_INT 637813700 0 0 0 0 0 -17000 0 0 0 649522944 100000 13000 9999 0 0 1
5.379 4 SVINFO 0 0 0 0 0 0 0
5.379 4 LIDAR 6.45 96 1
5.394 4 INS 0 0 0 0 0 0 8 31 -644
5.457 4 PONG 
5.537 4 DL_VALUE 8 3.
5.628 4 GPS_INT 637813700 0 0 0 0 0 -17000 0 0 0 649523072 100000 13250 9999 0 0 1
5.628 4 SVINFO 0 0 0 0 0 0 0
5.643 4 INS 0 0 0 0 0 0 12 -11 -620
5.717 4 ROTORCRAFT_FP 0 0 0 0 0 0 -12852 -5 -7646 0 0 0 0 0 0
5.718 4 UART_ERRORS 0 0 0 3
5.718 4 UART_ERRORS 0 0 3 4
5.718 4 UART_ERRORS 0 0 0 5
5.719 4 UART_ERRORS 0 0 0 6
5.861 4 LINK_REPORT 4 -1 100 0 17599 411 0 847. 21. 6 30.15
5.876 4 GPS_INT 637813700 0 0 0 0 0 -17000 0 0 0 649523264 100000 13500 9999 0 0 1
5.878 4 SVINFO 0 0 0 0 0 0 0
5.892 4 INS 0 0 0 0 0 0 16 0 -606
5.929 4 LINK_REPORT 4 -1 6 0 724 22 0 13. 1. 1 31.38
5.956 4 ROTORCRAFT_FP 0 0 0 0 0 0 -12852 -5 -7646 0 0 0 0 0 0
6.035 4 ROVER_STATUS 2 0 0 3 0 13 8.221591
6.125 4 GPS_INT 637813700 0 0 0 0 0 -17000 0 0 0 649523392 100000 13750 9999 0 0 1
6.126 4 SVINFO 0 0 0 0 0 0 0
6.141 4 INS 0 0 0 0 0 0 2 16 -606
6.206 4 ROTORCRAFT_FP 0 0 0 0 0 0 -12852 -4 -7647 0 0 0 0 0 0
6.284 4 IMU_MAG_RAW 0 0 0
6.300 4 PONG 
6.375 4 GPS_INT 637813700 0 0 0 0 0 -17000 0 0 0 649523584 100000 14000 9999 0 0 1
6.376 4 SVINFO 0 0 0 0 0 0 0
6.376 4 LIDAR 6.4 104 1
6.391 4 INS 0 0 0 0 0 0 13 19 -654
6.455 4 ROTORCRAFT_FP 0 0 0 0 0 0 -12852 -4 -7647 0 0 0 0 0 0
6.486 4 WP_MOVED_ENU 8 -760 -1031 2560
6.625 4 GPS_INT 637813700 0 0 0 0 0 -17000 0 0 0 649523776 100000 14250 9999 0 0 1
6.625 4 SVINFO 0 0 0 0 0 0 0
6.640 4 INS 0 0 0 0 0 0 -10 1 -596
6.641 4 DL_VALUE 9 1.
6.704 4 ROTORCRAFT_FP 0 0 0 0 0 0 -12851 -4 -7647 0 0 0 0 0 0
6.800 4 ROTORCRAFT_NAV_STATUS 0 0 0. 0. 0 0 0
6.862 4 LINK_REPORT 4 -1 101 0 18571 433 0 972. 22. 7 25.52
6.874 4 GPS_INT 637813700 0 0 0 0 0 -17000 0 0 0 649523904 100000 14500 9999 0 0 1
6.875 4 SVINFO 0 0 0 0 0 0 0
6.890 4 INS 0 0 0 0 0 0 33 4 -615
6.929 4 LINK_REPORT 4 -1 7 0 749 23 0 25. 1. 1 31.38
6.953 4 ROTORCRAFT_FP 0 0 0 0 0 0 -12850 -3 -7647 0 0 0 0 0 0
7.080 4 ENERGY 0 8.221591 0.25 2.055398 0.001011 0.00829
7.123 4 GPS_INT 637813700 0 0 0 0 0 -17000 0 0 0 649524032 100000 14750 9999 0 0 1
7.123 4 SVINFO 0 0 0 0 0 0 0
7.138 4 INS 0 0 0 0 0 0 -26 -7 -601
7.202 4 ROTORCRAFT_FP 0 0 0 0 0 0 -12850 -3 -7647 0 0 0 0 0 0
7.234 4 ROVER_STATUS 2 0 0 3 0 15 8.221591
7.700 4 ROTORCRAFT_FP 0 0 0 0 0 0 -12850 -3 -7647 0 0 0 0 0 0
7.863 4 LINK_REPORT 4 -1 102 0 19051 443 0 480. 10. 7 25.52
7.930 4 LINK_REPORT 4 -1 8 0 820 24 0 71. 1. 1 31.38
7.950 4 ROTORCRAFT_FP 0 0 0 0 0 0 -12850 -3 -7647 0 0 0 0 0 0
8.278 4 IMU_MAG_RAW 0 0 0
8.697 4 ROTORCRAFT_FP 0 0 0 0 0 0 -12851 -2 -7647 0 0 0 0 0 0
8.864 4 LINK_REPORT 4 -1 103 1 19051 443 0 0. 0. 7 25.52
8.930 4 LINK_REPORT 4 -1 9 0 987 27 0 167. 3. 1 31.38
9.445 4 ROTORCRAFT_FP 0 0 0 0 0 0 -12851 -2 -7648 0 0 0 0 0 0
9.573 4 GPS_INT 637813700 0 0 0 0 0 -17000 0 0 0 649524224 100000 15000 9999 0 0 1
9.573 4 SVINFO 0 0 0 0 0 0 0
9.574 4 LIDAR 1.64 104 4
9.574 4 INS 0 0 0 0 0 0 5 -3 -644
9.575 4 ROTORCRAFT_FP 0 0 0 0 0 0 -12850 -3 -7647 0 0 0 0 0 0
9.576 4 STATE_FILTER_STATUS 6 3 0
9.577 4 GPS_INT 637813700 0 0 0 0 0 -17000 0 0 0 649524416 100000 15250 9999 0 0 1
9.577 4 SVINFO 0 0 0 0 0 0 0
9.578 4 ALIVE 115,86,116,25,135,139,191,218,133,132,114,68,46,15,123,213
9.579 4 INS 0 0 0 0 0 0 -12 8 -606
9.579 4 DL_VALUE 10 3.
9.580 4 INS_REF 485065295 -31589301 411664541 404506309 -37260580 702390 650000 0.
9.581 4 WP_MOVED_ENU 9 -775 1018 2560
9.581 4 GPS_INT 637813700 0 0 0 0 0 -17000 0 0 0 649524608 100000 15500 9999 0 0 1
9.582 4 SVINFO 0 0 0 0 0 0 0
9.582 4 INS 0 0 0 0 0 0 -19 37 -606
9.582 4 GPS_INT 637813700 0 0 0 0 0 -17000 0 0 0 649524800 100000 15750 9999 0 0 1
9.583 4 SVINFO 0 0 0 0 0 0 0
9.583 4 INS 0 0 0 0 0 0 30 32 -582
9.584 4 ROTORCRAFT_FP 0 0 0 0 0 0 -12850 -3 -7647 0 0 0 0 0 0
9.584 4 I2C_ERRORS 0 0 2456 0 0 0 0 0 0 0 0 2
9.585 4 GPS_INT 637813700 0 0 0 0 0 -17000 0 0 0 649524928 100000 16000 9999 0 0 1
9.585 4 SVINFO 0 0 0 0 0 0 0
9.585 4 LIDAR 1.71 104 1
9.585 4 INS 0 0 0 0 0 0 57 24 -587
9.586 4 ROTORCRAFT_NAV_STATUS 0 0 0. 0. 0 0 0
9.586 4 ROTORCRAFT_FP 0 0 0 0 0 0 -12850 -2 -7647 0 0 0 0 0 0
9.587 4 ROVER_STATUS 2 0 0 3 0 16 8.221591
9.587 4 GPS_INT 637813700 0 0 0 0 0 -17000 0 0 0 649525120 100000 16250 9999 0 0 1
9.587 4 SVINFO 0 0 0 0 0 0 0
9.588 4 INS 0 0 0 0 0 0 10 19 -591
9.588 4 UART_ERRORS 0 0 0 1
9.588 4 DATALINK_REPORT 2 4 311 1019 0 0
9.588 4 DL_VALUE 11 0.
9.589 4 GPS_INT 637813700 0 0 0 0 0 -17000 0 0 0 649525376 100000 16500 9999 0 0 1
9.589 4 SVINFO 0 0 0 0 0 0 0
9.589 4 INS 0 0 0 0 0 0 11 3 -630
9.590 4 ROTORCRAFT_FP 0 0 0 0 0 0 -12851 -3 -7647 0 0 0 0 0 0
9.591 4 WP_MOVED_ENU 10 10160 10329 2560
9.591 4 GPS_INT 637813700 0 0 0 0 0 -17000 0 0 0 649525568 100000 16750 9999 0 0 1
9.591 4 SVINFO 0 0 0 0 0 0 0
9.592 4 INS 0 0 0 0 0 0 20 6 -539
9.592 4 SVINFO 0 0 0 0 0 0 0
9.593 4 LIDAR 5.09 112 1
9.593 4 INS 0 0 0 0 0 0 82 8 -601
9.593 4 AUTOPILOT_VERSION 60200 v6.2_unstable-101-g8a957fd0a
9.614 4 SVINFO 0 0 0 0 0 0 0
9.640 4 INS 0 0 0 0 0 0 30 55 -572
9.641 4 ROVER_STATUS 2 0 0 3 0 17 8.221591
9.688 4 ROTORCRAFT_FP 0 0 0 0 0 0 -12851 -2 -7648 0 0 0 0 0 0
9.720 4 ALIVE 115,86,116,25,135,139,191,218,133,132,114,68,46,15,123,213
9.863 4 SVINFO 0 4 16 1 0 -91 0
9.865 4 LINK_REPORT 4 -1 104 0 21137 494 0 2086. 51. 7 25.52
9.879 4 INS 0 0 0 0 0 0 9 -3 -620
9.931 4 LINK_REPORT 4 -1 10 0 1128 30 0 141. 3. 1 31.38
9.943 4 DL_VALUE 12 6.
9.991 4 ROTORCRAFT_NAV_STATUS 0 0 0. 0. 0 0 0
10.114 4 GPS_INT 637813700 0 0 0 0 0 -17000 0 0 0 649526272 100000 17750 9999 0 0 1
10.114 4 SVINFO 0 4 16 1 0 -91 0
10.129 4 INS 0 0 0 0 0 0 -1 -1 -610
10.192 4 ROTORCRAFT_FP 0 0 0 0 0 0 -12851 -1 -7648 0 0 0 0 0 0
10.272 4 IMU_MAG_RAW 0 0 0
10.362 4 GPS_INT 637813700 0 0 0 0 0 -17000 0 0 0 649526528 100000 18000 9999 0 0 1
10.363 4 SVINFO 0 4 16 1 0 -91 0
10.363 4 WP_MOVED_ENU 11 10329 -10160 2560
10.392 4 LIDAR 6.03 112 1
10.393 4 INS 0 0 0 0 0 0 35 20 -601
10.441 4 ROTORCRAFT_FP 0 0 0 0 0 0 -12851 -1 -7649 0 0 0 0 0 0
10.456 4 PONG 
10.611 4 GPS_INT 637813700 0 0 0 0 0 -17000 0 0 0 649526720 100000 18250 9999 0 0 1
10.612 4 SVINFO 0 4 16 1 0 -91 0
10.861 4 SVINFO 0 4 16 1 0 -91 0
10.866 4 LINK_REPORT 4 -1 105 0 21684 508 0 547. 14. 7 4181.1
10.877 4 INS 0 0 0 0 0 0 16 27 -587
10.932 4 LINK_REPORT 4 -1 11 0 1244 33 0 116. 3. 2 -4969.29
10.940 4 ROTORCRAFT_FP 0 0 0 0 0 0 -12851 -1 -7649 0 0 0 0 0 0
11.020 4 DL_VALUE 13 0.
11.111 4 GPS_INT 637813700 0 0 0 0 0 -17000 0 0 0 649527168 100000 18750 9999 0 0 1
11.112 4 SVINFO 0 4 16 1 0 -91 0
11.270 4 IMU_MAG_RAW 0 0 0
11.302 4 PONG 
11.360 4 GPS_INT 637813700 0 0 0 0 0 -17000 0 0 0 649527424 100000 19000 9999 0 0 1
11.361 4 SVINFO 0 4 16 1 0 -91 0
11.362 4 LIDAR 1.56 120 1
11.376 4 INS 0 0 0 0 0 0 4 35 -610
11.439 4 ROTORCRAFT_FP 0 0 0 0 0 0 -12851 -1 -7650 0 0 0 0 0 0
11.583 4 ROTORCRAFT_NAV_STATUS 0 0 0. 0. 0 0 0
11.629 4 GPS_INT 637813700 0 0 0 0 0 -17000 0 0 0 649527616 100000 19250 9999 0 0 1
11.630 4 SVINFO 0 4 16 1 0 -91 0
11.630 4 INS 0 0 0 0 0 0 43 13 -615
11.660 4 WP_MOVED_ENU 12 -10160 -10329 2560
11.692 4 ROTORCRAFT_FP 0 0 0 0 0 0 -12851 -1 -7650 0 0 0 0 0 0
11.820 4 ALIVE 115,86,116,25,135,139,191,218,133,132,114,68,46,15,123,213
11.862 4 GPS_INT 637813700 0 0 0 0 0 -17000 0 0 0 649527872 100000 19500 9999 0 0 1
11.863 4 SVINFO 0 4 16 1 0 -91 0
11.866 4 LINK_REPORT 4 -1 106 0 21913 513 0 229. 5. 8 -819.53
11.888 4 INS 0 0 0 0 0 0 13 0 -567
11.889 4 UART_ERRORS 0 0 0 2
11.889 4 UART_ERRORS 0 0 0 3
11.889 4 UART_ERRORS 0 0 3 4
11.890 4 UART_ERRORS 0 0 0 5
11.933 4 LINK_REPORT 4 -1 12 0 2027 54 0 783. 21. 2 875.6
11.936 4 ROTORCRAFT_FP 0 0 0 0 0 0 -12851 -1 -7650 0 0 0 0 0 0
12.016 4 ROVER_STATUS 2 0 0 3 0 19 8.221591
12.063 4 ENERGY 0 8.221591 0.3 2.466477 0.00139 0.011407
12.107 4 GPS_INT 637813700 0 0 0 0 0 -17000 0 0 0 649528064 100000 19750 9999 0 0 1
12.107 4 SVINFO 0 4 16 1 0 -91 0
12.133 4 INS 0 0 0 0 0 0 14 15 -606
12.133 4 DL_VALUE 14 0.
12.183 4 ROTORCRAFT_FP 0 0 0 0 0 0 -12851 -1 -7651 0 0 0 0 0 0
12.260 4 IMU_MAG_RAW 0 0 0
12.357 4 GPS_INT 637813700 0 0 0 0 0 -17000 0 0 0 649528320 100000 20000 9999 0 0 1
12.357 4 SVINFO 0 4 16 1 0 -91 0
12.358 4 LIDAR 1.89 120 1
12.372 4 INS 0 0 0 0 0 0 53 19 -610
12.436 4 ROTORCRAFT_FP 0 0 0 0 0 0 -12851 -1 -7651 0 0 0 0 0 0
12.606 4 GPS_INT 637813700 0 0 0 0 0 -17000 0 0 0 649528512 100000 20250 9999 0 0 1
12.606 4 SVINFO 0 4 16 1 0 -91 0
12.621 4 INS 0 0 0 0 0 0 30 21 -587
12.866 4 SVINFO 0 4 16 1 0 -91 0
12.866 4 INS_REF 485065295 -31589301 411664541 404506309 -37260580 702390 650000 0.
12.867 4 LINK_REPORT 4 -1 107 1 21913 513 0 0. 0. 8 -819.53
12.867 4 INS 0 0 0 0 0 0 29 22 -634
12.931 4 ROTORCRAFT_FP 0 0 0 0 0 0 -12852 -1 -7652 0 0 0 0 0 0
12.933 4 LINK_REPORT 4 -1 13 0 2966 75 0 939. 21. 2 875.6
12.962 4 WP_MOVED_ENU 13 -10329 10160 2560
13.104 4 GPS_INT 637813700 0 0 0 0 0 -17000 0 0 0 649529024 100000 20750 9999 0 0 1
13.105 4 SVINFO 0 4 16 1 0 -91 0
13.120 4 INS 0 0 0 0 0 0 6 29 -610
13.186 4 ROTORCRAFT_FP 0 0 0 0 0 0 -12852 -1 -7652 0 0 0 0 0 0
13.186 4 ROTORCRAFT_NAV_STATUS 0 0 0. 0. 0 0 0
13.215 4 ROVER_STATUS 2 0 0 3 0 21 8.221591
13.216 4 DL_VALUE 15 0.
13.263 4 IMU_MAG_RAW 0 0 0
13.353 4 GPS_INT 637813700 0 0 0 0 0 -17000 0 0 0 649529280 100000 21000 9999 0 0 1
13.354 4 SVINFO 0 4 16 1 0 -91 0
13.354 4 LIDAR 2.91 120 1
13.369 4 INS 0 0 0 0 0 0 34 5 -596
13.603 4 SVINFO 0 4 16 1 0 -91 0
13.619 4 INS 0 0 0 0 0 0 3 9 -596
13.852 4 SVINFO 0 4 16 1 0 -91 0
13.867 4 LINK_REPORT 4 -1 108 2 21913 513 0 0. 0. 8 -819.53
13.878 4 INS 0 0 0 0 0 0 12 39 -591
13.878 4 DATALINK_REPORT 2 6 434 1045 0 0
13.912 4 ALIVE 115,86,116,25,135,139,191,218,133,132,114,68,46,15,123,213
13.934 4 LINK_REPORT 4 -1 14 0 3651 94 0 685. 19. 2 875.6
13.937 4 ROTORCRAFT_FP 0 0 0 0 0 0 -12852 -1 -7653 0 0 0 0 0 0
13.969 4 STATE_FILTER_STATUS 6 3 0
14.097 4 GPS_INT 637813700 0 0 0 0 0 -17000 0 0 0 649529920 100000 21750 9999 0 0 1
14.098 4 SVINFO 0 4 16 1 0 -91 0
14.112 4 INS 0 0 0 0 0 0 12 2 -654
14.177 4 ROTORCRAFT_FP 0 0 0 0 0 0 -12852 -1 -7653 0 0 0 0 0 0
14.256 4 WP_MOVED_ENU 0 0 0 2560
14.257 4 IMU_MAG_RAW 0 0 0
14.320 4 DL_VALUE 16 0.
14.351 4 GPS_INT 637813700 0 0 0 0 0 -17000 0 0 0 649530240 100000 22000 9999 0 0 1
14.352 4 SVINFO 0 4 16 1 0 -91 0
14.352 4 LIDAR 5.49 128 1
14.366 4 INS 0 0 0 0 0 0 10 13 -606
14.430 4 ROTORCRAFT_FP 0 0 0 0 0 0 -12852 0 -7653 0 0 0 0 0 0
14.432 4 ROVER_STATUS 2 0 0 3 0 22 8.221591
14.558 4 ENERGY 0 8.221591 0.25 2.055398 0.001581 0.012971
14.600 4 GPS_INT 637813700 0 0 0 0 0 -17000 0 0 0 649530496 100000 22250 9999 0 0 1
14.601 4 SVINFO 0 4 16 1 0 -91 0
14.616 4 INS 0 0 0 0 0 0 31 -3 -639
14.680 4 ROTORCRAFT_FP 0 0 0 0 0 0 -12852 -1 -7654 0 0 0 0 0 0
14.775 4 ROTORCRAFT_NAV_STATUS 0 0 0. 0. 0 0 0
14.849 4 SVINFO 0 4 16 1 0 -91 0
14.865 4 INS 0 0 0 0 0 0 23 -9 -625
14.868 4 LINK_REPORT 4 -1 109 0 21983 515 0 70. 2. 8 -819.53
14.935 4 LINK_REPORT 4 -1 15 0 4546 115 0 895. 21. 2 875.6
14.960 4 UART_ERRORS 0 0 0 6
15.098 4 GPS_INT 637813700 0 0 0 0 0 -17000 0 0 0 649531008 100000 22750 9999 0 0 1
15.099 4 SVINFO 0 4 16 1 0 -91 0
15.114 4 INS 0 0 0 0 0 0 50 -13 -596
15.178 4 ROTORCRAFT_FP 0 0 0 0 0 0 -12853 0 -7655 0 0 0 0 0 0
15.257 4 IMU_MAG_RAW 0 0 0
15.347 4 SVINFO 0 4 16 1 0 -91 0
15.348 4 LIDAR 5.81 128 1
15.363 4 INS 0 0 0 0 0 0 -17 -21 -634
15.426 4 ROTORCRAFT_FP 0 0 0 0 0 0 -12852 0 -7655 0 0 0 0 0 0
15.427 4 DL_VALUE 17 0.
15.457 4 PONG 
15.553 4 WP_MOVED_ENU 1 0 0 2560
15.597 4 GPS_INT 637813700 0 0 0 0 0 -17000 0 0 0 649531520 100000 23250 9999 0 0 1
15.598 4 SVINFO 0 4 16 1 0 -91 0
15.623 4 INS 0 0 0 0 0 0 30 -6 -596
15.623 4 ROVER_STATUS 2 0 0 3 0 23 8.221591
15.671 4 ROTORCRAFT_FP 0 0 0 0 0 0 -12852 0 -7656 0 0 0 0 0 0
15.846 4 GPS_INT 637813700 0 0 0 0 0 -17000 0 0 0 649531776 100000 23500 9999 0 0 1
15.846 4 SVINFO 0 4 16 1 0 -91 0
15.869 4 LINK_REPORT 4 -1 110 0 22008 516 0 25. 1. 8 -819.53
15.936 4 LINK_REPORT 4 -1 16 0 5320 134 0 774. 19. 3 31.
16.005 4 ALIVE 115,86,116,25,135,139,191,218,133,132,114,68,46,15,123,213
16.095 4 GPS_INT 637813700 0 0 0 0 0 -17000 0 0 0 649532032 100000 23750 9999 0 0 1
16.096 4 SVINFO 0 4 16 1 0 -91 0
16.254 4 IMU_MAG_RAW 0 0 0
16.302 4 PONG 
16.345 4 GPS_INT 637813700 0 0 0 0 0 -17000 0 0 0 649532352 100000 24000 9999 0 0 1
16.345 4 SVINFO 0 4 16 1 0 -91 0
16.346 4 LIDAR 1.71 130 1
16.360 4 INS 0 0 0 0 0 0 30 12 -596
16.376 4 ROTORCRAFT_NAV_STATUS 0 0 0. 0. 0 0 0
16.425 4 ROTORCRAFT_FP 0 0 0 0 0 0 -12852 0 -7657 0 0 0 0 0 0
16.504 4 DL_VALUE 18 0.
16.593 4 SVINFO 0 4 16 1 0 -91 0
16.843 4 GPS_INT 637813700 0 0 0 0 0 -17000 0 0 0 649532928 100000 24500 9999 0 0 1
16.843 4 SVINFO 0 4 16 1 0 -91 0
16.844 4 WP_MOVED_ENU 2 7 -1024 2560
16.858 4 INS 0 0 0 0 0 0 43 -8 -620
16.869 4 LINK_REPORT 4 -1 111 0 22042 518 0 34. 2. 9 25.31
16.937 4 LINK_REPORT 4 -1 17 0 5908 149 0 588. 15. 3 31.
17.050 4 ENERGY 0 8.221591 0.3 2.466477 0.001776 0.014582
17.092 4 SVINFO 0 4 16 1 0 -91 0
17.171 4 STATE_FILTER_STATUS 6 3 0
17.251 4 IMU_MAG_RAW 0 0 0
17.342 4 GPS_INT 637813700 0 0 0 0 0 -17000 0 0 0 649533504 100000 25000 9999 0 0 1
17.342 4 SVINFO 0 4 16 1 0 -91 0
17.343 4 LIDAR 1.76 136 1
17.357 4 INS 0 0 0 0 0 0 -28 -4 -577
17.421 4 ROTORCRAFT_FP 0 0 0 0 0 0 -12853 1 -7659 0 0 0 0 0 0
17.590 4 GPS_INT 637813700 0 0 0 0 0 -17000 0 0 0 649533824 100000 25250 9999 0 0 1
17.591 4 SVINFO 0 4 16 1 0 -91 0
17.606 4 INS 0 0 0 0 0 0 33 -3 -630
17.607 4 DL_VALUE 19 1.
17.671 4 ROTORCRAFT_FP 0 0 0 0 0 0 -12853 0 -7659 0 0 0 0 0 0
17.840 4 GPS_INT 637813700 0 0 0 0 0 -17000 0 0 0 649534080 100000 25500 9999 0 0 1
17.841 4 SVINFO 0 4 16 1 0 -91 0
17.855 4 INS 0 0 0 0 0 0 42 60 -610
17.869 4 LINK_REPORT 4 -1 112 0 22063 519 0 21. 1. 9 25.31
17.919 4 ROTORCRAFT_FP 0 0 0 0 0 0 -12853 0 -7659 0 0 0 0 0 0
17.934 4 INS_REF 485065295 -31589301 411664541 404506309 -37260580 702390 650000 0.
17.937 4 LINK_REPORT 4 -1 18 0 6699 167 0 791. 18. 3 31.
17.966 4 ROTORCRAFT_NAV_STATUS 0 0 0. 0. 0 0 0
17.998 4 ROVER_STATUS 2 0 0 3 0 25 8.221591
18.061 4 UART_ERRORS 0 0 0 3
18.062 4 UART_ERRORS 0 0 3 4
18.092 4 GPS_INT 637813700 0 0 0 0 0 -17000 0 0 0 649534336 100000 25750 9999 0 0 1
18.093 4 SVINFO 0 4 16 1 0 -91 0
18.093 4 ALIVE 115,86,116,25,135,139,191,218,133,132,114,68,46,15,123,213
18.108 4 INS 0 0 0 0 0 0 22 46 -625
18.139 4 WP_MOVED_ENU 3 -762 -775 2560
18.172 4 ROTORCRAFT_FP 0 0 0 0 0 0 -12853 1 -7660 0 0 0 0 0 0
18.251 4 IMU_MAG_RAW 0 0 0
18.342 4 GPS_INT 637813700 0 0 0 0 0 -17000 0 0 0 649534720 100000 26000 9999 0 0 1
18.345 4 SVINFO 0 4 16 1 0 -91 0
18.345 4 LIDAR 1.71 136 1
18.357 4 INS 0 0 0 0 0 0 34 -4 -620
18.418 4 ROTORCRAFT_FP 0 0 0 0 0 0 -12853 0 -7660 0 0 0 0 0 0
18.587 4 GPS_INT 637813700 0 0 0 0 0 -17000 0 0 0 649534976 100000 26250 9999 0 0 1
18.588 4 SVINFO 0 4 16 1 0 -91 0
18.603 4 INS 0 0 0 0 0 0 25 -14 -591
18.837 4 GPS_INT 637813700 0 0 0 0 0 -17000 0 0 0 649535232 100000 26500 9999 0 0 1
18.838 4 SVINFO 0 4 16 1 0 -91 0
18.853 4 INS 0 0 0 0 0 0 9 -19 -634
18.870 4 LINK_REPORT 4 -1 113 0 22103 521 0 40. 2. 9 25.31
18.917 4 ROTORCRAFT_FP 0 0 0 0 0 0 -12853 1 -7661 0 0 0 0 0 0
18.938 4 LINK_REPORT 4 -1 19 0 7624 188 0 925. 21. 3 31.
18.948 4 DATALINK_REPORT 2 8 557 1035 0 0
19.086 4 GPS_INT 637813700 0 0 0 0 0 -17000 0 0 0 649535552 100000 26750 9999 0 0 1
19.087 4 SVINFO 0 4 16 1 0 -91 0
19.102 4 INS 0 0 0 0 0 0 6 27 -625
19.166 4 ROTORCRAFT_FP 0 0 0 0 0 0 -12853 1 -7661 0 0 0 0 0 0
19.198 4 ROVER_STATUS 2 0 0 3 0 27 8.221591
19.336 4 GPS_INT 637813700 0 0 0 0 0 -17000 0 0 0 649535872 100000 27000 9999 0 0 1
19.337 4 SVINFO 0 4 16 1 0 -91 0
19.337 4 LIDAR 1.57 144 1
19.351 4 INS 0 0 0 0 0 0 33 -15 -677
19.415 4 ROTORCRAFT_FP 0 0 0 0 0 0 -12853 1 -7661 0 0 0 0 0 0
19.446 4 WP_MOVED_ENU 4 -504 -1029 2560
19.542 4 ENERGY 0 8.221591 0.35 2.877557 0.00197 0.016175
19.558 4 ROTORCRAFT_NAV_STATUS 0 0 0. 0. 0 0 0
19.588 4 GPS_INT 637813700 0 0 0 0 0 -17000 0 0 0 649536192 100000 27250 9999 0 0 1
19.589 4 SVINFO 0 4 16 1 0 -91 0
19.604 4 INS 0 0 0 0 0 0 -5 11 -630
19.664 4 ROTORCRAFT_FP 0 0 0 0 0 0 -12854 1 -7662 0 0 0 0 0 0
19.791 4 DL_VALUE 21 1.
19.833 4 SVINFO 0 4 16 1 0 -91 0
19.870 4 LINK_REPORT 4 -1 114 1 22103 521 0 0. 0. 9 25.31
19.938 4 LINK_REPORT 4 -1 20 0 8451 208 0 827. 20. 3 31.
20.082 4 GPS_INT 637813700 0 0 0 0 0 -17000 0 0 0 649536768 100000 27750 9999 0 0 1
20.083 4 SVINFO 0 4 16 1 0 -91 0
20.098 4 INS 0 0 0 0 0 0 -4 3 -630
20.162 4 ROTORCRAFT_FP 0 0 0 0 0 0 -12854 2 -7663 0 0 0 0 0 0
20.198 4 ALIVE 115,86,116,25,135,139,191,218,133,132,114,68,46,15,123,213
20.241 4 IMU_MAG_RAW 0 0 0
20.332 4 GPS_INT 637813700 0 0 0 0 0 -17000 0 0 0 649537152 100000 28000 9999 0 0 1
20.333 4 SVINFO 0 4 16 1 0 -91 0
20.333 4 LIDAR 2.02 144 1
20.361 4 INS 0 0 0 0 0 0 12 1 -649
20.362 4 STATE_FILTER_STATUS 6 3 0
20.409 4 ROTORCRAFT_FP 0 0 0 0 0 0 -12854 2 -7663 0 0 0 0 0 0
20.410 4 ROVER_STATUS 2 0 0 3 0 28 8.221591
20.457 4 PONG 
20.473 4 AUTOPILOT_VERSION 60200 v6.2_unstable-101-g8a957fd0a
20.581 4 GPS_INT 637813700 0 0 0 0 0 -17000 0 0 0 649537472 100000 28250 9999 0 0 1
20.582 4 SVINFO 0 4 16 1 0 -91 0
20.597 4 INS 0 0 0 0 0 0 38 -26 -639
20.661 4 ROTORCRAFT_FP 0 0 0 0 0 0 -12854 2 -7663 0 0 0 0 0 0
20.741 4 WP_MOVED_ENU 5 519 -1021 2560
20.831 4 GPS_INT 637813700 0 0 0 0 0 -17000 0 0 0 649537792 100000 28500 9999 0 0 1
20.832 4 SVINFO 0 4 16 1 0 -91 0
20.846 4 INS 0 0 0 0 0 0 -5 -2 -620
20.871 4 LINK_REPORT 4 -1 115 2 22103 521 0 0. 0. 9 25.31
20.910 4 ROTORCRAFT_FP 0 0 0 0 0 0 -12854 2 -7664 0 0 0 0 0 0
20.911 4 DL_VALUE 22 80.
20.939 4 LINK_REPORT 4 -1 21 0 9513 233 0 1062. 25. 4 29.72
21.079 4 GPS_INT 637813700 0 0 0 0 0 -17000 0 0 0 649538176 100000 28750 9999 0 0 1
21.080 4 SVINFO 0 4 16 1 0 -91 0
21.095 4 INS 0 0 0 0 0 0 10 29 -687
21.169 4 ROTORCRAFT_FP 0 0 0 0 0 0 -12854 2 -7664 0 0 0 0 0 0
21.170 4 UART_ERRORS 0 0 0 5
21.170 4 UART_ERRORS 0 0 0 6
21.171 4 ROTORCRAFT_NAV_STATUS 0 0 0. 0. 0 0 0
21.232 4 IMU_MAG_RAW 0 0 0
21.340 4 GPS_INT 637813700 0 0 0 0 0 -17000 0 0 0 649538432 100000 29000 9999 0 0 1
21.341 4 SVINFO 0 4 16 1 0 -91 0
21.342 4 PONG 
21.342 4 LIDAR 1.55 144 1
21.342 4 INS 0 0 0 0 0 0 6 36 -587
21.404 4 ROTORCRAFT_FP 0 0 0 0 0 0 -12854 3 -7664 0 0 0 0 0 0
21.577 4 GPS_INT 637813700 0 0 0 0 0 -17000 0 0 0 649538816 100000 29250 9999 0 0 1
21.578 4 SVINFO 0 4 16 1 0 -91 0
21.603 4 INS 0 0 0 0 0 0 36 17 -610
21.604 4 ROVER_STATUS 2 0 0 3 0 29 8.221591
21.651 4 ROTORCRAFT_FP 0 0 0 0 0 0 -12855 3 -7665 0 0 0 0 0 0
21.827 4 GPS_INT 637813700 0 0 0 0 0 -17000 0 0 0 649539136 100000 29500 9999 0 0 1
21.828 4 SVINFO 0 4 16 1 0 -91 0
21.843 4 INS 0 0 0 0 0 0 -1 33 -610
21.871 4 LINK_REPORT 4 -1 116 3 22103 521 0 0. 0. 10 -4975.92
21.907 4 ROTORCRAFT_FP 0 0 0 0 0 0 -12855 2 -7666 0 0 0 0 0 0
21.940 4 LINK_REPORT 4 -1 22 0 10506 256 0 993. 23. 4 914.23
21.986 4 DL_VALUE 23 80.
22.034 4 ENERGY 0 8.221591 0.3 2.466477 0.002165 0.017779
22.035 4 WP_MOVED_ENU 6 760 1031 2560
22.079 4 GPS_INT 637813700 0 0 0 0 0 -17000 0 0 0 649539520 100000 29750 9999 0 0 1
22.080 4 SVINFO 0 4 16 1 0 -91 0
22.092 4 INS 0 0 0 0 0 0 25 3 -596
22.156 4 ROTORCRAFT_FP 0 0 0 0 0 0 -12855 2 -7666 0 0 0 0 0 0
22.236 4 IMU_MAG_RAW 0 0 0
22.284 4 ALIVE 115,86,116,25,135,139,191,218,133,132,114,68,46,15,123,213
22.326 4 GPS_INT 637813700 0 0 0 0 0 -17000 0 0 0 649539776 100000 30000 9999 0 0 1
22.327 4 SVINFO 0 4 16 1 0 -91 0
22.327 4 LIDAR 1.49 152 1
22.341 4 INS 0 0 0 0 0 0 37 0 -601
22.575 4 SVINFO 0 4 16 1 0 -91 0
22.591 4 INS 0 0 0 0 0 0 -19 28 -563
22.750 4 ROTORCRAFT_NAV_STATUS 0 0 0. 0. 0 0 0
22.797 4 ROVER_STATUS 2 0 0 3 0 30 8.221591
22.823 4 SVINFO 0 4 16 1 0 -91 0
22.840 4 INS 0 0 0 0 0 0 10 8 -634
22.873 4 LINK_REPORT 4 -1 117 0 22243 525 0 140. 4. 10 -4975.92
22.941 4 LINK_REPORT 4 -1 23 0 11061 271 0 555. 15. 4 914.23
23.073 4 GPS_INT 637813700 0 0 0 0 0 -17000 0 0 0 649540928 100000 30750 9999 0 0 1
23.074 4 SVINFO 0 4 16 1 0 -91 0
23.099 4 INS 0 0 0 0 0 0 -21 23 -577
23.128 4 DL_VALUE 24 0.
23.321 4 SVINFO 0 4 16 1 0 -91 0
23.322 4 WP_MOVED_ENU 7 775 -1018 2560
23.352 4 LIDAR 1.49 152 1
23.353 4 INS 0 0 0 0 0 0 0 -2 -644
23.401 4 ROTORCRAFT_FP 0 0 0 0 0 0 -12856 2 -7668 0 0 0 0 0 0
23.544 4 STATE_FILTER_STATUS 6 3 0
23.575 4 GPS_INT 637813700 0 0 0 0 0 -17000 0 0 0 649541632 100000 31250 9999 0 0 1
23.575 4 SVINFO 0 4 16 1 0 -91 0
23.590 4 INS 0 0 0 0 0 0 -20 49 -620
23.651 4 ROTORCRAFT_FP 0 0 0 0 0 0 -12856 2 -7668 0 0 0 0 0 0
23.821 4 GPS_INT 637813700 0 0 0 0 0 -17000 0 0 0 649541952 100000 31500 9999 0 0 1
23.823 4 SVINFO 0 4 16 1 0 -91 0
23.836 4 INS 0 0 0 0 0 0 -4 39 -563
23.873 4 LINK_REPORT 4 -1 118 0 22383 528 0 140. 3. 10 -4975.92
23.942 4 LINK_REPORT 4 -1 24 0 11633 285 0 572. 14. 4 914.23
24.012 4 DATALINK_REPORT 2 10 676 1014 0 0
24.071 4 GPS_INT 637813700 0 0 0 0 0 -17000 0 0 0 649542272 100000 31750 9999 0 0 1
24.071 4 SVINFO 0 4 16 1 0 -91 0
24.086 4 INS 0 0 0 0 0 0 24 30 -601
24.149 4 ROTORCRAFT_FP 0 0 0 0 0 0 -12856 2 -7669 0 0 0 0 0 0
24.181 4 DL_VALUE 25 1.
24.228 4 IMU_MAG_RAW 0 0 0
24.229 4 UART_ERRORS 0 0 0 1
24.244 4 UART_ERRORS 0 0 0 3
24.320 4 GPS_INT 637813700 0 0 0 0 0 -17000 0 0 0 649542720 100000 32000 9999 0 0 1
24.321 4 SVINFO 0 4 16 1 0 -91 0
24.321 4 LIDAR 1.51 152 1
24.336 4 INS 0 0 0 0 0 0 -37 34 -596
24.352 4 ROTORCRAFT_NAV_STATUS 0 0 0. 0. 0 0 0
24.383 4 ALIVE 115,86,116,25,135,139,191,218,133,132,114,68,46,15,123,213
24.400 4 ROTORCRAFT_FP 0 0 0 0 0 0 -12857 2 -7669 0 0 0 0 0 0
24.570 4 GPS_INT 637813700 0 0 0 0 0 -17000 0 0 0 649543104 100000 32250 9999 0 0 1
24.570 4 SVINFO 0 4 16 1 0 -91 0
24.585 4 INS 0 0 0 0 0 0 1 -7 -615
24.633 4 WP_MOVED_ENU 8 -760 -1031 2560
24.649 4 ROTORCRAFT_FP 0 0 0 0 0 0 -12857 2 -7670 0 0 0 0 0 0
24.819 4 GPS_INT 637813700 0 0 0 0 0 -17000 0 0 0 649543424 100000 32500 9999 0 0 1
24.820 4 SVINFO 0 4 16 1 0 -91 0
24.835 4 INS 0 0 0 0 0 0 29 -12 -615
24.874 4 LINK_REPORT 4 -1 119 0 22428 530 0 45. 2. 10 -4975.92
24.897 4 ROTORCRAFT_FP 0 0 0 0 0 0 -12857 2 -7670 0 0 0 0 0 0
24.943 4 LINK_REPORT 4 -1 25 0 12571 307 0 938. 22. 4 914.23
25.067 4 GPS_INT 637813700 0 0 0 0 0 -17000 0 0 0 649543808 100000 32750 9999 0 0 1
25.067 4 SVINFO 0 4 16 1 0 -91 0
25.082 4 INS 0 0 0 0 0 0 22 -19 -587
25.146 4 ROTORCRAFT_FP 0 0 0 0 0 0 -12857 2 -7671 0 0 0 0 0 0
25.178 4 ROVER_STATUS 2 0 0 3 0 33 8.221591
25.225 4 IMU_MAG_RAW 0 0 0
25.274 4 DL_VALUE 26 1.
25.316 4 GPS_INT 637813700 0 0 0 0 0 -17000 0 0 0 649544192 100000 33000 9999 0 0 1
25.317 4 SVINFO 0 4 16 1 0 -91 0
25.317 4 LIDAR 1.49 160 1
25.331 4 INS 0 0 0 0 0 0 28 -15 -615
25.396 4 ROTORCRAFT_FP 0 0 0 0 0 0 -12857 2 -7672 0 0 0 0 0 0
25.459 4 PONG 
25.566 4 GPS_INT 637813700 0 0 0 0 0 -17000 0 0 0 649544576 100000 33250 9999 0 0 1
25.566 4 SVINFO 0 4 16 1 0 -91 0
25.815 4 SVINFO 0 4 16 1 0 -91 0
25.875 4 LINK_REPORT 4 -1 120 0 22520 532 0 92. 2. 10 -4975.92
25.944 4 LINK_REPORT 4 -1 26 0 13183 322 0 612. 15. 5 30.74
26.063 4 SVINFO 0 4 16 1 0 -91 0
26.079 4 INS 0 0 0 0 0 0 0 39 -601
26.144 4 ROTORCRAFT_FP 0 0 0 0 0 0 -12857 3 -7673 0 0 0 0 0 0
26.223 4 IMU_MAG_RAW 0 0 0
26.313 4 GPS_INT 637813700 0 0 0 0 0 -17000 0 0 0 649545728 100000 34000 9999 0 0 1
26.315 4 SVINFO 0 4 16 1 0 -91 0
26.315 4 LIDAR 1.49 160 1
26.329 4 INS 0 0 0 0 0 0 25 20 -634
26.344 4 PONG 
26.393 4 ROTORCRAFT_FP 0 0 0 0 0 0 -12857 3 -7674 0 0 0 0 0 0
26.394 4 ROVER_STATUS 2 0 0 3 0 34 8.221591
26.395 4 DL_VALUE 27 0.
26.473 4 ALIVE 115,86,116,25,135,139,191,218,133,132,114,68,46,15,123,213
26.563 4 GPS_INT 637813700 0 0 0 0 0 -17000 0 0 0 649546176 100000 34250 9999 0 0 1
26.563 4 SVINFO 0 4 16 1 0 -91 0
26.579 4 INS 0 0 0 0 0 0 6 32 -620
26.643 4 ROTORCRAFT_FP 0 0 0 0 0 0 -12857 3 -7674 0 0 0 0 0 0
26.738 4 STATE_FILTER_STATUS 6 3 0
26.812 4 GPS_INT 637813700 0 0 0 0 0 -17000 0 0 0 649546560 100000 34500 9999 0 0 1
26.813 4 SVINFO 0 4 16 1 0 -91 0
26.828 4 INS 0 0 0 0 0 0 13 20 -630
26.876 4 LINK_REPORT 4 -1 121 0 23369 553 0 849. 21. 11 65.56
26.891 4 ROTORCRAFT_FP 0 0 0 0 0 0 -12858 3 -7675 0 0 0 0 0 0
26.944 4 LINK_REPORT 4 -1 27 1 13183 322 0 0. 0. 5 30.74
27.019 4 ENERGY 0 8.221591 0.325 2.672017 0.002544 0.020896
27.061 4 GPS_INT 637813700 0 0 0 0 0 -17000 0 0 0 649546944 100000 34750 9999 0 0 1
27.062 4 SVINFO 0 4 16 1 0 -91 0
27.077 4 INS 0 0 0 0 0 0 -35 30 -625
27.141 4 ROTORCRAFT_FP 0 0 0 0 0 0 -12858 3 -7675 0 0 0 0 0 0
27.220 4 WP_MOVED_ENU 10 10160 10329 2560
27.220 4 IMU_MAG_RAW 0 0 0
27.310 4 GPS_INT 637813700 0 0 0 0 0 -17000 0 0 0 649547328 100000 35000 9999 0 0 1
27.311 4 SVINFO 0 4 16 1 0 -91 0
27.311 4 LIDAR 1.49 160 1
27.339 4 INS 0 0 0 0 0 0 4 12 -563
27.339 4 UART_ERRORS 0 0 3 4
27.340 4 UART_ERRORS 0 0 0 5
27.340 4 UART_ERRORS 0 0 0 6
27.387 4 ROTORCRAFT_FP 0 0 0 0 0 0 -12858 3 -7676 0 0 0 0 0 0
27.466 4 DL_VALUE 28 0.
27.530 4 ROTORCRAFT_NAV_STATUS 0 0 0. 0. 0 0 0
27.578 4 GPS_INT 637813700 0 0 0 0 0 -17000 0 0 0 649547776 100000 35250 9999 0 0 1
27.578 4 SVINFO 0 4 16 1 0 -91 0
27.579 4 INS 0 0 0 0 0 0 36 24 -582
27.579 4 ROVER_STATUS 2 0 0 3 0 35 8.221591
27.640 4 ROTORCRAFT_FP 0 0 0 0 0 0 -12858 3 -7676 0 0 0 0 0 0
27.809 4 GPS_INT 637813700 0 0 0 0 0 -17000 0 0 0 649548160 100000 35500 9999 0 0 1
27.810 4 SVINFO 0 4 16 1 0 -91 0
27.825 4 INS 0 0 0 0 0 0 17 54 -582
27.877 4 LINK_REPORT 4 -1 122 0 24447 579 0 1078. 26. 11 65.56
27.888 4 ROTORCRAFT_FP 0 0 0 0 0 0 -12858 3 -7677 0 0 0 0 0 0
27.945 4 LINK_REPORT 4 -1 28 2 13183 322 0 0. 0. 5 30.74
28.058 4 GPS_INT 637813700 0 0 0 0 0 -17000 0 0 0 649548544 100000 35750 9999 0 0 1
28.058 4 SVINFO 0 4 16 1 0 -91 0
28.084 4 INS 0 0 0 0 0 0 12 57 -591
28.085 4 INS_REF 485065295 -31589301 411664541 404506309 -37260580 702390 650000 0.
28.133 4 ROTORCRAFT_FP 0 0 0 0 0 0 -12858 3 -7678 0 0 0 0 0 0
28.213 4 IMU_MAG_RAW 0 0 0
28.307 4 GPS_INT 637813700 0 0 0 0 0 -17000 0 0 0 649548992 100000 36000 9999 0 0 1
28.308 4 SVINFO 0 4 16 1 0 -91 0
28.308 4 LIDAR 1.49 160 1
28.323 4 INS 0 0 0 0 0 0 -4 41 -587
28.387 4 ROTORCRAFT_FP 0 0 0 0 0 0 -12858 3 -7678 0 0 0 0 0 0
28.514 4 WP_MOVED_ENU 11 10329 -10160 2560
28.556 4 GPS_INT 637813700 0 0 0 0 0 -17000 0 0 0 649549376 100000 36250 9999 0 0 1
28.557 4 SVINFO 0 4 16 1 0 -91 0
28.558 4 ALIVE 115,86,116,25,135,139,191,218,133,132,114,68,46,15,123,213
28.586 4 INS 0 0 0 0 0 0 37 39 -601
28.587 4 DL_VALUE 29 0.
28.635 4 ROTORCRAFT_FP 0 0 0 0 0 0 -12858 3 -7679 0 0 0 0 0 0
28.778 4 ROVER_STATUS 2 0 0 3 0 36 8.221591
28.805 4 GPS_INT 637813700 0 0 0 0 0 -17000 0 0 0 649549824 100000 36500 9999 0 0 1
28.806 4 SVINFO 0 4 16 1 0 -91 0
28.821 4 INS 0 0 0 0 0 0 0 20 -634
28.878 4 LINK_REPORT 4 -1 123 0 25411 600 0 964. 21. 11 65.56
28.885 4 ROTORCRAFT_FP 0 0 0 0 0 0 -12858 4 -7680 0 0 0 0 0 0
28.947 4 LINK_REPORT 4 -1 29 0 13250 324 0 67. 2. 5 30.74
29.055 4 GPS_INT 637813700 0 0 0 0 0 -17000 0 0 0 649550272 100000 36750 9999 0 0 1
29.056 4 SVINFO 0 4 16 1 0 -91 0
29.071 4 INS 0 0 0 0 0 0 -34 6 -553
29.086 4 DATALINK_REPORT 2 12 801 1049 0 0
29.135 4 ROTORCRAFT_NAV_STATUS 0 0 0. 0. 0 0 0
29.214 4 IMU_MAG_RAW 0 0 0
29.304 4 SVINFO 0 4 16 1 0 -91 0
29.304 4 LIDAR 1.64 168 1
29.320 4 INS 0 0 0 0 0 0 12 22 -606
29.384 4 ROTORCRAFT_FP 0 0 0 0 0 0 -12858 4 -7681 0 0 0 0 0 0
29.512 4 ENERGY 0 8.221591 0.275 2.260938 0.002735 0.02246
29.554 4 GPS_INT 637813700 0 0 0 0 0 -17000 0 0 0 649551104 100000 37250 9999 0 0 1
29.554 4 SVINFO 0 4 16 1 0 -91 0
29.569 4 INS 0 0 0 0 0 0 17 72 -601
29.633 4 ROTORCRAFT_FP 0 0 0 0 0 0 -12858 4 -7681 0 0 0 0 0 0
29.664 4 DL_VALUE 30 1.
29.802 4 GPS_INT 637813700 0 0 0 0 0 -17000 0 0 0 649551552 100000 37500 9999 0 0 1
29.803 4 SVINFO 0 4 16 1 0 -91 0
29.803 4 WP_MOVED_ENU 12 -10160 -10329 2560
29.818 4 INS 0 0 0 0 0 0 29 28 -634
29.879 4 LINK_REPORT 4 -1 124 0 26235 619 0 824. 19. 11 65.56
29.882 4 ROTORCRAFT_FP 0 0 0 0 0 0 -12858 4 -7682 0 0 0 0 0 0
29.929 4 STATE_FILTER_STATUS 6 3 0
29.947 4 LINK_REPORT 4 -1 30 0 13303 326 0 53. 2. 5 30.74
29.962 4 ROVER_STATUS 2 0 0 3 0 37 8.221591
30.051 4 SVINFO 0 4 16 1 0 -91 0
30.301 4 SVINFO 0 4 16 1 0 -91 0
30.301 4 LIDAR 1.7 168 1
30.380 4 ROTORCRAFT_FP 0 0 0 0 0 0 -12858 4 -7683 0 0 0 0 0 0
30.412 4 UART_ERRORS 0 0 0 1
30.412 4 UART_ERRORS 0 0 0 2
30.459 4 PONG 
30.550 4 GPS_INT 637813700 0 0 0 0 0 -17000 0 0 0 649552832 100000 38250 9999 0 0 1
30.551 4 SVINFO 0 4 16 1 0 -91 0
30.565 4 INS 0 0 0 0 0 0 4 19 -639
30.725 4 ROTORCRAFT_NAV_STATUS 0 0 0. 0. 0 0 0
30.757 4 DL_VALUE 31 1.
30.799 4 GPS_INT 637813700 0 0 0 0 0 -17000 0 0 0 649553280 100000 38500 9999 0 0 1
30.800 4 SVINFO 0 4 16 1 0 -91 0
30.815 4 INS 0 0 0 0 0 0 -24 29 -587
30.879 4 ROTORCRAFT_FP 0 0 0 0 0 0 -12859 4 -7684 0 0 0 0 0 0
30.880 4 LINK_REPORT 4 -1 125 0 26855 634 0 620. 15. 11 65.56
30.947 4 LINK_REPORT 4 -1 31 0 13377 330 0 74. 4. 6 29.68
31.049 4 SVINFO 0 4 16 1 0 -91 0
31.065 4 INS 0 0 0 0 0 0 12 -1 -596
31.112 4 WP_MOVED_ENU 13 -10329 10160 2560
31.129 4 ROTORCRAFT_FP 0 0 0 0 0 0 -12859 4 -7685 0 0 0 0 0 0
31.208 4 IMU_MAG_RAW 0 0 0
31.326 4 INS 0 0 0 0 0 0 4 56 -610
31.326 4 PONG 
31.534 4 AUTOPILOT_VERSION 60200 v6.2_unstable-101-g8a957fd0a
31.560 4 GPS_INT 637813700 0 0 0 0 0 -17000 0 0 0 649554624 100000 39250 9999 0 0 1
31.561 4 SVINFO 0 4 16 1 0 -91 0
31.561 4 INS 0 0 0 0 0 0 31 26 -577
31.624 4 ROTORCRAFT_FP 0 0 0 0 0 0 -12859 4 -7686 0 0 0 0 0 0
31.795 4 GPS_INT 637813700 0 0 0 0 0 -17000 0 0 0 649555072 100000 39500 9999 0 0 1
31.798 4 SVINFO 0 4 16 1 0 -91 0
31.875 4 ROTORCRAFT_FP 0 0 0 0 0 0 -12859 4 -7687 0 0 0 0 0 0
31.876 4 DL_VALUE 32 0.
31.880 4 LINK_REPORT 4 -1 126 0 27006 638 0 151. 4. 12 47.06
31.948 4 LINK_REPORT 4 -1 32 0 13917 342 0 540. 12. 6 29.68
32.046 4 GPS_INT 637813700 0 0 0 0 0 -17000 0 0 0 649555520 100000 39750 9999 0 0 1
32.047 4 SVINFO 0 4 16 1 0 -91 0
32.295 4 SVINFO 0 4 16 1 0 -91 0
32.296 4 LIDAR 6.43 176 1
32.375 4 ROTORCRAFT_FP 0 0 0 0 0 0 -12859 4 -7688 0 0 0 0 0 0
32.376 4 ROVER_STATUS 2 0 0 3 0 40 8.221591
32.752 4 ALIVE 115,86,116,25,135,139,191,218,133,132,114,68,46,15,123,213
32.872 4 ROTORCRAFT_FP 0 0 0 0 0 0 -12860 3 -7690 0 0 0 0 0 0
32.880 4 LINK_REPORT 4 -1 127 0 27333 646 0 327. 8. 12 47.06
32.949 4 LINK_REPORT 4 -1 33 0 13917 342 0 0. 0. 6 29.68
32.952 4 DL_VALUE 33 0.
33.042 4 GPS_INT 637813700 0 0 0 0 0 -17000 0 0 0 649556928 100000 40500 9999 0 0 1
33.043 4 SVINFO 0 4 16 1 0 -91 0
33.058 4 INS 0 0 0 0 0 0 -15 28 -558
33.121 4 ROTORCRAFT_FP 0 0 0 0 0 0 -12859 3 -7690 0 0 0 0 0 0
33.122 4 STATE_FILTER_STATUS 6 3 0
33.154 4 INS_REF 485065295 -31589301 411664541 404506309 -37260580 702390 650000 0.
33.201 4 IMU_MAG_RAW 0 0 0
33.292 4 GPS_INT 637813700 0 0 0 0 0 -17000 0 0 0 649557376 100000 40750 9999 0 0 1
33.293 4 SVINFO 0 4 16 1 0 -91 0
33.293 4 LIDAR 6.41 176 7
33.307 4 INS 0 0 0 0 0 0 -39 46 -625
33.371 4 ROTORCRAFT_FP 0 0 0 0 0 0 -12859 3 -7691 0 0 0 0 0 0
33.514 4 UART_ERRORS 0 0 0 5
33.515 4 UART_ERRORS 0 0 0 6
33.545 4 GPS_INT 637813700 0 0 0 0 0 -17000 0 0 0 649557824 100000 41000 9999 0 0 1
33.546 4 SVINFO 0 4 16 1 0 -91 0
33.561 4 INS 0 0 0 0 0 0 -19 11 -610
33.561 4 ROVER_STATUS 2 0 0 3 0 41 8.221591
33.871 4 ROTORCRAFT_FP 0 0 0 0 0 0 -12859 3 -7693 0 0 0 0 0 0
33.881 4 LINK_REPORT 4 -1 128 0 28154 666 0 821. 20. 12 47.06
33.949 4 LINK_REPORT 4 -1 34 1 13917 342 0 0. 0. 6 29.68
34.056 4 DL_VALUE 34 0.
34.166 4 DATALINK_REPORT 2 14 926 1048 0 0
34.198 4 IMU_MAG_RAW 0 0 0
34.288 4 GPS_INT 637813700 0 0 0 0 0 -17000 0 0 0 649559296 100000 41750 9999 0 0 1
34.289 4 SVINFO 0 4 16 1 0 -91 0
34.290 4 LIDAR 6.44 176 1
34.368 4 ROTORCRAFT_FP 0 0 0 0 0 0 -12859 3 -7694 0 0 0 0 0 0
34.538 4 GPS_INT 637813700 0 0 0 0 0 -17000 0 0 0 649559744 100000 42000 9999 0 0 1
34.538 4 SVINFO 0 4 16 1 0 -91 0
34.881 4 LINK_REPORT 4 -1 129 0 28493 675 0 339. 9. 12 47.06
34.951 4 LINK_REPORT 4 -1 35 2 13917 342 0 0. 0. 6 29.68
34.994 4 WP_MOVED_ENU 2 7 -1024 2560
35.037 4 GPS_INT 637813700 0 0 0 0 0 -17000 0 0 0 649560768 100000 42500 9999 0 0 1
35.038 4 SVINFO 0 4 16 1 0 -91 0
35.053 4 INS 0 0 0 0 0 0 3 32 -534
35.116 4 ROTORCRAFT_FP 0 0 0 0 0 0 -12859 3 -7696 0 0 0 0 0 0
35.147 4 DL_VALUE 35 0.
35.195 4 IMU_MAG_RAW 0 0 0
35.285 4 SVINFO 0 4 16 1 0 -91 0
35.285 4 LIDAR 6.25 178 1
35.365 4 ROTORCRAFT_FP 0 0 0 0 0 0 -12859 3 -7697 0 0 0 0 0 0
35.882 4 LINK_REPORT 4 -1 130 0 28884 685 0 391. 10. 12 47.06
35.951 4 LINK_REPORT 4 -1 36 3 13917 342 0 0. 0. 7 -4971.07
36.884 4 LINK_REPORT 4 -1 131 1 28884 685 0 0. 0. 13 -4954.19
36.952 4 LINK_REPORT 4 -1 37 4 13917 342 0 0. 0. 7 -4971.07
37.359 4 ENERGY 0 8.221591 0.25 2.055398 0.002935 0.02411
37.360 4 ROTORCRAFT_FP 0 0 0 0 0 0 -12859 4 -7688 0 0 0 0 0 0
37.361 4 INS 0 0 0 0 0 0 19 19 -620
37.361 4 SVINFO 0 4 16 1 0 -91 0
37.361 4 INS 0 0 0 0 0 0 -7 37 -548
37.362 4 GPS_INT 637813700 0 0 0 0 0 -17000 0 0 0 649556928 100000 40500 9999 0 0 1
37.363 4 SVINFO 0 4 16 1 0 -91 0
37.364 4 INS 0 0 0 0 0 0 4 23 -644
37.364 4 UART_ERRORS 0 0 0 3
37.364 4 WP_MOVED_ENU 1 0 0 2560
37.365 4 GPS_INT 637813700 0 0 0 0 0 -17000 0 0 0 649558336 100000 41250 9999 0 0 1
37.366 4 SVINFO 0 4 16 1 0 -91 0
37.366 4 INS 0 0 0 0 0 0 -14 44 -553
37.366 4 ROTORCRAFT_NAV_STATUS 0 0 0. 0. 0 0 0
37.367 4 GPS_INT 637813700 0 0 0 0 0 -17000 0 0 0 649558784 100000 41500 9999 0 0 1
37.367 4 SVINFO 0 4 16 1 0 -91 0
37.368 4 INS 0 0 0 0 0 0 18 18 -567
37.368 4 ENERGY 0 8.221591 0.275 2.260938 0.003127 0.025686
37.369 4 GPS_INT 637813700 0 0 0 0 0 -17000 0 0 0 649560256 100000 42250 9999 0 0 1
37.369 4 SVINFO 0 4 16 1 0 -91 0
37.369 4 INS 0 0 0 0 0 0 20 3 -596
37.370 4 ROVER_STATUS 2 0 0 3 0 43 8.221591
37.370 4 STATE_FILTER_STATUS 6 3 0
37.370 4 PONG 
37.370 4 ROTORCRAFT_FP 0 0 0 0 0 0 -12859 3 -7700 0 0 0 0 0 0
37.370 4 GPS_INT 637813700 0 0 0 0 0 -17000 0 0 0 649563776 100000 44000 9999 0 0 1
37.371 4 SVINFO 0 4 16 1 0 -91 0
37.371 4 ALIVE 115,86,116,25,135,139,191,218,133,132,114,68,46,15,123,213
37.372 4 ROTORCRAFT_NAV_STATUS 0 0 0. 0. 0 0 0
37.372 4 ROTORCRAFT_FP 0 0 0 0 0 0 -12859 3 -7703 0 0 0 0 0 0
37.373 4 DL_VALUE 37 0.
37.778 4 SVINFO 0 4 16 1 0 -91 0
37.794 4 INS 0 0 0 0 0 0 -18 43 -582
37.884 4 LINK_REPORT 4 -1 132 2 28884 685 0 0. 0. 13 -4954.19
37.953 4 LINK_REPORT 4 -1 38 0 15242 375 0 1325. 33. 7 1939.07
38.277 4 SVINFO 0 4 16 1 0 -91 0
38.277 4 LIDAR 6.1 184 1
38.292 4 INS 0 0 0 0 0 0 18 49 -634
38.355 4 ROTORCRAFT_FP 0 0 0 0 0 0 -12859 3 -7706 0 0 0 0 0 0
38.356 4 ROVER_STATUS 2 0 0 3 0 46 8.221591
38.435 4 DL_VALUE 38 1000.
38.525 4 GPS_INT 637813700 0 0 0 0 0 -17000 0 0 0 649567872 100000 46000 9999 0 0 1
38.526 4 SVINFO 0 4 16 1 0 -91 0
38.541 4 INS 0 0 0 0 0 0 -2 35 -601
38.774 4 SVINFO 0 4 16 1 0 -91 0
38.775 4 ROTORCRAFT_NAV_STATUS 0 0 0. 0. 0 0 0
38.775 4 GPS_INT 637813700 0 0 0 0 0 -17000 0 0 0 649561728 100000 43000 9999 0 0 1
38.776 4 SVINFO 0 4 16 1 0 -91 0
38.777 4 GPS_INT 637813700 0 0 0 0 0 -17000 0 0 0 649562240 100000 43250 9999 0 0 1
38.778 4 SVINFO 0 4 16 1 0 -91 0
38.778 4 INS 0 0 0 0 0 0 -6 46 -596
38.779 4 ROTORCRAFT_FP 0 0 0 0 0 0 -12859 3 -7698 0 0 0 0 0 0
38.780 4 GPS_INT 637813700 0 0 0 0 0 -17000 0 0 0 649562816 100000 43500 9999 0 0 1
38.781 4 SVINFO 0 4 16 1 0 -91 0
38.781 4 INS 0 0 0 0 0 0 -26 21 -572
38.782 4 ROTORCRAFT_FP 0 0 0 0 0 0 -12859 3 -7699 0 0 0 0 0 0
38.782 4 IMU_MAG_RAW 0 0 0
38.782 4 DL_VALUE 36 0.
38.783 4 SVINFO 0 4 16 1 0 -91 0
38.783 4 WP_MOVED_ENU 3 -762 -775 2560
38.783 4 UART_ERRORS 0 0 0 1
38.784 4 GPS_INT 637813700 0 0 0 0 0 -17000 0 0 0 649564224 100000 44250 9999 0 0 1
38.784 4 SVINFO 0 4 16 1 0 -91 0
38.784 4 ENERGY 0 8.221591 0.25 2.055398 0.003328 0.027342
38.785 4 GPS_INT 637813700 0 0 0 0 0 -17000 0 0 0 649564800 100000 44500 9999 0 0 1
38.785 4 SVINFO 0 4 16 1 0 -91 0
38.786 4 INS 0 0 0 0 0 0 -6 -15 -610
38.786 4 IMU_MAG_RAW 0 0 0
38.786 4 GPS_INT 637813700 0 0 0 0 0 -17000 0 0 0 649565312 100000 44750 9999 0 0 1
38.786 4 SVINFO 0 4 16 1 0 -91 0
38.787 4 LIDAR 6.23 184 1
38.787 4 INS 0 0 0 0 0 0 -3 59 -582
38.787 4 GPS_INT 637813700 0 0 0 0 0 -17000 0 0 0 649565824 100000 45000 9999 0 0 1
38.788 4 SVINFO 0 4 16 1 0 -91 0
38.788 4 INS 0 0 0 0 0 0 7 41 -587
38.788 4 ROTORCRAFT_FP 0 0 0 0 0 0 -12859 3 -7705 0 0 0 0 0 0
38.789 4 SVINFO 0 4 16 1 0 -91 0
38.885 4 LINK_REPORT 4 -1 133 0 30216 717 0 1332. 32. 13 -4954.19
38.886 4 WP_MOVED_ENU 5 519 -1021 2560
38.953 4 LINK_REPORT 4 -1 39 0 15631 386 0 389. 11. 7 1939.07
39.024 4 SVINFO 0 4 16 1 0 -91 0
39.025 4 ALIVE 115,86,116,25,135,139,191,218,133,132,114,68,46,15,123,213
39.040 4 INS 0 0 0 0 0 0 -31 23 -591
39.231 4 DATALINK_REPORT 3 16 1044 1011 0 0
39.274 4 GPS_INT 637813700 0 0 0 0 0 -17000 0 0 0 649569472 100000 46750 9999 0 0 1
39.274 4 SVINFO 0 4 16 1 0 -91 0
39.275 4 LIDAR 6.1 184 1
39.289 4 INS 0 0 0 0 0 0 32 3 -577
39.353 4 ROTORCRAFT_FP 0 0 0 0 0 0 -12859 3 -7708 0 0 0 0 0 0
39.480 4 ENERGY 0 8.221591 0.275 2.260938 0.003526 0.028969
39.496 4 STATE_FILTER_STATUS 6 3 0
39.525 4 GPS_INT 637813700 0 0 0 0 0 -17000 0 0 0 649570048 100000 47000 9999 0 0 1
39.526 4 SVINFO 0 4 16 1 0 -91 0
39.551 4 INS 0 0 0 0 0 0 42 61 -587
39.551 4 ROVER_STATUS 2 0 0 3 0 47 8.21276
39.552 4 DL_VALUE 39 0.
39.599 4 ROTORCRAFT_FP 0 0 0 0 0 0 -12859 3 -7709 0 0 0 0 0 0
39.679 4 UART_ERRORS 0 0 0 2
39.695 4 UART_ERRORS 0 0 0 3
39.695 4 UART_ERRORS 0 0 3 4
39.695 4 UART_ERRORS 0 0 0 5
39.771 4 GPS_INT 637813700 0 0 0 0 0 -17000 0 0 0 649570624 100000 47250 9999 0 0 1
39.771 4 SVINFO 0 4 16 1 0 -91 0
39.786 4 INS 0 0 0 0 0 0 15 45 -601
39.850 4 ROTORCRAFT_FP 0 0 0 0 0 0 -12860 3 -7709 0 0 0 0 0 0
39.886 4 LINK_REPORT 4 -1 134 0 31165 742 0 949. 25. 13 -4954.19
39.955 4 LINK_REPORT 4 -1 40 0 15631 386 0 0. 0. 7 1939.07
40.021 4 GPS_INT 637813700 0 0 0 0 0 -17000 0 0 0 649571136 100000 47500 9999 0 0 1
40.022 4 SVINFO 0 4 16 1 0 -91 0
40.037 4 INS 0 0 0 0 0 0 8 53 -634
40.100 4 ROTORCRAFT_FP 0 0 0 0 0 0 -12860 3 -7710 0 0 0 0 0 0
40.180 4 WP_MOVED_ENU 6 760 1031 2560
40.180 4 IMU_MAG_RAW 0 0 0
40.270 4 GPS_INT 637813700 0 0 0 0 0 -17000 0 0 0 649571712 100000 47750 9999 0 0 1
40.271 4 SVINFO 0 4 16 1 0 -91 0
40.271 4 LIDAR 5.99 192 1
40.285 4 INS 0 0 0 0 0 0 -5 14 -577
40.301 4 ROTORCRAFT_NAV_STATUS 0 0 0. 0. 0 0 0
40.350 4 ROTORCRAFT_FP 0 0 0 0 0 0 -12860 3 -7711 0 0 0 0 0 0
40.461 4 PONG 
40.520 4 GPS_INT 637813700 0 0 0 0 0 -17000 0 0 0 649572224 100000 48000 9999 0 0 1
40.520 4 SVINFO 0 4 16 1 0 -91 0
40.535 4 INS 0 0 0 0 0 0 5 -2 -572
40.599 4 ROTORCRAFT_FP 0 0 0 0 0 0 -12860 3 -7712 0 0 0 0 0 0
40.631 4 DL_VALUE 40 1000.
40.737 4 ROVER_STATUS 2 0 0 3 0 48 8.221591
40.769 4 GPS_INT 637813700 0 0 0 0 0 -17000 0 0 0 649572800 100000 48250 9999 0 0 1
40.770 4 SVINFO 0 4 16 1 0 -91 0
40.784 4 INS 0 0 0 0 0 0 -41 8 -558
40.849 4 ROTORCRAFT_FP 0 0 0 0 0 0 -12859 3 -7712 0 0 0 0 0 0
40.887 4 LINK_REPORT 4 -1 135 0 32162 765 0 997. 23. 13 4180.79
40.955 4 LINK_REPORT 4 -1 41 1 15631 386 0 0. 0. 8 -3062.05
41.018 4 GPS_INT 637813700 0 0 0 0 0 -17000 0 0 0 649573376 100000 48500 9999 0 0 1
41.019 4 SVINFO 0 4 16 1 0 -91 0
41.129 4 ALIVE 115,86,116,25,135,139,191,218,133,132,114,68,46,15,123,213
41.177 4 IMU_MAG_RAW 0 0 0
41.267 4 GPS_INT 637813700 0 0 0 0 0 -17000 0 0 0 649573888 100000 48750 9999 0 0 1
41.268 4 SVINFO 0 4 16 1 0 -91 0
41.268 4 LIDAR 6.34 192 1
41.283 4 INS 0 0 0 0 0 0 11 10 -601
41.298 4 PONG 
41.347 4 ROTORCRAFT_FP 0 0 0 0 0 0 -12859 3 -7714 0 0 0 0 0 0
41.474 4 WP_MOVED_ENU 7 775 -1018 2560
41.517 4 GPS_INT 637813700 0 0 0 0 0 -17000 0 0 0 649574528 100000 49000 9999 0 0 1
41.518 4 SVINFO 0 4 16 1 0 -91 0
41.532 4 INS 0 0 0 0 0 0 30 21 -587
41.596 4 ROTORCRAFT_FP 0 0 0 0 0 0 -12859 4 -7715 0 0 0 0 0 0
41.723 4 DL_VALUE 41 10.
41.765 4 SVINFO 0 4 16 1 0 -91 0
41.781 4 INS 0 0 0 0 0 0 6 23 -601
41.845 4 ROTORCRAFT_FP 0 0 0 0 0 0 -12859 4 -7715 0 0 0 0 0 0
41.888 4 LINK_REPORT 4 -1 136 0 32947 784 0 785. 19. 14 17.79
41.892 4 ROTORCRAFT_NAV_STATUS 0 0 0. 0. 0 0 0
41.924 4 ROVER_STATUS 2 0 0 3 0 49 8.221591
41.956 4 LINK_REPORT 4 -1 42 2 15631 386 0 0. 0. 8 -3062.05
41.972 4 ENERGY 0 8.221591 0.325 2.672017 0.003721 0.030567
42.015 4 GPS_INT 637813700 0 0 0 0 0 -17000 0 0 0 649575616 100000 49500 9999 0 0 1
42.015 4 SVINFO 0 4 16 1 0 -91 0
42.030 4 INS 0 0 0 0 0 0 -5 26 -544
42.094 4 ROTORCRAFT_FP 0 0 0 0 0 0 -12859 4 -7716 0 0 0 0 0 0
42.174 4 IMU_MAG_RAW 0 0 0
42.264 4 GPS_INT 637813700 0 0 0 0 0 -17000 0 0 0 649576192 100000 49750 9999 0 0 1
42.265 4 SVINFO 0 4 16 1 0 -91 0
42.265 4 LIDAR 6.28 192 1
42.280 4 INS 0 0 0 0 0 0 -17 15 -606
42.344 4 ROTORCRAFT_FP 0 0 0 0 0 0 -12859 3 -7717 0 0 0 0 0 0
42.514 4 GPS_INT 637813700 0 0 0 0 0 -17000 0 0 0 649576832 100000 50000 9999 0 0 1
42.514 4 SVINFO 0 4 16 1 0 -91 0
42.688 4 STATE_FILTER_STATUS 6 3 0
42.763 4 GPS_INT 637813700 0 0 0 0 0 -17000 0 0 0 649577344 100000 50250 9999 0 0 1
42.764 4 SVINFO 0 4 16 1 0 -91 0
42.764 4 WP_MOVED_ENU 8 -760 -1031 2560
42.791 4 INS 0 0 0 0 0 0 25 21 -567
42.792 4 UART_ERRORS 0 0 0 6
42.889 4 LINK_REPORT 4 -1 137 0 33702 803 0 755. 19. 14 17.79
42.957 4 LINK_REPORT 4 -1 43 0 15722 388 0 91. 2. 8 -3062.05
43.011 4 SVINFO 0 4 16 1 0 -91 0
43.889 4 LINK_REPORT 4 -1 138 0 33702 803 0 0. 0. 14 17.79
43.958 4 LINK_REPORT 4 -1 44 0 15743 389 0 21. 1. 8 -3062.05
44.507 4 SVINFO 0 4 16 1 0 -91 0
44.755 4 SVINFO 0 4 16 1 0 -91 0
44.772 4 INS 0 0 0 0 0 0 27 3 -582
44.890 4 LINK_REPORT 4 -1 139 1 33702 803 0 0. 0. 14 17.79
44.959 4 LINK_REPORT 4 -1 45 0 15834 392 0 91. 3. 8 -3062.05
45.005 4 SVINFO 0 4 16 1 0 -91 0
45.021 4 INS 0 0 0 0 0 0 -5 9 -563
45.022 4 DL_VALUE 44 1.
45.085 4 ROTORCRAFT_NAV_STATUS 0 0 0. 0. 0 0 0
45.165 4 IMU_MAG_RAW 0 0 0
45.255 4 GPS_INT 637813700 0 0 0 0 0 -17000 0 0 0 649583296 100000 52750 9999 0 0 1
45.256 4 SVINFO 0 4 16 1 0 -91 0
45.256 4 LIDAR 6.3 200 1
45.271 4 INS 0 0 0 0 0 0 -7 19 -620
45.319 4 ALIVE 115,86,116,25,135,139,191,218,133,132,114,68,46,15,123,213
45.336 4 ROTORCRAFT_FP 0 0 0 0 0 0 -12859 3 -7726 0 0 0 0 0 0
45.366 4 WP_MOVED_ENU 10 10160 10329 2560
45.462 4 PONG 
45.752 4 SVINFO 0 4 16 1 0 -91 0
45.769 4 INS 0 0 0 0 0 0 -6 5 -596
45.833 4 ROTORCRAFT_FP 0 0 0 0 0 0 -12859 2 -7728 0 0 0 0 0 0
45.880 4 UART_ERRORS 0 0 3 4
45.881 4 STATE_FILTER_STATUS 6 3 0
45.890 4 LINK_REPORT 4 -1 140 2 33702 803 0 0. 0. 14 17.79
45.960 4 LINK_REPORT 4 -1 46 0 16452 410 0 618. 18. 9 29.9
46.003 4 GPS_INT 637813700 0 0 0 0 0 -17000 0 0 0 649585152 100000 53500 9999 0 0 1
46.003 4 SVINFO 0 4 16 1 0 -91 0
46.018 4 INS 0 0 0 0 0 0 -11 6 -591
46.083 4 ROTORCRAFT_FP 0 0 0 0 0 0 -12859 3 -7729 0 0 0 0 0 0
46.114 4 DL_VALUE 45 0.
46.330 4 ROTORCRAFT_FP 0 0 0 0 0 0 -12859 2 -7731 0 0 0 0 0 0
46.331 4 PONG 
46.501 4 GPS_INT 637813700 0 0 0 0 0 -17000 0 0 0 649586432 100000 54000 9999 0 0 1
46.502 4 SVINFO 0 4 16 1 0 -91 0
46.517 4 INS 0 0 0 0 0 0 -124 143 -548
46.581 4 ROTORCRAFT_FP 0 0 0 0 0 0 -12856 7 -7734 0 0 0 0 0 0
46.660 4 WP_MOVED_ENU 11 10329 -10160 2560
46.708 4 ROVER_STATUS 2 0 0 3 0 54 8.21276
46.749 4 DL_VALUE 42 100.
46.750 4 ROTORCRAFT_FP 0 0 0 0 0 0 -12859 3 -7719 0 0 0 0 0 0
46.751 4 ROVER_STATUS 2 0 0 3 0 51 8.221591
46.751 4 IMU_MAG_RAW 0 0 0
46.752 4 ALIVE 115,86,116,25,135,139,191,218,133,132,114,68,46,15,123,213
46.753 4 GPS_INT 637813700 0 0 0 0 0 -17000 0 0 0 649578560 100000 50750 9999 0 0 1
46.753 4 SVINFO 0 4 16 1 0 -91 0
46.754 4 LIDAR 6.33 192 1
46.754 4 INS 0 0 0 0 0 0 -28 44 -582
46.755 4 INS_REF 485065295 -31589301 411664541 404506309 -37260580 702390 650000 0.
46.756 4 GPS_INT 637813700 0 0 0 0 0 -17000 0 0 0 649579072 100000 51000 9999 0 0 1
46.756 4 SVINFO 0 4 16 1 0 -91 0
46.757 4 INS 0 0 0 0 0 0 0 24 -601
46.757 4 ROTORCRAFT_FP 0 0 0 0 0 0 -12859 3 -7721 0 0 0 0 0 0
46.758 4 GPS_INT 637813700 0 0 0 0 0 -17000 0 0 0 649579712 100000 51250 9999 0 0 1
46.758 4 SVINFO 0 4 16 1 0 -91 0
46.759 4 INS 0 0 0 0 0 0 2 28 -591
46.759 4 ROTORCRAFT_FP 0 0 0 0 0 0 -12859 3 -7721 0 0 0 0 0 0
46.760 4 DL_VALUE 43 1.
46.760 4 SVINFO 0 4 16 1 0 -91 0
46.761 4 INS 0 0 0 0 0 0 28 4 -587
46.761 4 SVINFO 0 4 16 1 0 -91 0
46.761 4 LIDAR 6.32 200 1
46.761 4 INS 0 0 0 0 0 0 12 14 -610
46.762 4 ROVER_STATUS 2 0 0 3 0 52 8.221591
46.762 4 SVINFO 0 4 16 1 0 -91 0
46.762 4 INS 0 0 0 0 0 0 -3 34 -553
46.762 4 ROVER_STATUS 2 0 0 3 0 53 8.221591
46.762 4 UART_ERRORS 0 0 0 1
46.763 4 UART_ERRORS 0 0 0 2
46.763 4 SVINFO 0 4 16 1 0 -91 0
46.763 4 LIDAR 6.29 200 1
46.763 4 ROTORCRAFT_NAV_STATUS 0 0 0. 0. 0 0 0
46.764 4 GPS_INT 637813700 0 0 0 0 0 -17000 0 0 0 649587008 100000 54250 9999 0 0 1
46.891 4 LINK_REPORT 4 -1 141 0 34969 837 0 1267. 34. 15 -4983.19
46.957 4 ENERGY 0 8.221591 0.3 2.466477 0.004101 0.033695
46.961 4 LINK_REPORT 4 -1 47 0 17060 424 0 608. 14. 9 898.41
46.999 4 GPS_INT 637813700 0 0 0 0 0 -17000 0 0 0 649587648 100000 54500 9999 0 0 1
47.000 4 SVINFO 0 4 16 1 0 -91 0
47.014 4 INS 0 0 0 0 0 0 43 892 -407
47.079 4 ROTORCRAFT_FP 0 0 0 0 0 0 -12857 1 -7742 0 0 0 0 0 0
47.158 4 IMU_MAG_RAW 0 0 0
47.206 4 DL_VALUE 46 0.
47.248 4 GPS_INT 637813700 0 0 0 0 0 -17000 0 0 0 649588288 100000 54750 9999 0 0 1
47.249 4 SVINFO 0 4 16 1 0 -91 0
47.249 4 LIDAR 6.43 200 1
47.264 4 INS 0 0 0 0 0 0 181 -152 -706
47.328 4 ROTORCRAFT_FP 0 0 0 0 0 0 -12862 -1 -7732 0 0 0 0 0 0
47.408 4 ALIVE 115,86,116,25,135,139,191,218,133,132,114,68,46,15,123,213
47.498 4 GPS_INT 637813700 0 0 0 0 0 -17000 0 0 0 649588928 100000 55000 9999 0 0 1
47.498 4 SVINFO 0 4 16 1 0 -91 0
47.513 4 INS 0 0 0 0 0 0 -158 -15 -577
47.747 4 SVINFO 0 4 16 1 0 -91 0
47.763 4 INS 0 0 0 0 0 0 27 -32 -682
47.892 4 LINK_REPORT 4 -1 142 0 35088 840 0 119. 3. 15 -4983.19
47.954 4 WP_MOVED_ENU 12 -10160 -10329 2560
47.961 4 LINK_REPORT 4 -1 48 0 17665 438 0 605. 14. 9 898.41
47.997 4 GPS_INT 637813700 0 0 0 0 0 -17000 0 0 0 649590208 100000 55500 9999 0 0 1
47.998 4 SVINFO 0 4 16 1 0 -91 0
48.013 4 INS 0 0 0 0 0 0 69 20 -558
48.076 4 ROTORCRAFT_FP 0 0 0 0 0 0 -12867 1 -7737 0 0 0 0 0 0
48.155 4 IMU_MAG_RAW 0 0 0
48.245 4 SVINFO 0 4 16 1 0 -91 0
48.245 4 LIDAR 0.12 200 1
48.261 4 INS 0 0 0 0 0 0 0 22 -658
48.276 4 ROTORCRAFT_NAV_STATUS 0 0 0. 0. 0 0 0
48.325 4 DL_VALUE 47 65405.
48.373 4 INS_REF 485065295 -31589301 411664541 404506309 -37260580 702390 650000 0.
48.495 4 GPS_INT 637813700 0 0 0 0 0 -17000 0 0 0 649591488 100000 56000 9999 0 0 1
48.496 4 SVINFO 0 4 16 1 0 -91 0
48.510 4 INS 0 0 0 0 0 0 8 -16 -668
48.748 4 GPS_INT 637813700 0 0 0 0 0 -17000 0 0 0 649592128 100000 56250 9999 0 0 1
48.749 4 SVINFO 0 4 16 1 0 -91 0
48.892 4 LINK_REPORT 4 -1 143 0 35254 844 0 166. 4. 15 -4983.19
48.962 4 LINK_REPORT 4 -1 49 0 18172 451 0 507. 13. 9 898.41
48.993 4 SVINFO 0 4 16 1 0 -91 0
49.009 4 INS 0 0 0 0 0 0 -46 8 -606
49.072 4 STATE_FILTER_STATUS 6 3 0
49.104 4 ROVER_STATUS 2 0 0 3 0 57 8.221591
49.152 4 IMU_MAG_RAW 0 0 0
49.257 4 SVINFO 0 4 16 1 0 -91 0
49.257 4 WP_MOVED_ENU 13 -10329 10160 2560
49.257 4 LIDAR 0.11 200 1
49.401 4 DL_VALUE 48 0.
49.893 4 LINK_REPORT 4 -1 144 0 35295 846 0 41. 2. 15 -4983.19
49.963 4 LINK_REPORT 4 -1 50 0 18351 458 0 179. 7. 9 898.41
49.989 4 SVINFO 0 4 16 1 0 -91 0
50.006 4 INS 0 0 0 0 0 0 8 25 -582
50.239 4 GPS_INT 637813700 0 0 0 0 0 -17000 0 0 0 649596096 100000 57750 9999 0 0 1
50.240 4 SVINFO 0 4 16 1 0 -91 0
50.241 4 LIDAR 6.43 200 1
50.255 4 INS 0 0 0 0 0 0 -33 44 -563
50.488 4 SVINFO 0 4 16 1 0 -91 0
50.505 4 INS 0 0 0 0 0 0 22 -1 -601
50.505 4 DL_VALUE 49 0.
50.536 4 WP_MOVED_ENU 0 0 0 2560
50.738 4 SVINFO 0 4 16 1 0 -91 0
50.754 4 INS 0 0 0 0 0 0 14 33 -620
50.895 4 LINK_REPORT 4 -1 145 1 35295 846 0 0. 0. 15 -4983.19
50.964 4 LINK_REPORT 4 -1 51 0 18764 470 0 413. 12. 10 -4102.5
51.895 4 LINK_REPORT 4 -1 146 2 35295 846 0 0. 0. 16 -9984.17
51.942 4 ENERGY 0 8.221591 0.25 2.055398 0.004454 0.036595
51.965 4 LINK_REPORT 4 -1 52 0 18798 471 0 34. 1. 10 -4102.5
52.232 4 SVINFO 0 4 16 1 0 -91 0
52.233 4 DATALINK_REPORT 3 20 1293 1034 0 0
52.233 4 LIDAR 6.42 208 1
52.233 4 ENERGY 0 8.221591 0.25 2.055398 0.00427 0.035082
52.234 4 GPS_INT 637813700 0 0 0 0 0 -17000 0 0 0 649594048 100000 57000 9999 0 0 1
52.235 4 SVINFO 0 4 16 1 0 -91 0
52.236 4 ALIVE 115,86,116,25,135,139,191,218,133,132,114,68,46,15,123,213
52.237 4 INS 0 0 0 0 0 0 -64 14 -606
52.238 4 SVINFO 0 4 16 1 0 -91 0
52.239 4 INS 0 0 0 0 0 0 1 17 -567
52.240 4 ROTORCRAFT_FP 0 0 0 0 0 0 -12865 1 -7742 0 0 0 0 0 0
52.241 4 ROTORCRAFT_NAV_STATUS 0 0 0. 0. 0 0 0
52.241 4 ROTORCRAFT_FP 0 0 0 0 0 0 -12860 1 -7745 0 0 0 0 0 0
52.242 4 ROVER_STATUS 2 0 0 3 0 58 8.221591
52.242 4 PONG 
52.249 4 SVINFO 0 4 16 1 0 -91 0
52.249 4 IMU_MAG_RAW 0 0 0
52.249 4 GPS_INT 637813700 0 0 0 0 0 -17000 0 0 0 649598720 100000 58750 9999 0 0 1
52.250 4 SVINFO 0 4 16 1 0 -91 0
52.250 4 LIDAR 6.42 208 1
52.250 4 INS 0 0 0 0 0 0 -12 31 -577
52.250 4 ROTORCRAFT_FP 0 0 0 0 0 0 -12859 0 -7749 0 0 0 0 0 0
52.251 4 PONG 
52.251 4 GPS_INT 637813700 0 0 0 0 0 -17000 0 0 0 649599424 100000 59000 9999 0 0 1
52.251 4 SVINFO 0 4 16 1 0 -91 0
52.252 4 INS 0 0 0 0 0 0 -4 12 -558
52.252 4 ROVER_STATUS 2 0 0 3 0 59 8.221591
52.252 4 ROTORCRAFT_FP 0 0 0 0 0 0 -12859 0 -7750 0 0 0 0 0 0
52.253 4 ALIVE 115,86,116,25,135,139,191,218,133,132,114,68,46,15,123,213
52.253 4 DL_VALUE 50 0.
52.253 4 GPS_INT 637813700 0 0 0 0 0 -17000 0 0 0 649600128 100000 59250 9999 0 0 1
52.254 4 SVINFO 0 4 16 1 0 -91 0
52.254 4 INS 0 0 0 0 0 0 -34 -2 -601
52.254 4 ROTORCRAFT_FP 0 0 0 0 0 0 -12859 0 -7750 0 0 0 0 0 0
52.255 4 WP_MOVED_ENU 1 0 0 2560
52.255 4 GPS_INT 637813700 0 0 0 0 0 -17000 0 0 0 649600768 100000 59500 9999 0 0 1
52.255 4 SVINFO 0 4 16 1 0 -91 0
52.255 4 UART_ERRORS 0 0 0 1
52.256 4 UART_ERRORS 0 0 0 2
52.256 4 UART_ERRORS 0 0 0 3
52.256 4 IMU_MAG_RAW 0 0 0
52.483 4 GPS_INT 637813700 0 0 0 0 0 -17000 0 0 0 649602176 100000 60000 9999 0 0 1
52.484 4 SVINFO 0 4 16 1 0 -91 0
52.498 4 INS 0 0 0 0 0 0 -5 8 -548
52.706 4 DL_VALUE 51 0.
52.732 4 SVINFO 0 4 16 1 0 -91 0
52.896 4 LINK_REPORT 4 -1 147 0 36946 889 0 1651. 43. 16 963.
52.966 4 LINK_REPORT 4 -1 53 0 18856 474 0 58. 3. 10 -4102.5
52.981 4 SVINFO 0 4 16 1 0 -91 0
52.997 4 INS 0 0 0 0 0 0 5 -10 -591
53.060 4 ROTORCRAFT_NAV_STATUS 0 0 0. 0. 0 0 0
53.140 4 WP_MOVED_ENU 2 7 -1024 2560
53.141 4 IMU_MAG_RAW 0 0 0
53.230 4 GPS_INT 637813700 0 0 0 0 0 -17000 0 0 0 649604288 100000 60750 9999 0 0 1
53.231 4 SVINFO 0 4 16 1 0 -91 0
53.231 4 LIDAR 6.42 208 1
53.250 4 INS 0 0 0 0 0 0 11 11 -534
53.310 4 ROTORCRAFT_FP 0 0 0 0 0 0 -12859 0 -7755 0 0 0 0 0 0
53.686 4 ALIVE 115,86,116,25,135,139,191,218,133,132,114,68,46,15,123,213
53.897 4 LINK_REPORT 4 -1 148 0 37096 893 0 150. 4. 16 963.
53.966 4 LINK_REPORT 4 -1 54 0 19115 481 0 259. 7. 10 -4102.5
54.227 4 SVINFO 0 4 16 1 0 -91 0
54.227 4 LIDAR 6.43 208 1
54.306 4 ROTORCRAFT_FP 0 0 0 0 0 0 -12859 0 -7758 0 0 0 0 0 0
54.434 4 ENERGY 0 8.221591 0.275 2.260938 0.004644 0.038153
54.435 4 WP_MOVED_ENU 3 -762 -775 2560
54.476 4 SVINFO 0 4 16 1 0 -91 0
54.476 4 DATALINK_REPORT 3 22 1416 1044 0 0
54.492 4 INS 0 0 0 0 0 0 5 37 -582
54.556 4 ROTORCRAFT_FP 0 0 0 0 0 0 -12859 0 -7759 0 0 0 0 0 0
54.898 4 LINK_REPORT 4 -1 149 1 37096 893 0 0. 0. 16 963.
54.967 4 LINK_REPORT 4 -1 55 0 19451 490 0 336. 9. 10 -4102.5
55.900 4 LINK_REPORT 4 -1 150 2 37096 893 0 0. 0. 16 963.
55.969 4 LINK_REPORT 4 -1 56 1 19451 490 0 0. 0. 11 -9103.6
56.534 4 SVINFO 0 4 16 1 0 -91 0
56.535 4 GPS_INT 637813700 0 0 0 0 0 -17000 0 0 0 649605696 100000 61250 9999 0 0 1
56.536 4 SVINFO 0 4 16 1 0 -91 0
56.536 4 INS 0 0 0 0 0 0 -6 21 -615
56.537 4 DL_VALUE 52 0.
56.537 4 ROVER_STATUS 2 0 0 3 0 61 8.21276
56.538 4 GPS_INT 637813700 0 0 0 0 0 -17000 0 0 0 649606400 100000 61500 9999 0 0 1
56.539 4 SVINFO 0 4 16 1 0 -91 0
56.539 4 IMU_MAG_RAW 0 0 0
56.540 4 SVINFO 0 4 16 1 0 -91 0
56.540 4 DL_VALUE 53 38400.
56.540 4 SVINFO 0 4 16 1 0 -91 0
56.541 4 INS 0 0 0 0 0 0 8 -1 -520
56.542 4 ROTORCRAFT_FP 0 0 0 0 0 0 -12859 0 -7761 0 0 0 0 0 0
56.542 4 ROVER_STATUS 2 0 0 3 0 63 8.221591
56.543 4 IMU_MAG_RAW 0 0 0
56.543 4 UART_ERRORS 0 0 3 4
56.543 4 UART_ERRORS 0 0 0 5
56.543 4 UART_ERRORS 0 0 0 6
56.544 4 GPS_INT 637813700 0 0 0 0 0 -17000 0 0 0 649609984 100000 62750 9999 0 0 1
56.544 4 SVINFO 0 4 16 1 0 -91 0
56.545 4 LIDAR 6.41 210 1
56.545 4 INS 0 0 0 0 0 0 44 33 -625
56.545 4 SVINFO 0 4 16 1 0 -91 0
56.545 4 PONG 
56.546 4 INS 0 0 0 0 0 0 8 19 -515
56.546 4 ROTORCRAFT_FP 0 0 0 0 0 0 -12859 -1 -7763 0 0 0 0 0 0
56.547 4 SVINFO 0 4 16 1 0 -91 0
56.547 4 WP_MOVED_ENU 4 -504 -1029 2560
56.547 4 SVINFO 0 4 16 1 0 -91 0
56.547 4 INS 0 0 0 0 0 0 -16 13 -630
56.547 4 DL_VALUE 54 38400.
56.547 4 SVINFO 0 4 16 1 0 -91 0
56.548 4 LIDAR 6.42 216 1
56.548 4 INS 0 0 0 0 0 0 -29 -18 -639
56.720 4 SVINFO 0 4 16 1 0 -91 0
56.735 4 INS 0 0 0 0 0 0 -25 25 -577
56.798 4 ROTORCRAFT_FP 0 0 0 0 0 0 -12859 -1 -7768 0 0 0 0 0 0
56.901 4 LINK_REPORT 4 -1 151 0 38382 931 0 1286. 38. 17 262.43
56.926 4 ENERGY 0 8.221591 0.325 2.672017 0.004837 0.039745
56.969 4 LINK_REPORT 4 -1 57 2 19451 490 0 0. 0. 11 -9103.6
57.234 4 INS 0 0 0 0 0 0 -10 9 -587
57.298 4 ROTORCRAFT_FP 0 0 0 0 0 0 -12859 -1 -7769 0 0 0 0 0 0
57.467 4 SVINFO 0 4 16 1 0 -91 0
57.493 4 INS 0 0 0 0 0 0 -47 7 -630
57.494 4 ROVER_STATUS 2 0 0 3 0 65 8.221591
57.901 4 LINK_REPORT 4 -1 152 0 38630 937 0 248. 6. 17 262.43
57.969 4 LINK_REPORT 4 -1 58 3 19451 490 0 0. 0. 11 -9103.6
58.322 4 WP_MOVED_ENU 6 760 1031 2560
58.713 4 GPS_INT 637813700 0 0 0 0 0 -17000 0 0 0 649620416 100000 66250 9999 0 0 1
58.714 4 SVINFO 0 4 16 1 0 -91 0
58.729 4 INS 0 0 0 0 0 0 13 -1 -606
58.793 4 ROTORCRAFT_FP 0 0 0 0 0 0 -12859 -2 -7775 0 0 0 0 0 0
58.903 4 LINK_REPORT 4 -1 153 0 38867 942 0 237. 5. 17 262.43
58.962 4 GPS_INT 637813700 0 0 0 0 0 -17000 0 0 0 649621120 100000 66500 9999 0 0 1
58.963 4 SVINFO 0 4 16 1 0 -91 0
58.970 4 LINK_REPORT 4 -1 59 4 19451 490 0 0. 0. 11 -9103.6
59.121 4 IMU_MAG_RAW 0 0 0
59.212 4 SVINFO 0 4 16 1 0 -91 0
59.212 4 ROTORCRAFT_FP 0 0 0 0 0 0 -12859 0 -7764 0 0 0 0 0 0
59.213 4 LIDAR 6.41 216 1
59.214 4 ROTORCRAFT_FP 0 0 0 0 0 0 -12859 0 -7765 0 0 0 0 0 0
59.215 4 ROTORCRAFT_FP 0 0 0 0 0 0 -12859 0 -7766 0 0 0 0 0 0
59.216 4 ROVER_STATUS 2 0 0 3 0 64 8.21276
59.216 4 PONG 
59.217 4 GPS_INT 637813700 0 0 0 0 0 -17000 0 0 0 649613568 100000 64000 9999 0 0 1
59.218 4 SVINFO 0 4 16 1 0 -91 0
59.218 4 INS 0 0 0 0 0 0 32 -14 -639
59.219 4 SVINFO 0 4 16 1 0 -91 0
59.219 4 INS 0 0 0 0 0 0 1 -4 -639
59.220 4 ROTORCRAFT_FP 0 0 0 0 0 0 -12859 -1 -7768 0 0 0 0 0 0
59.221 4 DL_VALUE 0 0.
59.221 4 GPS_INT 637813700 0 0 0 0 0 -17000 0 0 0 649615872 100000 64750 9999 0 0 1
59.222 4 SVINFO 0 4 16 1 0 -91 0
59.222 4 LIDAR 6.44 216 1
59.223 4 GPS_INT 637813700 0 0 0 0 0 -17000 0 0 0 649617344 100000 65250 9999 0 0 1
59.223 4 SVINFO 0 4 16 1 0 -91 0
59.224 4 INS 0 0 0 0 0 0 24 2 -610
59.225 4 ROTORCRAFT_FP 0 0 0 0 0 0 -12859 -1 -7771 0 0 0 0 0 0
59.225 4 ROTORCRAFT_NAV_STATUS 0 0 0. 0. 0 0 0
59.226 4 GPS_INT 637813700 0 0 0 0 0 -17000 0 0 0 649618176 100000 65500 9999 0 0 1
59.226 4 SVINFO 0 4 16 1 0 -91 0
59.226 4 INS 0 0 0 0 0 0 -12 20 -544
59.226 4 DL_VALUE 1 5.
59.227 4 INS 0 0 0 0 0 0 -10 26 -572
59.227 4 GPS_INT 637813700 0 0 0 0 0 -17000 0 0 0 649618880 100000 65750 9999 0 0 1
59.228 4 SVINFO 0 4 16 1 0 -91 0
59.228 4 LIDAR 6.41 216 1
59.228 4 INS 0 0 0 0 0 0 26 -18 -639
59.228 4 UART_ERRORS 0 0 0 1
59.229 4 UART_ERRORS 0 0 0 2
59.229 4 GPS_INT 637813700 0 0 0 0 0 -17000 0 0 0 649619648 100000 66000 9999 0 0 1
59.229 4 SVINFO 0 4 16 1 0 -91 0
59.435 4 ROTORCRAFT_NAV_STATUS 0 0 0. 0. 0 0 0
59.466 4 GPS_INT 637813700 0 0 0 0 0 -17000 0 0 0 649622720 100000 67000 9999 0 0 1
59.467 4 SVINFO 0 4 16 1 0 -91 0
59.481 4 INS 0 0 0 0 0 0 26 -32 -610
59.541 4 ROTORCRAFT_FP 0 0 0 0 0 0 -12859 -2 -7777 0 0 0 0 0 0
59.542 4 DATALINK_REPORT 3 24 1539 1039 0 0
59.621 4 WP_MOVED_ENU 7 775 -1018 2560
59.711 4 SVINFO 0 4 16 1 0 -91 0
59.727 4 INS 0 0 0 0 0 0 -21 -11 -606
59.790 4 ROTORCRAFT_FP 0 0 0 0 0 0 -12859 -2 -7778 0 0 0 0 0 0
59.904 4 LINK_REPORT 4 -1 154 0 39502 958 0 635. 16. 17 262.43
59.971 4 LINK_REPORT 4 -1 60 0 20797 522 0 1346. 32. 11 3781.85
60.288 4 ROTORCRAFT_FP 0 0 0 0 0 0 -12859 -2 -7780 0 0 0 0 0 0
60.473 4 PONG 
60.905 4 LINK_REPORT 4 -1 155 0 39586 960 0 84. 2. 17 4190.12
60.956 4 GPS_INT 637813700 0 0 0 0 0 -17000 0 0 0 649627392 100000 68500 9999 0 0 1
60.957 4 SVINFO 0 4 16 1 0 -91 0
60.972 4 LINK_REPORT 4 -1 61 1 20797 522 0 0. 0. 12 -1218.97
60.972 4 INS 0 0 0 0 0 0 -11 25 -553
61.222 4 INS 0 0 0 0 0 0 2 15 -634
61.285 4 ROTORCRAFT_FP 0 0 0 0 0 0 -12859 -3 -7784 0 0 0 0 0 0
61.300 4 PONG 
61.906 4 LINK_REPORT 4 -1 156 0 39859 966 0 273. 6. 18 17.08
61.972 4 LINK_REPORT 4 -1 62 2 20797 522 0 0. 0. 12 -1218.97
62.515 4 INS_REF 485065295 -31589301 411664541 404506309 -37260580 702390 650000 0.
62.517 4 ROTORCRAFT_FP 0 0 0 0 0 0 -12859 -1 -7774 0 0 0 0 0 0
62.517 4 STATE_FILTER_STATUS 6 3 0
62.518 4 ROVER_STATUS 2 0 0 3 0 66 8.221591
62.518 4 DL_VALUE 2 5.
62.519 4 ENERGY 0 8.21276 0.275 2.258509 0.005035 0.041371
62.519 4 SVINFO 0 4 16 1 0 -91 0
62.520 4 ALIVE 115,86,116,25,135,139,191,218,133,132,114,68,46,15,123,213
62.521 4 INS 0 0 0 0 0 0 -29 -2 -601
62.522 4 ROTORCRAFT_FP 0 0 0 0 0 0 -12859 -2 -7779 0 0 0 0 0 0
62.523 4 SVINFO 0 4 16 1 0 -91 0
62.523 4 LIDAR 6.43 218 1
62.523 4 DL_VALUE 3 0.
62.524 4 GPS_INT 637813700 0 0 0 0 0 -17000 0 0 0 649625856 100000 68000 9999 0 0 1
62.524 4 SVINFO 0 4 16 1 0 -91 0
62.525 4 SVINFO 0 4 16 1 0 -91 0
62.525 4 INS 0 0 0 0 0 0 -16 7 -601
62.526 4 ROTORCRAFT_FP 0 0 0 0 0 0 -12859 -2 -7783 0 0 0 0 0 0
62.527 4 ROTORCRAFT_NAV_STATUS 0 0 0. 0. 0 0 0
62.527 4 ROVER_STATUS 2 0 0 3 0 69 8.21276
62.527 4 IMU_MAG_RAW 0 0 0
62.528 4 GPS_INT 637813700 0 0 0 0 0 -17000 0 0 0 649628224 100000 68750 9999 0 0 1
62.529 4 SVINFO 0 4 16 1 0 -91 0
62.529 4 LIDAR 6.41 224 1
62.529 4 UART_ERRORS 0 0 0 3
62.529 4 UART_ERRORS 0 0 3 4
62.529 4 UART_ERRORS 0 0 0 5
62.530 4 UART_ERRORS 0 0 0 6
62.530 4 SVINFO 0 4 16 1 0 -91 0
62.530 4 INS 0 0 0 0 0 0 20 39 -553
62.531 4 DL_VALUE 4 1.
62.531 4 ROTORCRAFT_FP 0 0 0 0 0 0 -12860 -3 -7786 0 0 0 0 0 0
62.532 4 GPS_INT 637813700 0 0 0 0 0 -17000 0 0 0 649630528 100000 69500 9999 0 0 1
62.532 4 SVINFO 0 4 16 1 0 -91 0
62.532 4 INS 0 0 0 0 0 0 8 6 -596
62.533 4 ROTORCRAFT_FP 0 0 0 0 0 0 -12860 -3 -7787 0 0 0 0 0 0
62.701 4 SVINFO 0 4 16 1 0 -91 0
62.717 4 INS 0 0 0 0 0 0 24 1 -591
62.907 4 LINK_REPORT 4 -1 157 1 39859 966 0 0. 0. 18 17.08
62.973 4 LINK_REPORT 4 -1 63 0 22174 560 0 1377. 38. 12 -1218.97
63.029 4 ROTORCRAFT_FP 0 0 0 0 0 0 -12860 -4 -7791 0 0 0 0 0 0
63.109 4 IMU_MAG_RAW 0 0 0
63.200 4 GPS_INT 637813700 0 0 0 0 0 -17000 0 0 0 649634624 100000 70750 9999 0 0 1
63.201 4 SVINFO 0 4 16 1 0 -91 0
63.202 4 LIDAR 6.41 224 1
63.216 4 INS 0 0 0 0 0 0 -5 -14 -534
63.279 4 ROTORCRAFT_FP 0 0 0 0 0 0 -12860 -4 -7791 0 0 0 0 0 0
63.596 4 INS_REF 485065295 -31589301 411664541 404506309 -37260580 702390 650000 0.
63.702 4 SVINFO 0 4 16 1 0 -91 0
63.908 4 LINK_REPORT 4 -1 158 2 39859 966 0 0. 0. 18 17.08
63.974 4 LINK_REPORT 4 -1 64 0 22566 569 0 392. 9. 12 -1218.97
64.027 4 ROTORCRAFT_FP 0 0 0 0 0 0 -12861 -4 -7794 0 0 0 0 0 0
64.106 4 IMU_MAG_RAW 0 0 0
64.196 4 GPS_INT 637813700 0 0 0 0 0 -17000 0 0 0 649637952 100000 71750 9999 0 0 1
64.197 4 SVINFO 0 4 16 1 0 -91 0
64.197 4 LIDAR 6.43 224 1
64.212 4 INS 0 0 0 0 0 0 4 -28 -634
64.227 4 ROTORCRAFT_NAV_STATUS 0 0 0. 0. 0 0 0
64.403 4 ENERGY 0 8.21276 0.25 2.05319 0.005421 0.044538
64.404 4 UART_ERRORS 0 0 0 1
64.695 4 SVINFO 0 4 16 1 0 -91 0
64.711 4 INS 0 0 0 0 0 0 -19 11 -582
64.774 4 ROTORCRAFT_FP 0 0 0 0 0 0 -12860 -3 -7797 0 0 0 0 0 0
64.774 4 DL_VALUE 7 1.
64.909 4 LINK_REPORT 4 -1 159 3 39859 966 0 0. 0. 18 17.08
64.944 4 SVINFO 0 4 16 1 0 -91 0
64.974 4 LINK_REPORT 4 -1 65 0 23083 583 0 517. 14. 12 -1218.97
65.453 4 SVINFO 0 4 16 1 0 -91 0
65.454 4 I2C_ERRORS 0 0 13908 0 0 0 0 0 0 0 0 2
65.454 4 INS 0 0 0 0 0 0 18 -28 -587
65.455 4 INS 0 0 0 0 0 0 7 -13 -587
65.455 4 STATE_FILTER_STATUS 6 3 0
65.456 4 ENERGY 0 8.221591 0.25 2.055398 0.005229 0.042964
65.457 4 GPS_INT 637813700 0 0 0 0 0 -17000 0 0 0 649631424 100000 69750 9999 0 0 1
65.458 4 SVINFO 0 4 16 1 0 -91 0
65.458 4 WP_MOVED_ENU 9 -775 1018 2560
65.458 4 LIDAR 6.4 224 4
65.459 4 INS 0 0 0 0 0 0 -3 10 -553
65.459 4 ROVER_STATUS 2 0 0 3 0 70 8.21276
65.460 4 GPS_INT 637813700 0 0 0 0 0 -17000 0 0 0 649632192 100000 70000 9999 0 0 1
65.460 4 SVINFO 0 4 16 1 0 -91 0
65.461 4 INS 0 0 0 0 0 0 -16 -1 -587
65.461 4 DL_VALUE 5 1.
65.461 4 ROTORCRAFT_NAV_STATUS 0 0 0. 0. 0 0 0
65.462 4 GPS_INT 637813700 0 0 0 0 0 -17000 0 0 0 649633856 100000 70500 9999 0 0 1
65.462 4 SVINFO 0 4 16 1 0 -91 0
65.463 4 INS 0 0 0 0 0 0 -12 12 -601
65.463 4 SVINFO 0 4 16 1 0 -91 0
65.463 4 GPS_INT 637813700 0 0 0 0 0 -17000 0 0 0 649637120 100000 71500 9999 0 0 1
65.464 4 SVINFO 0 4 16 1 0 -91 0
65.464 4 GPS_INT 637813700 0 0 0 0 0 -17000 0 0 0 649638720 100000 72000 9999 0 0 1
65.465 4 SVINFO 0 4 16 1 0 -91 0
65.465 4 DATALINK_REPORT 3 26 1659 1014 0 0
65.466 4 ROVER_STATUS 2 0 0 3 0 72 8.21276
65.466 4 ROTORCRAFT_FP 0 0 0 0 0 0 -12860 -4 -7798 0 0 0 0 0 0
65.467 4 STATE_FILTER_STATUS 6 3 0
65.467 4 IMU_MAG_RAW 0 0 0
65.467 4 SVINFO 0 4 16 1 0 -91 0
65.468 4 LIDAR 6.21 224 1
65.692 4 GPS_INT 637813700 0 0 0 0 0 -17000 0 0 0 649642944 100000 73250 9999 0 0 1
65.693 4 SVINFO 0 4 16 1 0 -91 0
65.819 4 ROTORCRAFT_NAV_STATUS 0 0 0. 0. 0 0 0
65.909 4 LINK_REPORT 4 -1 160 0 41010 998 0 1151. 32. 18 17.08
65.941 4 GPS_INT 637813700 0 0 0 0 0 -17000 0 0 0 649643776 100000 73500 9999 0 0 1
65.942 4 SVINFO 0 4 16 1 0 -91 0
65.975 4 LINK_REPORT 4 -1 66 0 23289 588 0 206. 5. 13 -6220.43
66.020 4 ROTORCRAFT_FP 0 0 0 0 0 0 -12860 -3 -7802 0 0 0 0 0 0
66.100 4 WP_MOVED_ENU 12 -10160 -10329 2560
66.100 4 IMU_MAG_RAW 0 0 0
66.190 4 SVINFO 0 4 16 1 0 -91 0
66.190 4 LIDAR 6.43 232 1
66.206 4 INS 0 0 0 0 0 0 20 17 -544
66.270 4 ROTORCRAFT_FP 0 0 0 0 0 0 -12860 -3 -7803 0 0 0 0 0 0
66.301 4 PONG 
66.439 4 SVINFO 0 4 16 1 0 -91 0
66.455 4 INS 0 0 0 0 0 0 6 53 -572
66.690 4 GPS_INT 637813700 0 0 0 0 0 -17000 0 0 0 649646336 100000 74250 9999 0 0 1
66.690 4 SVINFO 0 4 16 1 0 -91 0
66.910 4 LINK_REPORT 4 -1 161 0 41342 1006 0 332. 8. 19 -4983.81
66.937 4 SVINFO 0 4 16 1 0 -91 0
66.976 4 LINK_REPORT 4 -1 67 0 23434 593 0 145. 5. 13 864.71
67.049 4 ROVER_STATUS 2 0 0 3 0 75 8.221591
67.097 4 IMU_MAG_RAW 0 0 0
67.187 4 GPS_INT 637813700 0 0 0 0 0 -17000 0 0 0 649648064 100000 74750 9999 0 0 1
67.188 4 SVINFO 0 4 16 1 0 -91 0
67.189 4 LIDAR 6.42 232 1
67.203 4 INS 0 0 0 0 0 0 -4 50 -601
67.269 4 ROTORCRAFT_FP 0 0 0 0 0 0 -12860 -4 -7807 0 0 0 0 0 0
67.394 4 WP_MOVED_ENU 13 -10329 10160 2560
67.410 4 ROTORCRAFT_NAV_STATUS 0 0 0. 0. 0 0 0
67.456 4 GPS_INT 637813700 0 0 0 0 0 -17000 0 0 0 649648960 100000 75000 9999 0 0 1
67.457 4 SVINFO 0 4 16 1 0 -91 0
67.457 4 INS 0 0 0 0 0 0 0 49 -524
67.528 4 ROTORCRAFT_FP 0 0 0 0 0 0 -12860 -4 -7807 0 0 0 0 0 0
67.529 4 UART_ERRORS 0 0 0 2
67.529 4 UART_ERRORS 0 0 0 3
67.529 4 UART_ERRORS 0 0 3 4
67.529 4 UART_ERRORS 0 0 0 5
67.686 4 GPS_INT 637813700 0 0 0 0 0 -17000 0 0 0 649649792 100000 75250 9999 0 0 1
67.687 4 SVINFO 0 4 16 1 0 -91 0
67.701 4 INS 0 0 0 0 0 0 -12 12 -601
67.770 4 ROTORCRAFT_FP 0 0 0 0 0 0 -12860 -4 -7808 0 0 0 0 0 0
67.911 4 LINK_REPORT 4 -1 162 0 41342 1006 0 0. 0. 19 -4983.81
67.935 4 GPS_INT 637813700 0 0 0 0 0 -17000 0 0 0 649650688 100000 75500 9999 0 0 1
67.936 4 SVINFO 0 4 16 1 0 -91 0
67.977 4 LINK_REPORT 4 -1 68 0 24360 616 0 926. 23. 13 864.71
68.046 4 DL_VALUE 10 3.
68.184 4 SVINFO 0 4 16 1 0 -91 0
68.184 4 LIDAR 6.43 232 1
68.214 4 INS 0 0 0 0 0 0 -31 -16 -572
68.214 4 STATE_FILTER_STATUS 6 3 0
68.269 4 ROTORCRAFT_FP 0 0 0 0 0 0 -12860 -4 -7811 0 0 0 0 0 0
68.269 4 ROVER_STATUS 2 0 0 3 0 76 8.21276
68.342 4 ALIVE 115,86,116,25,135,139,191,218,133,132,114,68,46,15,123,213
68.433 4 GPS_INT 637813700 0 0 0 0 0 -17000 0 0 0 649652480 100000 76000 9999 0 0 1
68.433 4 SVINFO 0 4 16 1 0 -91 0
68.448 4 INS 0 0 0 0 0 0 -15 25 -606
68.706 4 GPS_INT 637813700 0 0 0 0 0 -17000 0 0 0 649653312 100000 76250 9999 0 0 1
68.707 4 SVINFO 0 4 16 1 0 -91 0
68.708 4 INS_REF 485065295 -31589301 411664541 404506309 -37260580 702390 650000 0.
68.708 4 WP_MOVED_ENU 0 0 0 2560
68.709 4 INS 0 0 0 0 0 0 -13 -11 -582
68.754 4 ROTORCRAFT_FP 0 0 0 0 0 0 -12859 -3 -7813 0 0 0 0 0 0
68.912 4 LINK_REPORT 4 -1 163 0 41372 1007 0 30. 1. 19 -4983.81
68.930 4 GPS_INT 637813700 0 0 0 0 0 -17000 0 0 0 649654208 100000 76500 9999 0 0 1
68.931 4 SVINFO 0 4 16 1 0 -91 0
68.978 4 LINK_REPORT 4 -1 69 0 25092 634 0 732. 18. 13 864.71
69.010 4 ROTORCRAFT_FP 0 0 0 0 0 0 -12859 -3 -7814 0 0 0 0 0 0
69.011 4 ROTORCRAFT_NAV_STATUS 0 0 0. 0. 0 0 0
69.089 4 IMU_MAG_RAW 0 0 0
69.137 4 DL_VALUE 11 0.
69.181 4 GPS_INT 637813700 0 0 0 0 0 -17000 0 0 0 649655040 100000 76750 9999 0 0 1
69.182 4 SVINFO 0 4 16 1 0 -91 0
69.182 4 LIDAR 6.43 232 1
69.196 4 INS 0 0 0 0 0 0 6 12 -587
69.260 4 ROTORCRAFT_FP 0 0 0 0 0 0 -12859 -4 -7814 0 0 0 0 0 0
69.388 4 ENERGY 0 8.21276 0.25 2.05319 0.005799 0.047642
69.430 4 GPS_INT 637813700 0 0 0 0 0 -17000 0 0 0 649655936 100000 77000 9999 0 0 1
69.431 4 SVINFO 0 4 16 1 0 -91 0
69.456 4 INS 0 0 0 0 0 0 -7 46 -606
69.456 4 ROVER_STATUS 2 0 0 3 0 77 8.21276
69.504 4 ROTORCRAFT_FP 0 0 0 0 0 0 -12859 -4 -7815 0 0 0 0 0 0
69.679 4 GPS_INT 637813700 0 0 0 0 0 -17000 0 0 0 649656832 100000 77250 9999 0 0 1
69.680 4 SVINFO 0 4 16 1 0 -91 0
69.681 4 DATALINK_REPORT 3 28 1784 1051 0 0
69.695 4 INS 0 0 0 0 0 0 -45 12 -591
69.912 4 LINK_REPORT 4 -1 164 0 41520 1010 0 148. 3. 19 -4983.81
69.929 4 SVINFO 0 4 16 1 0 -91 0
69.945 4 INS 0 0 0 0 0 0 -16 -8 -634
69.979 4 LINK_REPORT 4 -1 70 0 25819 652 0 727. 18. 13 864.71
69.992 4 WP_MOVED_ENU 1 0 0 2560
70.009 4 ROTORCRAFT_FP 0 0 0 0 0 0 -12859 -4 -7817 0 0 0 0 0 0
70.088 4 IMU_MAG_RAW 0 0 0
70.179 4 GPS_INT 637813700 0 0 0 0 0 -17000 0 0 0 649658624 100000 77750 9999 0 0 1
70.180 4 SVINFO 0 4 16 1 0 -91 0
70.180 4 LIDAR 6.42 232 1
70.194 4 INS 0 0 0 0 0 0 -42 5 -582
70.258 4 ROTORCRAFT_FP 0 0 0 0 0 0 -12859 -4 -7818 0 0 0 0 0 0
70.259 4 DL_VALUE 12 6.
70.428 4 GPS_INT 637813700 0 0 0 0 0 -17000 0 0 0 649659520 100000 78000 9999 0 0 1
70.429 4 SVINFO 0 4 16 1 0 -91 0
70.430 4 ALIVE 115,86,116,25,135,139,191,218,133,132,114,68,46,15,123,213
70.444 4 INS 0 0 0 0 0 0 2 16 -567
70.459 4 PONG 
70.506 4 ROTORCRAFT_FP 0 0 0 0 0 0 -12859 -4 -7819 0 0 0 0 0 0
70.585 4 UART_ERRORS 0 0 0 6
70.649 4 ROVER_STATUS 2 0 0 3 0 78 8.21276
70.677 4 GPS_INT 637813700 0 0 0 0 0 -17000 0 0 0 649660480 100000 78250 9999 0 0 1
70.678 4 SVINFO 0 4 16 1 0 -91 0
70.692 4 INS 0 0 0 0 0 0 11 12 -606
70.756 4 ROTORCRAFT_FP 0 0 0 0 0 0 -12859 -5 -7820 0 0 0 0 0 0
70.913 4 LINK_REPORT 4 -1 165 0 41520 1010 0 0. 0. 19 -4983.81
70.926 4 GPS_INT 637813700 0 0 0 0 0 -17000 0 0 0 649661376 100000 78500 9999 0 0 1
70.927 4 SVINFO 0 4 16 1 0 -91 0
70.942 4 INS 0 0 0 0 0 0 -17 -9 -563
70.980 4 LINK_REPORT 4 -1 71 0 26838 676 0 1019. 24. 14 21.93
71.005 4 ROTORCRAFT_FP 0 0 0 0 0 0 -12859 -4 -7821 0 0 0 0 0 0
71.084 4 IMU_MAG_RAW 0 0 0
71.175 4 GPS_INT 637813700 0 0 0 0 0 -17000 0 0 0 649662272 100000 78750 9999 0 0 1
71.176 4 SVINFO 0 4 16 1 0 -91 0
71.176 4 LIDAR 6.42 232 1
71.190 4 INS 0 0 0 0 0 0 7 -1 -615
71.254 4 ROTORCRAFT_FP 0 0 0 0 0 0 -12859 -4 -7822 0 0 0 0 0 0
71.334 4 DL_VALUE 13 0.
71.398 4 STATE_FILTER_STATUS 6 3 0
71.426 4 GPS_INT 637813700 0 0 0 0 0 -17000 0 0 0 649663232 100000 79000 9999 0 0 1
71.427 4 SVINFO 0 4 16 1 0 -91 0
71.442 4 INS 0 0 0 0 0 0 -4 8 -553
71.674 4 GPS_INT 637813700 0 0 0 0 0 -17000 0 0 0 649664128 100000 79250 9999 0 0 1
71.674 4 SVINFO 0 4 16 1 0 -91 0
71.689 4 INS 0 0 0 0 0 0 21 -20 -639
71.753 4 ROTORCRAFT_FP 0 0 0 0 0 0 -12858 -4 -7824 0 0 0 0 0 0
71.832 4 ROVER_STATUS 2 0 0 3 0 79 8.21276
71.879 4 ENERGY 0 8.21276 0.3 2.463828 0.005988 0.049199
71.914 4 LINK_REPORT 4 -1 166 1 41520 1010 0 0. 0. 20 -9984.09
71.922 4 GPS_INT 637813700 0 0 0 0 0 -17000 0 0 0 649665024 100000 79500 9999 0 0 1
71.923 4 SVINFO 0 4 16 1 0 -91 0
71.938 4 INS 0 0 0 0 0 0 -17 2 -539
71.981 4 LINK_REPORT 4 -1 72 0 27748 697 0 910. 21. 14 21.93
72.171 4 GPS_INT 637813700 0 0 0 0 0 -17000 0 0 0 649665920 100000 79750 9999 0 0 1
72.172 4 SVINFO 0 4 16 1 0 -91 0
72.173 4 LIDAR 6.4 240 1
72.187 4 INS 0 0 0 0 0 0 7 10 -610
72.203 4 ROTORCRAFT_NAV_STATUS 0 0 0. 0. 0 0 0
72.251 4 ROTORCRAFT_FP 0 0 0 0 0 0 -12859 -4 -7826 0 0 0 0 0 0
72.421 4 GPS_INT 637813700 0 0 0 0 0 -17000 0 0 0 649666880 100000 80000 9999 0 0 1
72.422 4 SVINFO 0 4 16 1 0 -91 0
72.437 4 INS 0 0 0 0 0 0 -19 8 -577
72.438 4 DL_VALUE 14 0.
72.501 4 ROTORCRAFT_FP 0 0 0 0 0 0 -12859 -4 -7828 0 0 0 0 0 0
72.533 4 ALIVE 115,86,116,25,135,139,191,218,133,132,114,68,46,15,123,213
72.580 4 WP_MOVED_ENU 3 -762 -775 2560
72.671 4 GPS_INT 637813700 0 0 0 0 0 -17000 0 0 0 649667776 100000 80250 9999 0 0 1
72.672 4 SVINFO 0 4 16 1 0 -91 0
72.686 4 INS 0 0 0 0 0 0 -19 -2 -572
72.749 4 ROTORCRAFT_FP 0 0 0 0 0 0 -12859 -4 -7829 0 0 0 0 0 0
72.915 4 LINK_REPORT 4 -1 167 2 41520 1010 0 0. 0. 20 -9984.09
72.919 4 GPS_INT 637813700 0 0 0 0 0 -17000 0 0 0 649668672 100000 80500 9999 0 0 1
72.920 4 SVINFO 0 4 16 1 0 -91 0
72.934 4 INS 0 0 0 0 0 0 1 7 -582
72.982 4 LINK_REPORT 4 -1 73 0 28642 717 0 894. 20. 14 21.93
72.999 4 ROTORCRAFT_FP 0 0 0 0 0 0 -12858 -4 -7830 0 0 0 0 0 0
73.030 4 ROVER_STATUS 2 0 0 3 0 81 8.21276
73.078 4 IMU_MAG_RAW 0 0 0
73.168 4 SVINFO 0 4 16 1 0 -91 0
73.169 4 LIDAR 6.42 240 1
73.184 4 INS 0 0 0 0 0 0 -26 0 -596
73.418 4 SVINFO 0 4 16 1 0 -91 0
73.667 4 GPS_INT 637813700 0 0 0 0 0 -17000 0 0 0 649671488 100000 81250 9999 0 0 1
73.667 4 SVINFO 0 4 16 1 0 -91 0
73.703 4 UART_ERRORS 0 0 0 1
73.704 4 UART_ERRORS 0 0 0 2
73.704 4 UART_ERRORS 0 0 0 3
73.704 4 UART_ERRORS 0 0 3 4
73.746 4 ROTORCRAFT_FP 0 0 0 0 0 0 -12858 -4 -7833 0 0 0 0 0 0
73.747 4 INS_REF 485065295 -31589301 411664541 404506309 -37260580 702390 650000 0.
73.873 4 WP_MOVED_ENU 4 -504 -1029 2560
73.916 4 SVINFO 0 4 16 1 0 -91 0
73.916 4 LINK_REPORT 4 -1 168 0 41767 1018 0 247. 8. 20 -9984.09
73.982 4 LINK_REPORT 4 -1 74 0 28959 726 0 317. 9. 14 21.93
74.075 4 IMU_MAG_RAW 0 0 0
74.165 4 GPS_INT 637813700 0 0 0 0 0 -17000 0 0 0 649673408 100000 81750 9999 0 0 1
74.166 4 SVINFO 0 4 16 1 0 -91 0
74.167 4 LIDAR 6.42 240 2
74.181 4 INS 0 0 0 0 0 0 11 1 -582
74.245 4 ROVER_STATUS 2 0 0 3 0 82 8.21276
74.415 4 SVINFO 0 4 16 1 0 -91 0
74.431 4 INS 0 0 0 0 0 0 -16 11 -572
74.494 4 ROTORCRAFT_FP 0 0 0 0 0 0 -12858 -3 -7836 0 0 0 0 0 0
74.589 4 STATE_FILTER_STATUS 6 3 0
74.622 4 ALIVE 115,86,116,25,135,139,191,218,133,132,114,68,46,15,123,213
74.622 4 DL_VALUE 16 0.
74.663 4 SVINFO 0 4 16 1 0 -91 0
74.759 4 DATALINK_REPORT 3 30 1908 1045 0 0
74.913 4 SVINFO 0 4 16 1 0 -91 0
74.917 4 LINK_REPORT 4 -1 169 0 41994 1025 0 227. 7. 20 -9984.09
74.929 4 INS 0 0 0 0 0 0 -2 23 -524
74.983 4 LINK_REPORT 4 -1 75 0 29261 735 0 302. 9. 14 21.93
74.992 4 ROTORCRAFT_FP 0 0 0 0 0 0 -12858 -2 -7838 0 0 0 0 0 0
75.072 4 IMU_MAG_RAW 0 0 0
75.162 4 GPS_INT 637813700 0 0 0 0 0 -17000 0 0 0 649677120 100000 82750 9999 0 0 1
75.163 4 SVINFO 0 4 16 1 0 -91 0
75.163 4 WP_MOVED_ENU 5 519 -1021 2560
75.430 4 SVINFO 0 4 16 1 0 -91 0
75.431 4 INS 0 0 0 0 0 0 -9 5 -548
75.431 4 ROVER_STATUS 2 0 0 3 0 83 8.21276
75.491 4 ROTORCRAFT_FP 0 0 0 0 0 0 -12858 -2 -7840 0 0 0 0 0 0
75.492 4 PONG 
75.661 4 GPS_INT 637813700 0 0 0 0 0 -17000 0 0 0 649679040 100000 83250 9999 0 0 1
75.662 4 SVINFO 0 4 16 1 0 -91 0
75.910 4 SVINFO 0 4 16 1 0 -91 0
75.918 4 LINK_REPORT 4 -1 170 0 42284 1033 0 290. 8. 20 4207.13
75.926 4 INS 0 0 0 0 0 0 -18 -3 -572
75.983 4 LINK_REPORT 4 -1 76 0 29474 740 0 213. 5. 15 -4979.47
76.303 4 PONG 
76.409 4 SVINFO 0 4 16 1 0 -91 0
76.425 4 INS 0 0 0 0 0 0 -5 17 -610
76.918 4 LINK_REPORT 4 -1 171 0 42416 1037 0 132. 4. 21 18.32
76.984 4 LINK_REPORT 4 -1 77 1 29474 740 0 0. 0. 15 -4979.47
76.986 4 ROTORCRAFT_FP 0 0 0 0 0 0 -12858 -1 -7847 0 0 0 0 0 0
76.987 4 ROTORCRAFT_NAV_STATUS 0 0 0. 0. 0 0 0
77.156 4 GPS_INT 637813700 0 0 0 0 0 -17000 0 0 0 649684928 100000 84750 9999 0 0 1
77.157 4 SVINFO 0 4 16 1 0 -91 0
77.157 4 LIDAR 6.41 240 1
77.654 4 SVINFO 0 4 16 1 0 -91 0
77.670 4 INS 0 0 0 0 0 0 -2 23 -639
77.765 4 WP_MOVED_ENU 7 775 -1018 2560
77.783 4 STATE_FILTER_STATUS 6 3 0
77.813 4 ROVER_STATUS 2 0 0 3 0 85 8.21276
77.904 4 GPS_INT 637813700 0 0 0 0 0 -17000 0 0 0 649687872 100000 85500 9999 0 0 1
77.904 4 SVINFO 0 4 16 1 0 -91 0
77.919 4 LINK_REPORT 4 -1 172 0 42853 1049 0 437. 12. 21 18.32
77.929 4 INS 0 0 0 0 0 0 -19 13 -582
77.929 4 DL_VALUE 19 1.
77.977 4 ROTORCRAFT_FP 0 0 0 0 0 0 -12857 0 -7851 0 0 0 0 0 0
77.985 4 LINK_REPORT 4 -1 78 2 29474 740 0 0. 0. 15 -4979.47
78.652 4 GPS_INT 637813700 0 0 0 0 0 -17000 0 0 0 649690816 100000 86250 9999 0 0 1
78.652 4 SVINFO 0 4 16 1 0 -91 0
78.667 4 INS 0 0 0 0 0 0 -28 -34 -610
78.901 4 GPS_INT 637813700 0 0 0 0 0 -17000 0 0 0 649691840 100000 86500 9999 0 0 1
78.902 4 SVINFO 0 4 16 1 0 -91 0
78.920 4 LINK_REPORT 4 -1 173 0 43222 1057 0 369. 8. 21 18.32
78.986 4 LINK_REPORT 4 -1 79 3 29474 740 0 0. 0. 15 -4979.47
79.149 4 SVINFO 0 4 16 1 0 -91 0
79.150 4 LIDAR 6.4 248 1
79.166 4 INS 0 0 0 0 0 0 15 28 -553
79.230 4 ROTORCRAFT_FP 0 0 0 0 0 0 -12858 0 -7856 0 0 0 0 0 0
79.649 4 GPS_INT 637813700 0 0 0 0 0 -17000 0 0 0 649694848 100000 87250 9999 0 0 1
79.650 4 SVINFO 0 4 16 1 0 -91 0
79.665 4 INS 0 0 0 0 0 0 -8 26 -577
79.728 4 ROTORCRAFT_FP 0 0 0 0 0 0 -12858 0 -7859 0 0 0 0 0 0
79.855 4 UART_ERRORS 0 0 0 1
79.871 4 UART_ERRORS 0 0 0 2
79.871 4 UART_ERRORS 0 0 0 3
79.898 4 GPS_INT 637813700 0 0 0 0 0 -17000 0 0 0 649695872 100000 87500 9999 0 0 1
79.898 4 SVINFO 0 4 16 1 0 -91 0
79.913 4 INS 0 0 0 0 0 0 10 40 -625
79.921 4 LINK_REPORT 4 -1 174 0 43793 1071 0 571. 14. 21 18.32
79.977 4 ROTORCRAFT_FP 0 0 0 0 0 0 -12858 -1 -7860 0 0 0 0 0 0
79.986 4 LINK_REPORT 4 -1 80 4 29474 740 0 0. 0. 15 -4979.47
80.056 4 ROTORCRAFT_NAV_STATUS 0 0 0. 0. 0 0 0
80.057 4 ROTORCRAFT_FP 0 0 0 0 0 0 -12858 -2 -7841 0 0 0 0 0 0
80.058 4 DL_VALUE 17 0.
80.058 4 SVINFO 0 4 16 1 0 -91 0
80.059 4 LIDAR 6.44 240 1
80.059 4 INS 0 0 0 0 0 0 -12 -16 -529
80.060 4 SVINFO 0 4 16 1 0 -91 0
80.060 4 UART_ERRORS 0 0 0 5
80.061 4 UART_ERRORS 0 0 0 6
80.061 4 GPS_INT 637813700 0 0 0 0 0 -17000 0 0 0 649683904 100000 84500 9999 0 0 1
80.062 4 SVINFO 0 4 16 1 0 -91 0
80.062 4 INS 0 0 0 0 0 0 0 31 -582
80.063 4 IMU_MAG_RAW 0 0 0
80.063 4 INS 0 0 0 0 0 0 17 30 -534
80.063 4 SVINFO 0 4 16 1 0 -91 0
80.064 4 IMU_MAG_RAW 0 0 0
80.064 4 SVINFO 0 4 16 1 0 -91 0
80.064 4 LIDAR 6.34 244 1
80.065 4 INS 0 0 0 0 0 0 -37 10 -601
80.065 4 SVINFO 0 4 16 1 0 -91 0
80.066 4 INS 0 0 0 0 0 0 -1 12 -544
80.066 4 ROTORCRAFT_NAV_STATUS 0 0 0. 0. 0 0 0
80.067 4 ROTORCRAFT_FP 0 0 0 0 0 0 -12858 0 -7855 0 0 0 0 0 0
80.067 4 ALIVE 115,86,116,25,135,139,191,218,133,132,114,68,46,15,123,213
80.068 4 IMU_MAG_RAW 0 0 0
80.068 4 SVINFO 0 4 16 1 0 -91 0
80.068 4 INS 0 0 0 0 0 0 35 5 -563
80.069 4 ROTORCRAFT_FP 0 0 0 0 0 0 -12858 0 -7857 0 0 0 0 0 0
80.105 4 DL_VALUE 21 1.
80.147 4 GPS_INT 637813700 0 0 0 0 0 -17000 0 0 0 649696832 100000 87750 9999 0 0 1
80.148 4 SVINFO 0 4 16 1 0 -91 0
80.148 4 LIDAR 6.41 248 1
80.163 4 INS 0 0 0 0 0 0 2 22 -558
80.179 4 ROTORCRAFT_NAV_STATUS 0 0 0. 0. 0 0 0
80.227 4 ROTORCRAFT_FP 0 0 0 0 0 0 -12858 -1 -7861 0 0 0 0 0 0
80.228 4 ROVER_STATUS 2 0 0 3 0 88 8.21276
80.354 4 WP_MOVED_ENU 9 -775 1018 2560
80.396 4 SVINFO 0 4 16 1 0 -91 0
80.646 4 GPS_INT 637813700 0 0 0 0 0 -17000 0 0 0 649698880 100000 88250 9999 0 0 1
80.647 4 SVINFO 0 4 16 1 0 -91 0
80.662 4 INS 0 0 0 0 0 0 -9 20 -577
80.725 4 ROTORCRAFT_FP 0 0 0 0 0 0 -12858 -1 -7863 0 0 0 0 0 0
80.895 4 GPS_INT 637813700 0 0 0 0 0 -17000 0 0 0 649699904 100000 88500 9999 0 0 1
80.896 4 SVINFO 0 4 16 1 0 -91 0
80.896 4 ALIVE 115,86,116,25,135,139,191,218,133,132,114,68,46,15,123,213
80.911 4 INS 0 0 0 0 0 0 -18 7 -563
80.922 4 LINK_REPORT 4 -1 175 0 44571 1089 0 778. 18. 21 18.32
80.974 4 ROTORCRAFT_FP 0 0 0 0 0 0 -12858 -1 -7864 0 0 0 0 0 0
80.976 4 STATE_FILTER_STATUS 6 3 0
80.987 4 LINK_REPORT 4 -1 81 0 30476 769 0 1002. 29. 16 -9980.64
81.054 4 IMU_MAG_RAW 0 0 0
81.143 4 SVINFO 0 4 16 1 0 -91 0
81.144 4 LIDAR 6.45 248 1
81.160 4 INS 0 0 0 0 0 0 50 -2 -591
81.224 4 ROTORCRAFT_FP 0 0 0 0 0 0 -12858 -1 -7865 0 0 0 0 0 0
81.225 4 DL_VALUE 22 80.
81.319 4 PONG 
81.393 4 GPS_INT 637813700 0 0 0 0 0 -17000 0 0 0 649701952 100000 89000 9999 0 0 1
81.394 4 SVINFO 0 4 16 1 0 -91 0
81.419 4 INS 0 0 0 0 0 0 -2 12 -544
81.420 4 ROVER_STATUS 2 0 0 3 0 89 8.21276
81.467 4 ROTORCRAFT_FP 0 0 0 0 0 0 -12858 -1 -7866 0 0 0 0 0 0
81.642 4 GPS_INT 637813700 0 0 0 0 0 -17000 0 0 0 649702976 100000 89250 9999 0 0 1
81.643 4 SVINFO 0 4 16 1 0 -91 0
81.644 4 WP_MOVED_ENU 10 10160 10329 2560
81.658 4 INS 0 0 0 0 0 0 19 -15 -567
81.722 4 ROTORCRAFT_FP 0 0 0 0 0 0 -12858 -1 -7867 0 0 0 0 0 0
81.769 4 ROTORCRAFT_NAV_STATUS 0 0 0. 0. 0 0 0
81.850 4 ENERGY 0 8.21276 0.4 3.285104 0.006759 0.055531
81.891 4 GPS_INT 637813700 0 0 0 0 0 -17000 0 0 0 649704000 100000 89500 9999 0 0 1
81.892 4 SVINFO 0 4 16 1 0 -91 0
81.907 4 INS 0 0 0 0 0 0 8 24 -596
81.922 4 LINK_REPORT 4 -1 176 0 45549 1113 0 978. 24. 22 33.46
81.972 4 ROTORCRAFT_FP 0 0 0 0 0 0 -12858 -1 -7868 0 0 0 0 0 0
81.988 4 LINK_REPORT 4 -1 82 1 30476 769 0 0. 0. 16 -9980.64
