5.052 5 LINK_REPORT 5 -1 5 0 1409 32 0 500. 11. 0 0.
5.065 5 LINK_REPORT 5 -1 34 0 27245 603 0 272. 7. 6 -1.65900431455e+12
5.132 5 GPS_INT 485069494 -31588678 411660912 404501398 -37259526 710421 660185 17 -16 4 925 91 383537500 179 7 3 1
5.132 5 SVINFO 17 67 4 4 21 20 164
5.147 5 INS 949 -1466 27215562 -47185 -78643 -130036080 28 -10 -390
5.208 5 ROTORCRAFT_FP -1466 949 -27212388 -78643 -47185 130047264 -12766 45 -1575 0 0 0 0 0 0
5.378 5 GPS_INT 485069471 -31588680 411660913 404501411 -37259529 710254 660018 19 -16 13 921 87 383537750 179 7 3 1
5.393 5 INS 990 -1477 27199682 -20971 -78643 -130089832 28 11 -399
5.456 5 ROTORCRAFT_FP -1477 990 -27196506 -78643 -20971 130100360 -12765 45 -1575 0 0 0 0 0 0
5.457 5 DL_VALUE 32 0.
5.503 5 ROTORCRAFT_NAV_STATUS 1024 1024 0. 0. 3 0 2
5.583 5 ENERGY 0 7.806538 0.325 2.537125 0.415481 3.178945
5.626 5 GPS_INT 485069458 -31588680 411660913 404501420 -37259530 710156 659920 33 -17 -7 917 100 383538000 179 7 3 1
5.785 5 IMU_MAG_RAW 0 0 0
5.875 5 GPS_INT 485069443 -31588677 411660911 404501426 -37259528 710022 659786 44 -13 8 913 92 383538250 179 7 3 1
5.876 5 LIDAR 4.13 168 1
5.903 5 INS 1031 -1472 27167892 -120586 -57671 -130196232 0 20 -422
5.905 5 INS_REF 485069569 -31588109 411660456 404501063 -37258851 707753 657517 0.
5.961 5 ROTORCRAFT_FP -1472 1031 -27164712 -57671 -120586 130206968 -12765 45 -1576 0 0 0 0 0 0
5.962 5 ROVER_STATUS 2 0 3 4 0 1690 7.806538
5.969 5 LINK_REPORT 5 -1 6 0 1409 32 0 0. 0. 1 -1.65900431847e+12
6.065 5 LINK_REPORT 5 -1 35 0 28099 621 0 854. 18. 6 -1.65900431455e+12
6.121 5 GPS_INT 485069396 -31588661 411660890 404501440 -37259513 709525 659289 15 9 28 909 92 383538500 179 7 3 1
6.136 5 INS 1070 -1441 27151992 57671 47185 -130250152 17 -3 -433
6.201 5 ROTORCRAFT_FP -1441 1070 -27148812 47185 57671 130260592 -12765 45 -1576 0 0 0 0 0 0
6.280 5 UART_ERRORS 0 7 38 1
6.374 5 GPS_INT 485069358 -31588649 411660881 404501457 -37259501 709176 658939 16 -4 38 905 90 383538750 179 7 3 1
6.389 5 INS 1118 -1415 27136092 94371 -15728 -130302784 -3 15 -432
6.453 5 ROTORCRAFT_FP -1415 1118 -27132912 -15728 94371 130313408 -12765 44 -1577 0 0 0 0 0 0
6.533 5 DL_VALUE 33 0.
6.623 5 GPS_INT 485069318 -31588638 411660869 404501472 -37259491 708783 658546 23 -1 12 901 86 383539000 179 7 3 1
6.639 5 INS 1162 -1395 27120192 -31457 0 -130356440 17 -15 -428
6.703 5 ROTORCRAFT_FP -1395 1162 -27117012 0 -31457 130367240 -12765 45 -1576 0 0 0 0 0 0
6.782 5 IMU_MAG_RAW 0 0 0
6.873 5 GPS_INT 485069284 -31588630 411660859 404501486 -37259485 708456 658220 25 -10 19 896 85 383539250 179 7 3 1
6.873 5 LIDAR 4.11 168 1
6.888 5 INS 1200 -1379 27104282 -15728 -47185 -130409224 -52 -2 -433
6.904 5 DATALINK_REPORT 1688 0 40433 967 0 0
6.936 5 ALIVE 53,218,81,70,62,199,115,110,109,98,53,234,26,129,160,165
6.952 5 ROTORCRAFT_FP -1379 1200 -27101100 -47185 -15728 130419624 -12765 45 -1574 0 0 0 0 0 0
6.970 5 LINK_REPORT 5 -1 7 1 1409 32 0 0. 0. 1 -1.65900431847e+12
6.983 5 WP_MOVED_ENU 10 10160 10329 2560
7.066 5 LINK_REPORT 5 -1 36 0 29021 640 0 922. 19. 7 -1.65900431955e+12
7.095 5 ROTORCRAFT_NAV_STATUS 1024 1024 0. 0. 3 0 2
7.111 5 SVINFO 0 1 15 7 33 38 273
7.143 5 INS 1244 -1361 27088366 10485 -36700 -130462304 8 -12 -423
7.144 5 ROVER_STATUS 2 0 3 4 0 1691 7.806538
7.202 5 ROTORCRAFT_FP -1361 1244 -27085182 -36700 10485 130472768 -12765 45 -1573 0 0 0 0 0 0
7.372 5 GPS_INT 485069204 -31588614 411660834 404501516 -37259472 707684 657447 25 -12 14 889 85 383539750 179 7 3 1
7.372 5 SVINFO 1 3 15 5 27 14 208
7.451 5 ROTORCRAFT_FP -1351 1285 -27069242 -57671 -36700 130526128 -12765 45 -1572 0 0 0 0 0 0
7.623 5 GPS_INT 485069169 -31588608 411660819 404501526 -37259467 707312 657076 26 -9 2 885 92 383540000 179 7 3 1
7.624 5 SVINFO 2 8 15 4 26 84 13
7.639 5 INS 1315 -1341 27056486 -83886 -41943 -130568624 46 -6 -399
7.639 5 DL_VALUE 34 0.
7.700 5 ROTORCRAFT_FP -1341 1315 -27053296 -41943 -83886 130578664 -12765 45 -1573 0 0 0 0 0 0
7.869 5 SVINFO 3 10 15 4 21 32 47
7.870 5 LIDAR 4.12 168 1
7.899 5 INS 1346 -1338 27040536 -83886 -115343 -130619616 17 0 -438
7.900 5 STATE_FILTER_STATUS 6 3 0
7.971 5 LINK_REPORT 5 -1 8 2 1409 32 0 0. 0. 1 -1.65900431847e+12
8.066 5 LINK_REPORT 5 -1 37 0 29711 657 0 690. 17. 7 -1.65900431955e+12
8.118 5 GPS_INT 485069090 -31588599 411660787 404501551 -37259463 706500 656263 14 -20 6 878 83 383540500 179 7 3 1
8.119 5 SVINFO 4 14 15 4 24 12 321
8.133 5 INS 1384 -1333 27024588 -31457 -104857 -130673384 22 -2 -419
8.198 5 ROTORCRAFT_FP -1333 1384 -27022036 -104857 -31457 130681984 -12766 45 -1575 0 0 0 0 0 0
8.277 5 WP_MOVED_ENU 11 10329 -10160 2560
8.325 5 ROVER_STATUS 2 0 3 4 0 1692 7.806538
8.383 5 INS 1436 -1315 27008636 15728 26214 -130725920 -2 -23 -428
8.617 5 GPS_INT 485069017 -31588585 411660771 404501583 -37259453 705833 655597 27 -12 14 871 85 383541000 179 7 3 1
8.618 5 SVINFO 6 21 15 4 22 64 303
8.695 5 ROTORCRAFT_FP -1308 1477 -26989490 -57671 -41943 130789408 -12766 45 -1574 0 0 0 0 0 0
8.696 5 ROTORCRAFT_NAV_STATUS 1024 1024 0. 0. 3 0 2
8.869 5 GPS_INT 485068976 -31588581 411660760 404501599 -37259450 705455 655219 19 -13 9 868 85 383541250 179 7 3 1
8.870 5 LIDAR 4.1 168 1
8.885 5 INS 1523 -1305 26976724 -36700 -62914 -130832104 23 11 -398
8.945 5 ROTORCRAFT_FP -1305 1523 -26973532 -62914 -36700 130842376 -12766 44 -1575 0 0 0 0 0 0
8.972 5 LINK_REPORT 5 -1 9 0 1865 41 0 456. 9. 1 -1.65900431847e+12
9.009 5 AUTOPILOT_VERSION 60200 v6.2_unstable-101-g8a957fd0a-dirty
9.025 5 ALIVE 53,218,81,70,62,199,115,110,109,98,53,234,26,129,160,165
9.067 5 LINK_REPORT 5 -1 38 0 29994 664 0 283. 7. 7 -1.65900431955e+12
9.115 5 GPS_INT 485068942 -31588578 411660750 404501613 -37259450 705126 654890 33 -20 -13 865 99 383541500 179 7 3 1
9.364 5 GPS_INT 485068904 -31588573 411660740 404501628 -37259446 704771 654535 21 -4 4 861 88 383541750 179 7 3 1
9.365 5 SVINFO 9 27 15 7 32 49 117
9.392 5 UART_ERRORS 0 0 1 2
9.392 5 UART_ERRORS 0 1 0 3
9.392 5 UART_ERRORS 0 0 0 4
9.440 5 ROTORCRAFT_FP -1297 1605 -26941572 -15728 -57671 130947056 -12766 45 -1576 0 0 0 0 0 0
9.535 5 ROVER_STATUS 2 0 3 4 0 1693 7.806538
9.567 5 WP_MOVED_ENU 12 -10160 -10329 2560
9.613 5 GPS_INT 485068865 -31588565 411660732 404501645 -37259441 704415 654179 35 -5 10 857 87 383542000 179 7 3 1
9.629 5 INS 1653 -1282 26928772 -83886 -15728 -130988600 -16 18 -427
9.693 5 ROTORCRAFT_FP -1282 1653 -26925572 -15728 -83886 130999056 -12766 44 -1576 0 0 0 0 0 0
9.772 5 IMU_MAG_RAW 0 0 0
9.820 5 DL_VALUE 36 0.
9.863 5 GPS_INT 485068838 -31588563 411660728 404501658 -37259440 704190 653953 55 -19 2 854 92 383542250 179 7 3 1
9.864 5 SVINFO 11 32 4 3 9 22 96
9.864 5 LIDAR 4.12 168 1
9.879 5 INS 1692 -1282 26912772 -183500 -83886 -131041392 8 13 -433
9.942 5 ROTORCRAFT_FP -1282 1692 -26909572 -83886 -183500 131051872 -12766 44 -1577 0 0 0 0 0 0
9.973 5 LINK_REPORT 5 -1 10 0 2154 47 0 289. 6. 1 -1.65900431847e+12
10.067 5 LINK_REPORT 5 -1 39 0 30562 678 0 568. 14. 7 -1.65900431955e+12
10.111 5 GPS_INT 485068791 -31588555 411660722 404501683 -37259434 703785 653549 30 0 39 851 84 383542500 179 7 3 1
10.191 5 ROTORCRAFT_FP -1269 1758 -26893572 5242 52428 131105080 -12766 44 -1577 0 0 0 0 0 0
10.287 5 ROTORCRAFT_NAV_STATUS 1024 1024 0. 0. 3 0 2
10.568 5 ENERGY 0 7.806538 0.375 2.927452 0.415871 3.181986
10.610 5 SVINFO 14 136 12 7 35 42 167
10.626 5 INS 1868 -1241 26864770 -83886 -5242 -131199352 -1 -12 -400
10.721 5 ROVER_STATUS 2 0 3 4 0 1695 7.806538
10.768 5 IMU_MAG_RAW 0 0 0
10.859 5 GPS_INT 485068681 -31588531 411660710 404501739 -37259415 702861 652624 27 -11 8 842 88 383543250 179 7 3 1
10.860 5 SVINFO 15 65 12 4 17 25 36
10.860 5 WP_MOVED_ENU 13 -10329 10160 2560
10.888 5 LIDAR 4.12 168 1
10.888 5 INS 1920 -1226 26848762 -62914 -52428 -131252672 1 -8 -380
10.936 5 ROTORCRAFT_FP -1226 1920 -26845558 -52428 -62914 131263168 -12767 44 -1578 0 0 0 0 0 0
10.937 5 DL_VALUE 37 1400.
10.968 5 INS_REF 485069569 -31588109 411660456 404501063 -37258851 707753 657517 0.
10.974 5 LINK_REPORT 5 -1 11 0 2596 58 0 442. 11. 2 -1.65900432347e+12
11.068 5 LINK_REPORT 5 -1 40 0 30761 683 0 199. 5. 7 -1.65900431955e+12
11.079 5 STATE_FILTER_STATUS 6 3 0
11.111 5 GPS_INT 485068638 -31588520 411660699 404501757 -37259405 702463 652227 14 6 13 840 81 383543500 179 7 3 1
11.112 5 SVINFO 16 66 12 4 25 49 107
11.112 5 ALIVE 53,218,81,70,62,199,115,110,109,98,53,234,26,129,160,165
11.127 5 INS 1971 -1205 26832734 5242 31457 -131305616 13 -7 -399
11.188 5 ROTORCRAFT_FP -1205 1971 -26829526 31457 5242 131316240 -12767 44 -1577 0 0 0 0 0 0
11.347 5 SVINFO 17 67 4 4 20 20 164
11.379 5 INS 2027 -1182 26816694 73400 0 -131359128 32 -9 -390
11.623 5 INS 2094 -1157 26800644 178257 5242 -131413024 1 -7 -452
11.686 5 ROTORCRAFT_FP -1157 2094 -26797434 5242 178257 131423152 -12767 44 -1577 0 0 0 0 0 0
11.765 5 IMU_MAG_RAW 0 0 0
11.855 5 SVINFO 19 79 12 4 25 22 231
11.871 5 INS 2163 -1126 26784596 125829 83886 -131465944 31 12 -419
11.888 5 ROTORCRAFT_NAV_STATUS 1024 1024 0. 0. 3 0 2
11.935 5 ROVER_STATUS 2 0 3 4 0 1696 7.806538
11.975 5 LINK_REPORT 5 -1 12 0 2933 66 0 337. 8. 2 -1.65900432347e+12
12.015 5 DL_VALUE 38 10.
12.069 5 LINK_REPORT 5 -1 41 0 31037 691 0 276. 8. 8 -1.65900432455e+12
12.121 5 INS 2222 -1088 26768546 73400 62914 -131519424 -6 1 -419
12.169 5 WP_MOVED_ENU 0 0 0 2560
12.185 5 ROTORCRAFT_FP -1088 2222 -26765336 62914 73400 131530264 -12767 44 -1577 0 0 0 0 0 0
12.683 5 ROTORCRAFT_FP -1041 2314 -26733230 15728 47185 131635264 -12767 44 -1576 0 0 0 0 0 0
12.975 5 LINK_REPORT 5 -1 13 0 3004 67 0 71. 1. 2 -1.65900432347e+12
13.069 5 LINK_REPORT 5 -1 42 0 31183 694 0 146. 3. 8 -1.65900432455e+12
13.429 5 ROTORCRAFT_FP -962 2452 -26684988 78643 15728 131796176 -12767 44 -1575 0 0 0 0 0 0
13.758 5 IMU_MAG_RAW 0 0 0
13.851 5 GPS_INT 485068166 -31588371 411660592 404501964 -37259266 698108 647871 -11 -6 0 807 78 383546250 179 7 3 1
13.851 5 SVINFO 2 8 15 6 29 84 13
13.852 5 LIDAR 4.13 168 1
13.866 5 INS 2560 -903 26656010 31457 -36700 -131893120 -4 -10 -423
13.929 5 ROTORCRAFT_FP -903 2560 -26652790 -36700 31457 131903664 -12767 43 -1576 0 0 0 0 0 0
13.976 5 LINK_REPORT 5 -1 14 0 3004 67 0 0. 0. 2 -1.65900432347e+12
