5.056 5 LINK_REPORT 5 -1 5 0 3591 76 0 930. 19. 0 0.
5.133 5 DL_VALUE 11 0.
5.175 5 GPS_INT 485068417 -31588145 411660480 404501750 -37258981 699176 648940 -7 -1 -3 1346 127 383185750 338 5 3 1
5.191 5 INS 1950 -284 43262596 10485 -10485 -56834928 7 -8 -390
5.255 5 ROTORCRAFT_FP -294 1902 -43261216 26214 20971 56845032 -12768 48 -5063 0 0 0 0 0 0
5.428 5 GPS_INT 485068444 -31588150 411660478 404501732 -37258985 699370 649133 -4 6 2 1346 100 383186000 338 5 3 1
5.430 5 SVINFO 23 82 12 1 0 35 307
5.444 5 INS 1902 -294 43255692 20971 26214 -56885048 5 -3 -385
5.505 5 ROTORCRAFT_FP -312 1850 -43254312 -36700 57671 56895520 -12768 48 -5066 0 0 0 0 0 0
5.506 5 STATE_FILTER_STATUS 6 3 0
5.584 5 IMU_MAG_RAW 0 0 0
5.665 5 GPS_INT 485068469 -31588159 411660474 404501715 -37258994 699532 649296 0 -7 16 1345 131 383186250 338 5 3 1
5.680 5 LIDAR 4.11 176 1
5.706 5 INS 1850 -312 43248776 57671 -36700 -56936068 -2 -11 -399
5.707 5 UART_ERRORS 0 7 38 1
5.707 5 UART_ERRORS 0 0 1 2
5.707 5 UART_ERRORS 0 1 0 3
5.707 5 UART_ERRORS 0 0 0 4
5.752 5 ROTORCRAFT_FP -332 1815 -43247384 0 78643 56946664 -12768 48 -5064 0 0 0 0 0 0
5.880 5 ENERGY 0 7.815369 0.45 3.516916 0.380528 2.906042
5.927 5 GPS_INT 485068484 -31588168 411660468 404501701 -37259003 699615 649379 -14 1 8 1344 163 383186500 338 5 3 1
5.943 5 INS 1815 -332 43241788 78643 0 -56986600 -23 3 -381
5.943 5 ROVER_STATUS 2 0 3 4 0 1337 7.815369
5.944 5 LINK_REPORT 5 -1 6 0 4589 99 0 998. 23. 1 -1.65900396679e+12
6.002 5 ROTORCRAFT_FP -350 1751 -43240392 0 -10485 56996768 -12768 48 -5061 0 0 0 0 0 0
6.172 5 GPS_INT 485068497 -31588176 411660447 404501679 -37259011 699587 649351 -4 1 -6 1344 104 383186750 338 5 3 1
6.172 5 WP_MOVED_ENU 4 -504 -1029 2560
6.187 5 INS 1751 -350 43234796 -10485 0 -57037368 7 20 -409
6.251 5 ROTORCRAFT_FP -368 1694 -43233396 26214 -31457 57047940 -12768 48 -5064 0 0 0 0 0 0
6.252 5 DL_VALUE 12 0.
6.299 5 ROTORCRAFT_NAV_STATUS 1024 1024 0. 0. 3 0 2
6.421 5 GPS_INT 485068531 -31588185 411660448 404501660 -37259020 699854 649618 6 5 -3 1343 157 383187000 338 5 3 1
6.422 5 SVINFO 1 3 4 1 0 11 208
6.437 5 INS 1694 -368 43227796 -31457 26214 -57089508 -30 7 -396
6.500 5 ROTORCRAFT_FP -376 1625 -43226396 62914 -188743 57099544 -12768 48 -5067 0 0 0 0 0 0
6.580 5 IMU_MAG_RAW 0 0 0
6.612 5 AUTOPILOT_VERSION 60200 v6.2_unstable-101-g8a957fd0a-dirty
6.673 5 GPS_INT 485068566 -31588190 411660442 404501635 -37259023 700084 649847 29 11 -23 1343 168 383187250 338 5 3 1
6.674 5 LIDAR 4.11 176 1
6.689 5 INS 1625 -376 43220800 -188743 62914 -57140076 -1 17 -409
6.750 5 ROTORCRAFT_FP -376 1587 -43219400 10485 -68157 57150620 -12768 48 -5065 0 0 0 0 0 0
6.920 5 GPS_INT 485068587 -31588192 411660441 404501622 -37259024 700233 649997 6 2 -12 1343 155 383187500 338 5 3 1
6.921 5 SVINFO 3 8 15 4 23 82 356
6.945 5 LINK_REPORT 5 -1 7 0 5510 118 0 921. 19. 1 -1.65900396679e+12
6.946 5 ALIVE 53,218,81,70,62,199,115,110,109,98,53,234,26,129,160,165
6.947 5 INS 1587 -376 43213800 -68157 10485 -57191388 -2 -15 -367
6.995 5 ROTORCRAFT_FP -378 1566 -43212400 15728 0 57202060 -12768 48 -5062 0 0 0 0 0 0
7.138 5 ROVER_STATUS 2 0 3 4 0 1338 7.815369
7.168 5 GPS_INT 485068615 -31588195 411660454 404501614 -37259024 700535 650298 15 3 13 1343 109 383187750 338 5 3 1
7.169 5 SVINFO 4 10 15 7 32 34 48
7.184 5 INS 1566 -378 43206800 0 15728 -57241884 13 -9 -409
7.327 5 DL_VALUE 13 0.
7.418 5 GPS_INT 485068622 -31588198 411660434 404501596 -37259028 700458 650222 11 -7 0 1342 119 383188000 338 5 3 1
7.419 5 SVINFO 5 14 4 4 16 11 322
7.491 5 INS_REF 485069569 -31588109 411660456 404501063 -37258851 707753 657517 0.
7.492 5 WP_MOVED_ENU 5 519 -1021 2560
7.507 5 ROTORCRAFT_FP -396 1466 -43198404 41943 -62914 57302952 -12768 48 -5063 0 0 0 0 0 0
7.571 5 IMU_MAG_RAW 0 0 0
7.666 5 GPS_INT 485068640 -31588203 411660424 404501579 -37259032 700532 650295 18 7 0 1342 150 383188250 338 5 3 1
7.667 5 LIDAR 4.12 176 1
7.682 5 INS 1466 -396 43192804 -62914 41943 -57343732 9 4 -385
7.746 5 ROTORCRAFT_FP -396 1466 -43191404 41943 -62914 57353792 -12768 48 -5060 0 0 0 0 0 0
7.890 5 ROTORCRAFT_NAV_STATUS 1024 1024 0. 0. 3 0 2
7.920 5 GPS_INT 485068643 -31588206 411660409 404501567 -37259036 700461 650225 3 -5 15 1342 116 383188500 338 5 3 1
7.920 5 SVINFO 7 21 15 7 27 63 298
7.935 5 INS 1431 -401 43185804 47185 -26214 -57392848 -12 18 -356
7.945 5 LINK_REPORT 5 -1 8 0 6477 140 0 967. 22. 1 -1.65900396679e+12
7.996 5 ROTORCRAFT_FP -401 1431 -43184404 -26214 47185 57402836 -12768 48 -5059 0 0 0 0 0 0
8.166 5 GPS_INT 485068662 -31588213 411660407 404501555 -37259042 700592 650355 19 0 21 1342 104 383188750 338 5 3 1
8.181 5 INS 1395 -417 43178800 15728 5242 -57443792 0 -28 -419
8.246 5 ROTORCRAFT_FP -417 1395 -43177400 5242 15728 57454352 -12768 48 -5061 0 0 0 0 0 0
8.325 5 ROVER_STATUS 2 0 3 4 0 1339 7.815369
8.373 5 ENERGY 0 7.815369 0.375 2.930763 0.380818 2.90831
8.415 5 GPS_INT 485068680 -31588218 411660399 404501538 -37259047 700684 650447 32 -3 27 1341 107 383189000 338 5 3 1
8.431 5 INS 1349 -427 43171796 -5242 -5242 -57495776 -3 1 -442
8.432 5 DL_VALUE 14 0.
8.494 5 ROTORCRAFT_FP -427 1349 -43170396 -5242 -5242 57505816 -12768 48 -5064 0 0 0 0 0 0
8.495 5 DATALINK_REPORT 1336 0 33004 988 0 0
8.573 5 IMU_MAG_RAW 0 0 0
8.653 5 SVINFO 10 27 15 4 25 51 115
8.669 5 LIDAR 4.13 176 1
8.685 5 INS 1310 -440 43164796 89128 -10485 -57547332 11 15 -432
8.686 5 STATE_FILTER_STATUS 6 3 0
8.743 5 ROTORCRAFT_FP -440 1310 -43163396 -10485 89128 57557684 -12767 48 -5062 0 0 0 0 0 0
8.775 5 WP_MOVED_ENU 6 760 1031 2560
8.913 5 GPS_INT 485068718 -31588229 411660386 404501506 -37259057 700890 650654 32 2 56 1340 102 383189500 338 5 3 1
8.929 5 INS 1259 -450 43157796 110100 20971 -57598880 -4 -16 -385
8.946 5 LINK_REPORT 5 -1 9 0 7375 160 0 898. 20. 1 -1.65900396679e+12
8.991 5 ROTORCRAFT_FP -450 1259 -43156396 20971 110100 57608904 -12767 48 -5060 0 0 0 0 0 0
9.025 5 ALIVE 53,218,81,70,62,199,115,110,109,98,53,234,26,129,160,165
9.161 5 GPS_INT 485068731 -31588235 411660380 404501495 -37259062 700954 650718 28 -4 70 1340 107 383189750 338 5 3 1
9.162 5 SVINFO 12 32 4 4 17 21 98
9.177 5 INS 1226 -463 43150792 178257 -15728 -57649412 -10 -13 -399
9.241 5 ROTORCRAFT_FP -463 1226 -43149388 -15728 178257 57659500 -12767 48 -5058 0 0 0 0 0 0
9.411 5 GPS_INT 485068749 -31588240 411660372 404501478 -37259067 701043 650807 34 -3 40 1339 103 383190000 338 5 3 1
9.426 5 INS 1180 -473 43143788 41943 -5242 -57699272 2 13 -403
9.501 5 ROTORCRAFT_FP -473 1180 -43142384 -5242 41943 57709536 -12767 48 -5061 0 0 0 0 0 0
9.501 5 ROTORCRAFT_NAV_STATUS 1024 1024 0. 0. 3 0 2
9.532 5 ROVER_STATUS 2 0 3 4 0 1341 7.815369
9.533 5 DL_VALUE 15 0.
9.564 5 IMU_MAG_RAW 0 0 0
9.660 5 GPS_INT 485068771 -31588247 411660373 404501466 -37259074 701218 650982 30 -10 62 1339 105 383190250 338 5 3 1
9.661 5 LIDAR 4.12 176 1
9.676 5 INS 1144 -486 43136760 141557 -47185 -57750888 -30 1 -399
9.740 5 ROTORCRAFT_FP -486 1144 -43135352 -47185 141557 57761336 -12767 48 -5059 0 0 0 0 0 0
9.913 5 GPS_INT 485068777 -31588251 411660362 404501455 -37259078 701198 650962 24 13 51 1338 100 383190500 338 5 3 1
9.914 5 SVINFO 15 136 12 7 32 42 167
9.928 5 INS 1113 -496 43129692 120586 73400 -57801396 -39 -3 -353
9.947 5 LINK_REPORT 5 -1 10 0 8321 180 0 946. 20. 1 -1.65900396679e+12
9.989 5 ROTORCRAFT_FP -496 1113 -43128272 73400 120586 57810952 -12767 48 -5057 0 0 0 0 0 0
10.068 5 WP_MOVED_ENU 7 775 -1018 2560
10.158 5 GPS_INT 485068783 -31588252 411660356 404501448 -37259079 701204 650967 27 5 55 1338 104 383190750 338 5 3 1
10.159 5 SVINFO 16 65 12 4 17 27 39
10.174 5 INS 1090 -496 43122592 125829 31457 -57851528 -5 -32 -347
10.238 5 ROTORCRAFT_FP -496 1090 -43121176 31457 125829 57861608 -12767 48 -5056 0 0 0 0 0 0
10.408 5 GPS_INT 485068781 -31588255 411660340 404501437 -37259083 701082 650846 25 -7 52 1337 106 383191000 338 5 3 1
10.408 5 SVINFO 17 66 12 7 27 47 111
10.424 5 INS 1062 -504 43115496 120586 -31457 -57902132 -4 0 -385
10.487 5 ROTORCRAFT_FP -504 1062 -43114076 -31457 120586 57912348 -12767 48 -5055 0 0 0 0 0 0
10.566 5 IMU_MAG_RAW 0 0 0
10.614 5 DL_VALUE 16 0.
10.656 5 GPS_INT 485068783 -31588258 411660326 404501427 -37259086 701005 650769 25 -1 50 1337 105 383191250 338 5 3 1
10.657 5 LIDAR 4.12 176 1
10.672 5 INS 1031 -512 43108400 110100 0 -57952452 13 -20 -376
10.736 5 ROTORCRAFT_FP -512 1031 -43106980 0 110100 57962424 -12767 48 -5054 0 0 0 0 0 0
10.737 5 ROVER_STATUS 2 0 3 4 0 1342 7.8242
10.864 5 ENERGY 0 7.815369 0.325 2.539995 0.381041 2.910047
10.906 5 GPS_INT 485068781 -31588260 411660313 404501419 -37259088 700909 650672 17 4 41 1337 106 383191500 338 5 3 1
10.922 5 INS 1008 -517 43101300 104857 26214 -58003556 1 2 -376
10.948 5 LINK_REPORT 5 -1 11 0 9269 200 0 948. 20. 2 -1.6590039718e+12
10.986 5 ROTORCRAFT_FP -517 1008 -43099880 26214 104857 58013676 -12767 48 -5053 0 0 0 0 0 0
11.081 5 ROTORCRAFT_NAV_STATUS 1024 1024 0. 0. 3 0 2
11.113 5 ALIVE 53,218,81,70,62,199,115,110,109,98,53,234,26,129,160,165
11.155 5 GPS_INT 485068790 -31588264 411660316 404501415 -37259092 701005 650768 24 6 52 1337 105 383191750 338 5 3 1
11.156 5 SVINFO 20 79 12 4 25 25 234
11.171 5 INS 1000 -527 43094204 125829 36700 -58055852 -6 5 -337
11.234 5 ROTORCRAFT_FP -527 1000 -43092784 36700 125829 58065840 -12767 48 -5053 0 0 0 0 0 0
11.361 5 WP_MOVED_ENU 8 -760 -1031 2560
11.404 5 GPS_INT 485068790 -31588266 411660314 404501414 -37259094 700988 650752 31 -2 52 1336 104 383192000 338 5 3 1
11.420 5 INS 995 -532 43087104 99614 0 -58105888 0 8 -409
11.484 5 ROTORCRAFT_FP -532 995 -43085684 0 99614 58116188 -12767 48 -5052 0 0 0 0 0 0
11.564 5 IMU_MAG_RAW 0 0 0
11.654 5 GPS_INT 485068771 -31588265 411660292 404501410 -37259095 700703 650466 16 8 28 1336 102 383192250 338 5 3 1
11.655 5 SVINFO 22 81 12 7 29 57 21
11.655 5 LIDAR 4.14 176 1
11.670 5 INS 985 -532 43080004 57671 47185 -58156416 13 1 -395
11.734 5 ROTORCRAFT_FP -532 985 -43078584 47185 57671 58166184 -12767 48 -5052 0 0 0 0 0 0
11.735 5 DL_VALUE 17 1.
11.861 5 UART_ERRORS 0 7 38 1
11.877 5 UART_ERRORS 0 0 1 2
11.877 5 UART_ERRORS 0 1 0 3
11.878 5 STATE_FILTER_STATUS 6 3 0
11.907 5 GPS_INT 485068779 -31588267 411660298 404501410 -37259096 700801 650565 35 0 32 1336 107 383192500 338 5 3 1
11.907 5 SVINFO 23 82 12 4 18 35 307
11.922 5 INS 983 -537 43072904 5242 10485 -58206812 6 -11 -414
11.923 5 ROVER_STATUS 2 0 3 4 0 1343 7.815369
11.951 5 LINK_REPORT 5 -1 12 0 10339 226 0 1070. 26. 2 -1.6590039718e+12
11.982 5 ROTORCRAFT_FP -537 983 -43071484 10485 5242 58217560 -12767 48 -5054 0 0 0 0 0 0
12.153 5 GPS_INT 485068782 -31588271 411660290 404501402 -37259101 700775 650538 19 3 55 1336 110 383192750 338 5 3 1
12.168 5 INS 962 -545 43065804 152043 20971 -58258232 -7 -5 -399
12.232 5 ROTORCRAFT_FP -545 962 -43064384 20971 152043 58268368 -12767 48 -5054 0 0 0 0 0 0
12.401 5 GPS_INT 485068786 -31588275 411660289 404501399 -37259105 700801 650565 27 -5 50 1336 106 383193000 338 5 3 1
12.417 5 INS 952 -555 43058704 104857 -20971 -58309540 -20 6 -419
12.481 5 ROTORCRAFT_FP -555 952 -43057284 -20971 104857 58319408 -12767 48 -5053 0 0 0 0 0 0
12.561 5 INS_REF 485069569 -31588109 411660456 404501063 -37258851 707753 657517 0.
12.562 5 IMU_MAG_RAW 0 0 0
12.651 5 GPS_INT 485068793 -31588278 411660281 404501390 -37259109 700806 650570 31 3 28 1337 107 383193250 338 5 3 1
12.652 5 WP_MOVED_ENU 9 -775 1018 2560
12.666 5 LIDAR 4.13 176 1
12.683 5 ROTORCRAFT_NAV_STATUS 1024 1024 0. 0. 3 0 2
12.733 5 ROTORCRAFT_FP -563 926 -43050184 26214 5242 58370844 -12767 48 -5056 0 0 0 0 0 0
12.810 5 DL_VALUE 18 1.
12.901 5 GPS_INT 485068803 -31588285 411660274 404501379 -37259116 700839 650603 23 -4 25 1336 104 383193500 338 5 3 1
12.916 5 INS 896 -578 43044500 15728 -15728 -58412248 17 13 -394
12.950 5 LINK_REPORT 5 -1 13 0 11211 243 0 872. 17. 2 -1.6590039718e+12
12.980 5 ROTORCRAFT_FP -578 896 -43043080 -15728 15728 58422504 -12767 48 -5059 0 0 0 0 0 0
13.108 5 ROVER_STATUS 2 0 3 4 0 1344 7.815369
13.150 5 GPS_INT 485068812 -31588293 411660273 404501372 -37259125 700904 650668 14 -4 42 1336 110 383193750 338 5 3 1
13.166 5 INS 878 -596 43037400 115343 -20971 -58462620 14 -18 -414
13.214 5 ALIVE 53,218,81,70,62,199,115,110,109,98,53,234,26,129,160,165
13.230 5 ROTORCRAFT_FP -596 878 -43035980 -20971 115343 58472604 -12767 48 -5058 0 0 0 0 0 0
13.357 5 ENERGY 0 7.815369 0.3 2.344611 0.381234 2.911556
13.389 5 GPS_INT 485068807 -31588301 411660247 404501357 -37259134 700701 650465 19 -14 27 1336 104 383194000 338 5 3 1
13.421 5 INS 834 -619 43030300 36700 -68157 -58512936 9 36 -398
13.469 5 ROTORCRAFT_FP -619 834 -43028876 -68157 36700 58522864 -12767 48 -5056 0 0 0 0 0 0
13.549 5 IMU_MAG_RAW 0 0 0
13.565 5 DATALINK_REPORT 1342 0 33110 960 0 0
13.645 5 GPS_INT 485068805 -31588310 411660226 404501343 -37259145 700554 650318 19 -1 22 1336 104 383194250 338 5 3 1
13.646 5 LIDAR 4.12 176 1
13.897 5 GPS_INT 485068805 -31588319 411660214 404501335 -37259156 700478 650241 21 -9 25 1336 102 383194500 338 5 3 1
13.897 5 SVINFO 5 14 4 1 0 11 322
13.922 5 INS 770 -665 43016008 26214 -41943 -58613732 8 21 -355
13.923 5 DL_VALUE 19 1.
13.951 5 LINK_REPORT 5 -1 14 0 12046 261 0 835. 18. 2 -1.6590039718e+12
13.954 5 WP_MOVED_ENU 10 10160 10329 2560
14.162 5 INS 744 -680 43008808 -36700 0 -58664924 1 3 -409
14.225 5 ROTORCRAFT_FP -680 744 -43007368 0 -36700 58675228 -12767 48 -5065 0 0 0 0 0 0
14.272 5 ROTORCRAFT_NAV_STATUS 1024 1024 0. 0. 3 0 2
14.304 5 ROVER_STATUS 2 0 3 4 0 1345 7.8242
14.394 5 GPS_INT 485068847 -31588336 411660221 404501315 -37259172 700851 650615 40 2 31 1335 106 383195000 338 5 3 1
14.395 5 SVINFO 7 21 15 7 26 63 299
14.410 5 INS 714 -701 43001612 -15728 20971 -58715364 4 -7 -423
14.474 5 ROTORCRAFT_FP -701 714 -43000172 20971 -15728 58725488 -12767 48 -5068 0 0 0 0 0 0
14.554 5 IMU_MAG_RAW 0 0 0
14.644 5 GPS_INT 485068844 -31588338 411660214 404501311 -37259176 700785 650549 19 7 44 1335 104 383195250 338 5 3 1
14.645 5 LIDAR 4.15 176 1
14.659 5 INS 704 -706 42994416 110100 41943 -58765384 20 19 -394
14.723 5 ROTORCRAFT_FP -706 704 -42992976 41943 110100 58775156 -12768 48 -5065 0 0 0 0 0 0
14.893 5 GPS_INT 485068860 -31588340 411660235 404501316 -37259176 701045 650809 26 -3 58 1335 107 383195500 338 5 3 1
14.952 5 LINK_REPORT 5 -1 15 0 12759 276 0 713. 15. 2 -1.6590039718e+12
14.973 5 ROTORCRAFT_FP -709 719 -42985780 -10485 141557 58825064 -12767 48 -5062 0 0 0 0 0 0
14.974 5 UART_ERRORS 0 0 0 4
15.005 5 DL_VALUE 20 80.
15.068 5 STATE_FILTER_STATUS 6 3 0
15.143 5 GPS_INT 485068867 -31588341 411660236 404501313 -37259178 701103 650866 29 0 49 1335 105 383195750 338 5 3 1
15.144 5 SVINFO 10 27 15 6 27 51 115
15.221 5 ROTORCRAFT_FP -711 709 -42978584 5242 94371 58876364 -12768 48 -5060 0 0 0 0 0 0
15.253 5 WP_MOVED_ENU 11 10329 -10160 2560
15.301 5 ALIVE 53,218,81,70,62,199,115,110,109,98,53,234,26,129,160,165
15.391 5 GPS_INT 485068867 -31588346 411660233 404501310 -37259183 701085 650848 19 -3 58 1335 109 383196000 338 5 3 1
15.407 5 INS 701 -724 42972824 162529 -10485 -58917016 -1 17 -389
15.471 5 ROTORCRAFT_FP -724 701 -42971384 -10485 162529 58926844 -12768 48 -5058 0 0 0 0 0 0
15.503 5 ROVER_STATUS 2 0 3 4 0 1347 7.815369
15.550 5 IMU_MAG_RAW 0 0 0
15.641 5 GPS_INT 485068858 -31588349 411660214 404501303 -37259188 700895 650659 18 2 37 1334 104 383196250 338 5 3 1
15.641 5 SVINFO 12 32 4 3 10 21 98
15.642 5 LIDAR 4.13 176 1
15.656 5 INS 680 -732 42965624 83886 15728 -58967676 4 20 -408
15.720 5 ROTORCRAFT_FP -732 680 -42964184 15728 83886 58977816 -12768 49 -5057 0 0 0 0 0 0
15.848 5 ENERGY 0 7.8242 0.325 2.542865 0.381437 2.913141
15.864 5 ROTORCRAFT_NAV_STATUS 1024 1024 0. 0. 3 0 2
15.894 5 GPS_INT 485068870 -31588356 411660215 404501296 -37259194 701005 650768 26 2 43 1334 103 383196500 338 5 3 1
15.953 5 LINK_REPORT 5 -1 16 0 13704 298 0 945. 22. 3 -1.6590039768e+12
15.969 5 ROTORCRAFT_FP -747 660 -42956984 15728 78643 59028640 -12768 49 -5055 0 0 0 0 0 0
16.096 5 DL_VALUE 21 80.
16.139 5 GPS_INT 485068884 -31588367 411660222 404501292 -37259206 701161 650924 25 -10 64 1334 109 383196750 338 5 3 1
16.155 5 INS 650 -773 42951224 167772 -47185 -59068620 7 -4 -390
16.218 5 ROTORCRAFT_FP -773 650 -42949784 -47185 167772 59078516 -12768 49 -5054 0 0 0 0 0 0
16.388 5 GPS_INT 485068912 -31588375 411660251 404501296 -37259214 701562 651326 55 -9 49 1334 105 383197000 338 5 3 1
16.389 5 SVINFO 15 136 12 7 33 42 167
16.404 5 INS 660 -791 42944024 5242 -31457 -59118808 -14 -1 -409
16.467 5 ROTORCRAFT_FP -791 660 -42942584 -31457 5242 59129084 -12767 49 -5057 0 0 0 0 0 0
16.546 5 WP_MOVED_ENU 12 -10160 -10329 2560
16.547 5 IMU_MAG_RAW 0 0 0
16.637 5 GPS_INT 485068955 -31588387 411660287 404501295 -37259225 702127 651890 58 -8 48 1333 106 383197250 338 5 3 1
16.637 5 SVINFO 16 65 12 4 18 27 39
16.638 5 LIDAR 4.13 176 8
16.652 5 INS 657 -814 42936824 -10485 -26214 -59170480 1 -11 -433
16.716 5 ROTORCRAFT_FP -814 657 -42935384 -26214 -10485 59180396 -12767 49 -5060 0 0 0 0 0 0
16.717 5 ROVER_STATUS 2 0 3 4 0 1348 7.8242
16.886 5 GPS_INT 485068972 -31588396 411660288 404501285 -37259233 702264 652028 46 -1 38 1334 108 383197500 338 5 3 1
16.887 5 SVINFO 17 66 12 4 23 47 111
16.904 5 INS 629 -834 42929624 -5242 5242 -59220752 35 -8 -384
16.953 5 LINK_REPORT 5 -1 17 0 14639 318 0 935. 20. 3 -1.6590039768e+12
16.966 5 ROTORCRAFT_FP -834 629 -42928184 5242 -5242 59230908 -12767 50 -5062 0 0 0 0 0 0
17.136 5 GPS_INT 485068973 -31588400 411660276 404501276 -37259238 702196 651960 24 1 27 1333 104 383197750 338 5 3 1
17.151 5 INS 604 -844 42922424 26214 10485 -59271256 17 11 -384
17.216 5 ROTORCRAFT_FP -844 604 -42920984 10485 26214 59281032 -12767 50 -5066 0 0 0 0 0 0
17.216 5 DL_VALUE 22 0.
17.385 5 GPS_INT 485068971 -31588400 411660262 404501268 -37259239 702091 651855 29 1 33 1333 104 383198000 338 5 3 1
17.386 5 ALIVE 53,218,81,70,62,199,115,110,109,98,53,234,26,129,160,165
17.401 5 INS 581 -844 42915224 31457 10485 -59321544 -3 -1 -419
17.464 5 ROTORCRAFT_FP -844 581 -42913780 10485 31457 59331724 -12767 49 -5068 0 0 0 0 0 0
17.465 5 ROTORCRAFT_NAV_STATUS 1024 1024 0. 0. 3 0 2
17.543 5 IMU_MAG_RAW 0 0 0
17.658 5 GPS_INT 485068968 -31588401 411660248 404501260 -37259240 701980 651743 19 -8 36 1333 105 383198250 338 5 3 1
17.659 5 SVINFO 20 79 12 4 22 25 234
17.688 5 INS_REF 485069569 -31588109 411660456 404501063 -37258851 707753 657517 0.
17.688 5 LIDAR 4.12 176 1
17.688 5 INS 558 -847 42908020 73400 -36700 -59371992 8 14 -422
17.689 5 AUTOPILOT_VERSION 60200 v6.2_unstable-101-g8a957fd0a-dirty
17.706 5 ROTORCRAFT_FP -847 558 -42906576 -36700 73400 59381756 -12767 50 -5066 0 0 0 0 0 0
17.833 5 WP_MOVED_ENU 13 -10329 10160 2560
17.881 5 GPS_INT 485068972 -31588405 411660238 404501251 -37259244 701946 651709 15 -10 29 1333 105 383198500 338 5 3 1
17.908 5 INS 532 -857 42900768 57671 -52428 -59422128 0 -10 -423
17.908 5 ROVER_STATUS 2 0 3 4 0 1349 7.815369
17.954 5 LINK_REPORT 5 -1 18 0 15687 340 0 1048. 22. 3 -1.6590039768e+12
17.956 5 ROTORCRAFT_FP -857 532 -42899312 -52428 57671 59431996 -12767 50 -5063 0 0 0 0 0 0
18.052 5 UART_ERRORS 0 7 38 1
18.052 5 UART_ERRORS 0 0 1 2
18.132 5 GPS_INT 485068981 -31588411 411660236 404501244 -37259250 702003 651767 26 -2 36 1332 103 383198750 338 5 3 1
18.133 5 SVINFO 22 81 12 7 27 57 21
18.148 5 INS 512 -870 42893472 52428 -5242 -59472664 15 22 -441
18.212 5 ROTORCRAFT_FP -870 512 -42892012 -5242 52428 59482440 -12767 50 -5060 0 0 0 0 0 0
18.259 5 STATE_FILTER_STATUS 6 3 0
18.291 5 DL_VALUE 23 1.
18.339 5 ENERGY 0 7.815369 0.3 2.344611 0.381625 2.914612
18.381 5 GPS_INT 485068988 -31588414 411660244 404501245 -37259254 702113 651876 15 10 57 1332 108 383199000 338 5 3 1
18.382 5 SVINFO 23 82 12 4 21 35 307
18.397 5 INS 514 -878 42886180 178257 52428 -59523872 -6 20 -409
18.461 5 ROTORCRAFT_FP -878 514 -42884720 52428 178257 59533864 -12768 50 -5058 0 0 0 0 0 0
18.541 5 IMU_MAG_RAW 0 0 0
18.631 5 GPS_INT 485068996 -31588415 411660254 404501247 -37259255 702239 652002 29 -1 53 1331 103 383199250 338 5 3 1
18.632 5 DATALINK_REPORT 1347 0 33219 985 0 0
18.646 5 LIDAR 4.15 176 1
18.647 5 INS 522 -878 42878880 110100 0 -59574472 27 15 -413
18.711 5 ROTORCRAFT_FP -878 522 -42877424 0 110100 59584700 -12768 50 -5057 0 0 0 0 0 0
18.880 5 GPS_INT 485069010 -31588418 411660269 404501249 -37259257 702440 652203 46 -4 61 1330 102 383199500 338 5 3 1
18.896 5 INS 527 -883 42871584 83886 -10485 -59625440 12 -14 -423
18.955 5 LINK_REPORT 5 -1 19 0 16666 362 0 979. 22. 3 -1.6590039768e+12
18.959 5 ROTORCRAFT_FP -883 527 -42870128 -10485 83886 59635204 -12767 50 -5055 0 0 0 0 0 0
19.055 5 ROTORCRAFT_NAV_STATUS 1024 1024 0. 0. 3 0 2
19.103 5 ROVER_STATUS 2 0 3 4 0 1350 7.815369
19.129 5 GPS_INT 485069007 -31588418 411660269 404501251 -37259257 702421 652185 35 5 59 1329 101 383199750 338 5 3 1
19.144 5 WP_MOVED_ENU 0 0 0 2560
19.145 5 INS 532 -883 42864288 115343 36700 -59675860 -31 6 -409
19.209 5 ROTORCRAFT_FP -883 532 -42862828 36700 115343 59685648 -12767 50 -5054 0 0 0 0 0 0
19.378 5 GPS_INT 485069001 -31588420 411660259 404501248 -37259260 702310 652074 36 -7 51 1329 103 383200000 338 5 3 1
19.379 5 SVINFO 1 3 4 3 14 11 208
19.394 5 INS 522 -890 42856992 78643 -26214 -59726072 -24 -2 -419
19.395 5 DL_VALUE 24 1.
19.458 5 ROTORCRAFT_FP -890 522 -42855532 -26214 78643 59736352 -12767 50 -5053 0 0 0 0 0 0
19.490 5 ALIVE 53,218,81,70,62,199,115,110,109,98,53,234,26,129,160,165
19.538 5 IMU_MAG_RAW 0 0 0
19.628 5 GPS_INT 485068987 -31588425 411660242 404501244 -37259267 702099 651862 30 -15 36 1328 102 383200250 338 5 3 1
19.629 5 LIDAR 4.14 176 1
19.645 5 INS 512 -906 42849692 36700 -73400 -59777432 -16 5 -433
19.708 5 ROTORCRAFT_FP -906 512 -42848232 -73400 36700 59787536 -12768 50 -5052 0 0 0 0 0 0
19.877 5 GPS_INT 485068986 -31588431 411660243 404501244 -37259273 702100 651864 39 -12 35 1328 104 383200500 338 5 3 1
19.878 5 SVINFO 3 8 15 4 21 82 357
19.893 5 INS 514 -921 42842392 0 -52428 -59827620 -8 8 -366
19.956 5 LINK_REPORT 5 -1 20 0 17638 383 0 972. 21. 3 -1.6590039768e+12
19.956 5 ROTORCRAFT_FP -921 514 -42840932 -52428 0 59837180 -12768 50 -5055 0 0 0 0 0 0
20.126 5 GPS_INT 485068972 -31588432 411660227 404501242 -37259276 701889 651652 28 7 33 1327 102 383200750 337 5 3 1
20.127 5 SVINFO 4 10 15 7 33 34 48
20.142 5 INS 506 -926 42835092 36700 41943 -59877528 17 11 -408
20.206 5 ROTORCRAFT_FP -926 506 -42833632 41943 36700 59887620 -12768 50 -5054 0 0 0 0 0 0
20.285 5 ROVER_STATUS 2 0 3 4 0 1351 7.815369
20.376 5 GPS_INT 485068966 -31588434 411660227 404501246 -37259279 701843 651606 21 0 43 1327 105 383201000 337 5 3 1
20.392 5 INS 517 -931 42827788 99614 5242 -59927992 8 -2 -414
20.439 5 WP_MOVED_ENU 1 0 0 2560
20.458 5 ROTORCRAFT_FP -931 517 -42826328 5242 99614 59938048 -12767 50 -5053 0 0 0 0 0 0
20.487 5 DL_VALUE 25 0.
20.535 5 IMU_MAG_RAW 0 0 0
20.615 5 GPS_INT 485068939 -31588435 411660200 404501243 -37259282 701465 651228 7 -5 36 1327 121 383201250 337 5 3 1
20.631 5 LIDAR 4.17 176 1
20.647 5 INS 509 -939 42820488 115343 -26214 -59979544 26 9 -437
20.647 5 ROTORCRAFT_NAV_STATUS 1024 1024 0. 0. 3 0 2
20.705 5 ROTORCRAFT_FP -939 509 -42819028 -26214 115343 59989876 -12767 49 -5053 0 0 0 0 0 0
20.875 5 GPS_INT 485068921 -31588438 411660183 404501242 -37259287 701219 650983 5 -6 14 1327 113 383201500 337 5 3 1
20.890 5 INS 504 -949 42813188 36700 -31457 -60030012 -2 0 -376
20.953 5 ROTORCRAFT_FP -949 504 -42811728 -31457 36700 60039728 -12767 50 -5054 0 0 0 0 0 0
20.956 5 LINK_REPORT 5 -1 21 0 18630 403 0 992. 20. 4 -1.6590039818e+12
21.124 5 GPS_INT 485068910 -31588441 411660170 404501239 -37259291 701057 650821 8 -9 -2 1327 116 383201750 337 5 3 1
21.149 5 INS 499 -960 42805888 -41943 -47185 -60080020 -3 0 -366
21.150 5 UART_ERRORS 0 1 0 3
21.150 5 UART_ERRORS 0 0 0 4
21.197 5 ROTORCRAFT_FP -960 499 -42804428 -47185 -41943 60090356 -12767 50 -5054 0 0 0 0 0 0
21.372 5 GPS_INT 485068911 -31588442 411660172 404501239 -37259293 701077 650841 5 3 9 1326 101 383202000 337 5 3 1
21.388 5 INS 499 -962 42798588 15728 15728 -60131540 -13 18 -423
21.451 5 ROTORCRAFT_FP -962 499 -42797128 15728 15728 60141956 -12766 50 -5056 0 0 0 0 0 0
21.451 5 STATE_FILTER_STATUS 6 3 0
21.482 5 ROVER_STATUS 2 0 3 4 0 1353 7.815369
21.531 5 IMU_MAG_RAW 0 0 0
21.582 5 ALIVE 53,218,81,70,62,199,115,110,109,98,53,234,26,129,160,165
21.583 5 DL_VALUE 26 0.
21.626 5 LIDAR 4.12 176 1
21.642 5 INS 486 -962 42791280 -10485 20971 -60182916 -16 11 -419
21.704 5 ROTORCRAFT_FP -962 486 -42789812 20971 -10485 60193444 -12767 50 -5059 0 0 0 0 0 0
21.720 5 WP_MOVED_ENU 2 7 -1024 2560
21.864 5 GPS_INT 485068904 -31588442 411660150 404501229 -37259293 700875 650639 10 -1 1 1326 133 383202500 337 5 3 1
21.880 5 INS 468 -962 42783928 -31457 -5242 -60234264 -15 -9 -395
21.944 5 ROTORCRAFT_FP -962 468 -42782452 -5242 -31457 60244088 -12767 50 -5062 0 0 0 0 0 0
21.956 5 LINK_REPORT 5 -1 22 0 19519 423 0 889. 20. 4 -1.6590039818e+12
22.120 5 GPS_INT 485068906 -31588444 411660146 404501224 -37259295 700867 650631 10 0 25 1325 109 383202750 337 5 3 1
22.135 5 INS 458 -967 42776536 62914 0 -60284660 -18 -25 -400
22.200 5 ROTORCRAFT_FP -967 458 -42775056 0 62914 60294648 -12766 50 -5061 0 0 0 0 0 0
22.247 5 ROTORCRAFT_NAV_STATUS 1024 1024 0. 0. 3 0 2
22.369 5 GPS_INT 485068921 -31588446 411660156 404501223 -37259296 701042 650806 24 1 29 1325 103 383203000 337 5 3 1
22.385 5 INS 453 -970 42769140 31457 10485 -60334900 32 -6 -409
22.449 5 ROTORCRAFT_FP -970 453 -42767660 10485 31457 60345132 -12766 50 -5062 0 0 0 0 0 0
22.528 5 IMU_MAG_RAW 0 0 0
22.624 5 LIDAR 4.13 176 1
22.710 5 ROTORCRAFT_FP -972 435 -42760260 10485 10485 60395776 -12766 50 -5065 0 0 0 0 0 0
22.711 5 ROVER_STATUS 2 0 3 4 0 1354 7.815369
22.739 5 DL_VALUE 27 0.
22.740 5 INS_REF 485069569 -31588109 411660456 404501063 -37258851 707753 657517 0.
22.867 5 GPS_INT 485068935 -31588447 411660153 404501212 -37259297 701137 650901 14 -2 22 1322 100 383203500 337 5 3 1
22.883 5 INS 422 -970 42754340 36700 -10485 -60436796 -15 7 -395
22.947 5 ROTORCRAFT_FP -970 422 -42752860 -10485 36700 60446984 -12767 50 -5068 0 0 0 0 0 0
22.957 5 LINK_REPORT 5 -1 23 0 20319 439 0 800. 16. 4 -1.6590039818e+12
23.026 5 WP_MOVED_ENU 3 -762 -775 2560
23.117 5 GPS_INT 485068936 -31588448 411660146 404501207 -37259297 701096 650860 7 -5 16 1320 105 383203750 337 5 3 1
23.117 5 SVINFO 16 65 12 4 21 26 38
23.132 5 INS 407 -972 42746940 36700 -26214 -60487424 1 6 -371
23.197 5 ROTORCRAFT_FP -972 407 -42745460 -26214 36700 60497524 -12767 50 -5071 0 0 0 0 0 0
23.324 5 ENERGY 0 7.815369 0.375 2.930763 0.382031 2.917781
23.366 5 GPS_INT 485068933 -31588445 411660137 404501203 -37259294 701012 650776 5 9 34 1318 112 383204000 337 5 3 1
23.367 5 SVINFO 17 66 12 4 25 47 111
23.382 5 INS 394 -965 42739540 120586 47185 -60538392 5 14 -457
23.445 5 ROTORCRAFT_FP -965 394 -42738060 47185 120586 60548464 -12767 50 -5068 0 0 0 0 0 0
23.525 5 IMU_MAG_RAW 0 0 0
23.615 5 GPS_INT 485068945 -31588442 411660144 404501200 -37259290 701155 650919 12 4 32 1316 104 383204250 337 5 3 1
23.616 5 LIDAR 4.12 176 1
23.630 5 INS 389 -954 42732140 83886 20971 -60588880 -36 -6 -410
23.679 5 ALIVE 53,218,81,70,62,199,115,110,109,98,53,234,26,129,160,165
23.695 5 ROTORCRAFT_FP -954 389 -42730660 20971 83886 60598828 -12767 50 -5065 0 0 0 0 0 0
23.710 5 DATALINK_REPORT 1352 0 33322 963 0 0
23.774 5 DL_VALUE 28 1.
23.838 5 ROTORCRAFT_NAV_STATUS 1024 1024 0. 0. 3 0 2
23.869 5 GPS_INT 485068961 -31588439 411660152 404501197 -37259285 701323 651087 10 5 36 1313 107 383204500 337 5 3 1
23.885 5 INS 378 -944 42724740 110100 26214 -60639268 -2 -15 -390
23.886 5 ROVER_STATUS 2 0 3 4 0 1355 7.815369
23.943 5 ROTORCRAFT_FP -944 378 -42723260 26214 110100 60649360 -12767 50 -5061 0 0 0 0 0 0
23.958 5 LINK_REPORT 5 -1 24 0 21349 462 0 1030. 23. 4 -1.6590039818e+12
24.114 5 GPS_INT 485068979 -31588433 411660162 404501193 -37259277 701523 651286 25 3 26 1311 98 383204750 337 5 3 1
24.115 5 SVINFO 20 79 12 4 20 25 233
24.129 5 INS 368 -926 42717340 15728 20971 -60689624 -8 3 -376
24.193 5 ROTORCRAFT_FP -926 368 -42715860 20971 15728 60699792 -12767 50 -5063 0 0 0 0 0 0
24.224 5 UART_ERRORS 0 7 38 1
24.320 5 WP_MOVED_ENU 4 -504 -1029 2560
24.362 5 GPS_INT 485068993 -31588429 411660168 404501189 -37259271 701662 651426 21 -3 27 1309 97 383205000 337 5 3 1
24.378 5 INS 358 -913 42709940 31457 -10485 -60740512 21 -24 -342
24.442 5 ROTORCRAFT_FP -913 358 -42708460 -10485 31457 60750736 -12767 50 -5066 0 0 0 0 0 0
24.522 5 IMU_MAG_RAW 0 0 0
24.612 5 GPS_INT 485068996 -31588425 411660173 404501192 -37259266 701718 651482 8 2 44 1308 117 383205250 337 5 3 1
24.612 5 SVINFO 22 81 12 7 29 57 21
24.613 5 LIDAR 4.13 176 1
24.642 5 INS 363 -903 42702540 146800 10485 -60791244 17 -9 -404
24.643 5 STATE_FILTER_STATUS 6 3 0
24.691 5 ROTORCRAFT_FP -903 363 -42701060 10485 146800 60801260 -12767 50 -5064 0 0 0 0 0 0
24.860 5 GPS_INT 485068997 -31588424 411660178 404501194 -37259264 701762 651526 13 2 43 1307 110 383205500 337 5 3 1
24.861 5 SVINFO 23 82 12 4 26 35 307
24.886 5 INS 371 -901 42695136 125829 10485 -60841412 13 4 -399
24.887 5 DL_VALUE 29 1.
24.934 5 ROTORCRAFT_FP -901 371 -42693656 10485 125829 60851360 -12767 50 -5061 0 0 0 0 0 0
24.959 5 LINK_REPORT 5 -1 25 0 22297 483 0 948. 21. 4 -1.6590039818e+12
25.078 5 ROVER_STATUS 2 0 3 4 0 1356 7.815369
25.110 5 GPS_INT 485068993 -31588421 411660176 404501195 -37259262 701712 651476 13 -2 32 1305 103 383205750 337 5 3 1
25.126 5 INS 373 -893 42687728 78643 -10485 -60891972 -6 -18 -399
25.381 5 INS 373 -890 42680328 57671 -10485 -60943088 -13 1 -361
25.439 5 ROTORCRAFT_FP -890 373 -42678848 -10485 57671 60953476 -12766 50 -5057 0 0 0 0 0 0
25.440 5 ROTORCRAFT_NAV_STATUS 1024 1024 0. 0. 3 0 2
25.519 5 IMU_MAG_RAW 0 0 0
25.638 5 GPS_INT 485068995 -31588419 411660174 404501193 -37259259 701719 651483 17 -12 51 1303 109 383206250 337 5 3 1
25.639 5 SVINFO 0 1 15 7 31 36 270
25.639 5 WP_MOVED_ENU 5 519 -1021 2560
25.639 5 LIDAR 4.14 176 1
25.639 5 INS 366 -888 42672924 141557 -57671 -60993848 10 15 -398
25.686 5 ROTORCRAFT_FP -888 366 -42671440 -57671 141557 61004136 -12766 50 -5056 0 0 0 0 0 0
25.766 5 ALIVE 53,218,81,70,62,199,115,110,109,98,53,234,26,129,160,165
25.813 5 ENERGY 0 7.815369 0.375 2.930763 0.382282 2.919745
25.857 5 GPS_INT 485068986 -31588417 411660165 404501192 -37259258 701591 651354 19 2 45 1302 104 383206500 337 5 3 1
25.873 5 INS 366 -885 42665484 115343 15728 -61044516 -7 15 -409
25.937 5 ROTORCRAFT_FP -885 366 -42663988 15728 115343 61054264 -12767 50 -5054 0 0 0 0 0 0
25.961 5 LINK_REPORT 5 -1 26 0 23123 501 0 826. 18. 5 -1.6590039868e+12
25.969 5 DL_VALUE 30 0.
26.107 5 GPS_INT 485068987 -31588416 411660162 404501190 -37259256 701574 651338 25 1 41 1302 100 383206750 337 5 3 1
26.108 5 I2C_ERRORS 0 0 9911 0 0 0 0 0 0 0 0 1
26.123 5 INS 358 -883 42657992 78643 10485 -61095048 4 29 -427
26.187 5 ROTORCRAFT_FP -883 358 -42656492 10485 78643 61105072 -12767 50 -5053 0 0 0 0 0 0
26.266 5 ROVER_STATUS 2 0 3 4 0 1357 7.815369
26.346 5 SVINFO 3 8 15 4 23 82 357
26.378 5 INS 363 -885 42650492 78643 -20971 -61145428 3 12 -376
26.436 5 ROTORCRAFT_FP -885 363 -42648992 -20971 78643 61155196 -12767 50 -5052 0 0 0 0 0 0
26.516 5 IMU_MAG_RAW 0 0 0
26.606 5 GPS_INT 485068994 -31588417 411660163 404501186 -37259256 701629 651392 32 -1 36 1303 102 383207250 337 5 3 1
26.606 5 SVINFO 4 10 15 7 31 34 48
26.607 5 LIDAR 4.17 176 1
26.622 5 INS 348 -883 42642992 31457 5242 -61195592 13 -1 -385
26.685 5 ROTORCRAFT_FP -883 348 -42641492 5242 31457 61205884 -12767 49 -5054 0 0 0 0 0 0
26.855 5 GPS_INT 485068979 -31588414 411660143 404501181 -37259254 701389 651152 15 2 41 1302 107 383207500 337 5 3 1
26.870 5 INS 332 -878 42635492 110100 10485 -61246404 27 -11 -419
26.918 5 WP_MOVED_ENU 6 760 1031 2560
26.934 5 ROTORCRAFT_FP -878 332 -42633992 10485 110100 61256344 -12767 49 -5054 0 0 0 0 0 0
26.961 5 LINK_REPORT 5 -1 27 0 24005 520 0 882. 19. 5 -1.6590039868e+12
27.030 5 ROTORCRAFT_NAV_STATUS 1024 1024 0. 0. 3 0 2
27.062 5 DL_VALUE 31 0.
27.104 5 GPS_INT 485068968 -31588412 411660130 404501178 -37259252 701222 650986 18 1 31 1302 102 383207750 337 5 3 1
27.119 5 INS 327 -875 42627992 57671 10485 -61297176 -8 1 -419
27.183 5 ROTORCRAFT_FP -875 327 -42626492 10485 57671 61307168 -12767 49 -5053 0 0 0 0 0 0
27.311 5 UART_ERRORS 0 0 1 2
27.327 5 UART_ERRORS 0 1 0 3
27.327 5 UART_ERRORS 0 0 0 4
27.353 5 GPS_INT 485068986 -31588413 411660153 404501184 -37259253 701506 651270 42 -4 59 1301 101 383208000 337 5 3 1
27.369 5 INS 343 -875 42620492 89128 -10485 -61348092 16 4 -389
27.432 5 ROTORCRAFT_FP -875 343 -42618992 -10485 89128 61357956 -12767 49 -5052 0 0 0 0 0 0
27.463 5 ROVER_STATUS 2 0 3 4 0 1359 7.815369
27.511 5 IMU_MAG_RAW 0 0 0
27.602 5 GPS_INT 485068997 -31588415 411660161 404501183 -37259254 701643 651407 52 -10 51 1301 101 383208250 337 5 3 1
27.603 5 LIDAR 4.13 176 1
27.617 5 INS 337 -878 42612992 20971 -36700 -61398772 -1 -1 -409
27.682 5 ROTORCRAFT_FP -878 337 -42611492 -36700 20971 61409084 -12767 49 -5054 0 0 0 0 0 0
27.777 5 INS_REF 485069569 -31588109 411660456 404501063 -37258851 707753 657517 0.
27.825 5 STATE_FILTER_STATUS 6 3 0
27.854 5 GPS_INT 485069003 -31588418 411660165 404501182 -37259257 701710 651474 46 -11 49 1300 100 383208500 337 5 3 1
27.855 5 ALIVE 53,218,81,70,62,199,115,110,109,98,53,234,26,129,160,165
27.869 5 INS 335 -885 42605492 36700 -41943 -61449404 -8 1 -376
27.931 5 ROTORCRAFT_FP -885 335 -42603992 -41943 36700 61459492 -12767 49 -5054 0 0 0 0 0 0
27.963 5 LINK_REPORT 5 -1 28 0 25031 543 0 1026. 23. 5 -1.6590039868e+12
28.101 5 GPS_INT 485068999 -31588421 411660167 404501185 -37259261 701703 651467 51 2 52 1298 99 383208750 337 5 3 1
28.102 5 SVINFO 10 27 15 7 28 51 115
28.116 5 INS 345 -893 42597992 31457 26214 -61500316 -17 -1 -399
28.181 5 ROTORCRAFT_FP -893 345 -42596492 26214 31457 61510192 -12767 49 -5055 0 0 0 0 0 0
28.182 5 DL_VALUE 32 0.
28.213 5 WP_MOVED_ENU 7 775 -1018 2560
28.308 5 ENERGY 0 7.815369 0.375 2.930763 0.382556 2.921883
28.341 5 GPS_INT 485068996 -31588423 411660179 404501196 -37259264 701755 651519 37 4 71 1297 101 383209000 337 5 3 1
28.500 5 IMU_MAG_RAW 0 0 0
28.609 5 GPS_INT 485068990 -31588425 411660193 404501209 -37259266 701805 651569 37 5 73 1296 101 383209250 337 5 3 1
28.610 5 SVINFO 12 32 4 1 0 21 98
28.610 5 LIDAR 4.14 176 6
28.610 5 INS 412 -903 42582992 162529 36700 -61602920 -11 6 -380
28.625 5 ROTORCRAFT_NAV_STATUS 1024 1024 0. 0. 3 0 2
28.683 5 ROTORCRAFT_FP -903 412 -42581492 36700 162529 61613056 -12767 49 -5054 0 0 0 0 0 0
28.684 5 ROVER_STATUS 2 0 3 4 0 1360 7.815369
28.731 5 AUTOPILOT_VERSION 60200 v6.2_unstable-101-g8a957fd0a-dirty
28.778 5 DATALINK_REPORT 1357 0 33432 985 0 0
28.843 5 GPS_INT 485068980 -31588425 411660192 404501214 -37259267 701721 651484 46 -1 85 1294 101 383209500 337 5 3 1
28.859 5 INS 427 -906 42575492 178257 5242 -61652352 16 4 -403
28.923 5 ROTORCRAFT_FP -906 427 -42573992 5242 178257 61662288 -12767 49 -5053 0 0 0 0 0 0
28.964 5 LINK_REPORT 5 -1 29 0 25963 564 0 932. 21. 5 -1.6590039868e+12
29.098 5 GPS_INT 485068971 -31588426 411660196 404501222 -37259268 701678 651442 48 -1 81 1292 99 383209750 337 5 3 1
29.177 5 ROTORCRAFT_FP -911 448 -42566492 10485 157286 61712192 -12767 49 -5053 0 0 0 0 0 0
29.256 5 DL_VALUE 33 0.
29.346 5 GPS_INT 485068964 -31588426 411660199 404501228 -37259270 701640 651404 57 -2 82 1289 98 383210000 337 5 3 1
29.362 5 INS 465 -911 42560492 131071 5242 -61752952 -11 6 -380
29.426 5 ROTORCRAFT_FP -911 465 -42558992 5242 131071 61762804 -12767 49 -5052 0 0 0 0 0 0
29.505 5 WP_MOVED_ENU 8 -760 -1031 2560
29.506 5 IMU_MAG_RAW 0 0 0
29.596 5 GPS_INT 485068949 -31588431 411660202 404501239 -37259276 701555 651319 63 -11 66 1287 98 383210250 337 5 3 1
29.597 5 SVINFO 16 65 12 4 22 26 38
29.597 5 LIDAR 4.13 176 1
29.612 5 INS 496 -926 42552988 41943 -36700 -61803596 21 -9 -409
29.675 5 ROTORCRAFT_FP -926 496 -42551484 -36700 41943 61813664 -12767 49 -5051 0 0 0 0 0 0
29.844 5 GPS_INT 485068924 -31588437 411660199 404501251 -37259285 701341 651105 31 -19 77 1285 103 383210500 337 5 3 1
29.845 5 SVINFO 17 66 12 4 20 47 111
29.923 5 ROTORCRAFT_FP -947 532 -42543960 -89128 193986 61864928 -12767 49 -5051 0 0 0 0 0 0
29.955 5 ALIVE 53,218,81,70,62,199,115,110,109,98,53,234,26,129,160,165
29.964 5 LINK_REPORT 5 -1 30 0 26785 581 0 822. 17. 5 -1.6590039868e+12
30.096 5 GPS_INT 485068908 -31588444 411660211 404501268 -37259295 701303 651067 34 -16 92 1283 104 383210750 337 5 3 1
30.096 5 SVINFO 18 67 4 3 20 17 164
30.110 5 INS 581 -967 42537888 246415 -73400 -61905280 36 -24 -395
30.173 5 ROTORCRAFT_FP -967 581 -42536368 -73400 246415 61915080 -12767 49 -5051 0 0 0 0 0 0
30.220 5 ROTORCRAFT_NAV_STATUS 1024 1024 0. 0. 3 0 2
30.346 5 GPS_INT 485068894 -31588450 411660223 404501284 -37259303 701279 651042 31 -15 79 1281 103 383211000 337 5 3 1
30.362 5 INS 627 -985 42530288 204472 -68157 -61955628 18 -14 -438
30.362 5 DL_VALUE 34 0.
30.422 5 ROTORCRAFT_FP -985 627 -42528768 -68157 204472 61966184 -12767 49 -5050 0 0 0 0 0 0
30.501 5 IMU_MAG_RAW 0 0 0
30.597 5 GPS_INT 485068878 -31588452 411660215 404501288 -37259307 701103 650867 54 -8 64 1279 98 383211250 337 5 3 1
30.598 5 SVINFO 20 79 12 4 23 25 233
30.598 5 LIDAR 4.13 176 1
30.799 5 ENERGY 0 7.815369 0.375 2.930763 0.382815 2.923912
30.799 5 WP_MOVED_ENU 9 -775 1018 2560
30.841 5 GPS_INT 485068858 -31588454 411660207 404501294 -37259311 700902 650665 54 0 55 1277 99 383211500 337 5 3 1
30.857 5 INS 655 -1000 42515092 31457 15728 -62057840 -6 -19 -419
30.921 5 ROTORCRAFT_FP -1000 655 -42513576 15728 31457 62068188 -12767 49 -5052 0 0 0 0 0 0
30.965 5 LINK_REPORT 5 -1 31 0 27617 599 0 832. 18. 6 -1.6590039918e+12
31.016 5 STATE_FILTER_STATUS 6 3 0
31.048 5 ROVER_STATUS 2 0 3 4 0 1362 7.815369
31.098 5 GPS_INT 485068838 -31588456 411660201 404501301 -37259315 700711 650475 55 -1 47 1274 99 383211750 337 5 3 1
31.098 5 SVINFO 22 81 12 7 30 57 21
31.110 5 INS 675 -1008 42507496 0 10485 -62108876 14 8 -379
31.170 5 ROTORCRAFT_FP -1008 675 -42505976 10485 0 62118768 -12767 49 -5054 0 0 0 0 0 0
31.339 5 GPS_INT 485068826 -31588460 411660208 404501313 -37259320 700667 650431 52 -3 45 1272 99 383212000 337 5 3 1
31.340 5 SVINFO 23 82 12 4 21 35 308
31.355 5 INS 709 -1021 42499896 0 0 -62158232 17 15 -384
31.419 5 ROTORCRAFT_FP -1021 709 -42498376 0 0 62169072 -12767 49 -5057 0 0 0 0 0 0
31.451 5 DL_VALUE 35 0.
31.499 5 IMU_MAG_RAW 0 0 0
31.589 5 GPS_INT 485068801 -31588461 411660196 404501319 -37259323 700403 650167 27 -3 50 1270 100 383212250 337 5 3 1
31.590 5 LIDAR 4.15 176 1
31.605 5 INS 727 -1029 42492296 104857 -10485 -62209628 -2 4 -438
31.668 5 ROTORCRAFT_FP -1029 727 -42490776 -10485 104857 62219612 -12767 49 -5057 0 0 0 0 0 0
31.811 5 ROTORCRAFT_NAV_STATUS 1024 1024 0. 0. 3 0 2
31.842 5 GPS_INT 485068778 -31588466 411660207 404501340 -37259331 700305 650068 30 -2 53 1267 100 383212500 337 5 3 1
31.858 5 INS 785 -1044 42484696 104857 -5242 -62260248 -6 -23 -404
31.917 5 ROTORCRAFT_FP -1044 785 -42483176 -5242 104857 62270620 -12767 49 -5056 0 0 0 0 0 0
31.966 5 LINK_REPORT 5 -1 32 0 28550 619 0 933. 20. 6 -1.6590039918e+12
32.045 5 ALIVE 53,218,81,70,62,199,115,110,109,98,53,234,26,129,160,165
32.087 5 GPS_INT 485068768 -31588471 411660222 404501356 -37259337 700329 650092 48 1 42 1264 98 383212750 337 5 3 1
32.087 5 SVINFO 0 1 15 7 32 36 271
32.088 5 WP_MOVED_ENU 10 10160 10329 2560
32.103 5 INS 832 -1059 42477096 0 20971 -62311040 9 25 -408
32.167 5 ROTORCRAFT_FP -1059 832 -42475576 20971 0 62321596 -12767 49 -5057 0 0 0 0 0 0
32.246 5 ROVER_STATUS 2 0 3 4 0 1363 7.815369
32.336 5 GPS_INT 485068754 -31588477 411660243 404501378 -37259345 700365 650128 47 3 46 1261 97 383213000 337 5 3 1
32.337 5 SVINFO 1 3 4 4 11 12 208
32.352 5 INS 896 -1077 42469496 20971 31457 -62362980 -19 15 -399
32.415 5 ROTORCRAFT_FP -1077 896 -42467976 31457 20971 62373312 -12767 49 -5060 0 0 0 0 0 0
32.495 5 IMU_MAG_RAW 0 0 0
32.543 5 DL_VALUE 36 0.
32.585 5 GPS_INT 485068741 -31588481 411660266 404501402 -37259352 700411 650175 33 2 61 1258 100 383213250 337 5 3 1
32.586 5 LIDAR 4.14 176 1
32.601 5 INS 960 -1090 42461896 131071 20971 -62413992 -6 9 -399
32.665 5 ROTORCRAFT_FP -1090 960 -42460376 20971 131071 62424544 -12767 50 -5059 0 0 0 0 0 0
32.835 5 GPS_INT 485068727 -31588486 411660286 404501423 -37259358 700437 650201 36 -1 62 1256 99 383213500 337 5 3 1
32.861 5 INS_REF 485069569 -31588109 411660456 404501063 -37258851 707753 657517 0.
32.862 5 INS 1021 -1103 42454296 120586 5242 -62464912 24 -8 -371
32.910 5 ROTORCRAFT_FP -1103 1021 -42452772 5242 120586 62474668 -12767 49 -5057 0 0 0 0 0 0
32.966 5 LINK_REPORT 5 -1 33 0 29539 640 0 989. 21. 6 -1.6590039918e+12
33.084 5 GPS_INT 485068714 -31588489 411660298 404501439 -37259363 700418 650181 47 -4 58 1253 97 383213750 337 5 3 1
33.085 5 SVINFO 4 10 15 7 32 34 48
33.100 5 INS 1067 -1113 42446688 68157 -5242 -62515556 10 -8 -414
33.163 5 ROTORCRAFT_FP -1113 1067 -42445168 -5242 68157 62525436 -12767 49 -5056 0 0 0 0 0 0
33.291 5 ENERGY 0 7.815369 0.375 2.930763 0.383082 2.925996
33.333 5 GPS_INT 485068700 -31588493 411660314 404501458 -37259369 700422 650185 41 2 72 1251 99 383214000 337 5 3 1
33.348 5 INS 1121 -1126 42439088 146800 20971 -62566316 14 -7 -395
33.397 5 WP_MOVED_ENU 11 10329 -10160 2560
33.423 5 ROTORCRAFT_FP -1126 1121 -42437564 20971 146800 62576668 -12768 49 -5054 0 0 0 0 0 0
33.424 5 ROTORCRAFT_NAV_STATUS 1024 1024 0. 0. 3 0 2
33.454 5 ROVER_STATUS 2 0 3 4 0 1365 7.815369
33.486 5 IMU_MAG_RAW 0 0 0
33.512 5 UART_ERRORS 0 7 38 1
33.513 5 UART_ERRORS 0 0 1 2
33.513 5 UART_ERRORS 0 1 0 3
33.513 5 UART_ERRORS 0 0 0 4
33.586 5 GPS_INT 485068682 -31588493 411660318 404501471 -37259370 700302 650066 26 1 61 1249 102 383214250 337 5 3 1
33.587 5 LIDAR 4.13 176 1
33.602 5 INS 1159 -1128 42431476 152043 10485 -62617744 -22 -10 -380
33.662 5 ROTORCRAFT_FP -1128 1159 -42429952 10485 152043 62627752 -12767 49 -5053 0 0 0 0 0 0
33.662 5 DL_VALUE 37 1400.
33.821 5 SVINFO 7 21 15 7 28 63 299
33.853 5 INS 1182 -1134 42423848 31457 5242 -62667672 7 -15 -404
33.853 5 DATALINK_REPORT 1362 0 33541 985 0 0
33.911 5 ROTORCRAFT_FP -1134 1182 -42422320 5242 31457 62677712 -12767 49 -5055 0 0 0 0 0 0
33.967 5 LINK_REPORT 5 -1 34 0 30549 665 0 1010. 25. 6 -1.6590039918e+12
34.081 5 GPS_INT 485068674 -31588497 411660344 404501494 -37259375 700424 650188 67 3 63 1245 97 383214750 337 5 3 1
34.101 5 INS 1221 -1141 42416188 20971 36700 -62717672 19 5 -370
34.145 5 ALIVE 53,218,81,70,62,199,115,110,109,98,53,234,26,129,160,165
34.161 5 ROTORCRAFT_FP -1141 1221 -42414656 36700 20971 62727620 -12767 49 -5057 0 0 0 0 0 0
34.208 5 STATE_FILTER_STATUS 6 3 0
34.333 5 GPS_INT 485068657 -31588498 411660341 404501502 -37259377 700269 650032 57 -1 53 1243 97 383215000 337 5 3 1
34.349 5 INS 1244 -1146 42408496 15728 10485 -62768072 11 2 -398
34.409 5 ROTORCRAFT_FP -1146 1244 -42406956 10485 15728 62778296 -12767 49 -5060 0 0 0 0 0 0
34.489 5 IMU_MAG_RAW 0 0 0
34.579 5 GPS_INT 485068642 -31588499 411660341 404501510 -37259380 700156 649919 52 -3 59 1241 97 383215250 337 5 3 1
34.580 5 SVINFO 10 27 15 7 31 51 115
34.580 5 LIDAR 4.12 176 1
34.595 5 INS 1269 -1152 42400796 57671 0 -62819384 1 -1 -376
34.659 5 ROTORCRAFT_FP -1152 1269 -42399260 0 57671 62829424 -12767 49 -5059 0 0 0 0 0 0
34.660 5 ROVER_STATUS 2 0 3 4 0 1366 7.815369
34.690 5 WP_MOVED_ENU 12 -10160 -10329 2560
34.738 5 DL_VALUE 38 10.
34.829 5 GPS_INT 485068640 -31588500 411660354 404501520 -37259381 700224 649988 56 6 48 1239 97 383215500 337 5 3 1
34.967 5 LINK_REPORT 5 -1 35 0 31369 683 0 820. 18. 6 -1.6590039918e+12
35.004 5 ROTORCRAFT_NAV_STATUS 1024 1024 0. 0. 3 0 2
35.078 5 GPS_INT 485068634 -31588500 411660360 404501527 -37259381 700216 649979 53 4 44 1236 94 383215750 337 5 3 1
35.079 5 SVINFO 12 32 4 3 20 21 98
35.318 5 GPS_INT 485068628 -31588501 411660372 404501539 -37259383 700255 650019 40 -2 60 1233 95 383216000 337 5 3 1
35.349 5 INS 1351 -1159 42377708 99614 0 -62971912 -8 11 -376
35.398 5 ROTORCRAFT_FP -1159 1351 -42376168 0 99614 62981956 -12767 49 -5062 0 0 0 0 0 0
35.477 5 IMU_MAG_RAW 0 0 0
35.573 5 GPS_INT 485068630 -31588504 411660398 404501556 -37259387 700440 650204 44 -7 66 1229 95 383216250 337 5 3 1
35.574 5 LIDAR 4.14 176 1
35.589 5 INS 1400 -1167 42370008 110100 -26214 -63022828 -13 -6 -380
35.653 5 ROTORCRAFT_FP -1167 1400 -42368468 -26214 110100 63032420 -12767 49 -5060 0 0 0 0 0 0
35.781 5 ENERGY 0 7.815369 0.275 2.149226 0.383347 2.928069
35.825 5 GPS_INT 485068622 -31588505 411660407 404501567 -37259389 700437 650201 37 -3 66 1226 96 383216500 337 5 3 1
35.851 5 INS 1431 -1169 42362308 136314 -5242 -63071876 -13 10 -409
35.851 5 ROVER_STATUS 2 0 3 4 0 1367 7.815369
35.852 5 DL_VALUE 39 100.
35.899 5 ROTORCRAFT_FP -1169 1431 -42360768 -5242 136314 63082008 -12768 49 -5058 0 0 0 0 0 0
35.968 5 LINK_REPORT 5 -1 36 0 32178 700 0 809. 17. 7 -1.6590039968e+12
35.978 5 WP_MOVED_ENU 13 -10329 10160 2560
36.075 5 GPS_INT 485068608 -31588505 411660409 404501576 -37259389 700343 650106 39 0 62 1223 95 383216750 337 5 3 1
36.075 5 SVINFO 16 65 12 4 19 26 38
36.090 5 INS 1456 -1172 42354608 110100 10485 -63122736 1 0 -404
36.153 5 ROTORCRAFT_FP -1172 1456 -42353068 10485 110100 63132940 -12767 49 -5056 0 0 0 0 0 0
36.233 5 ALIVE 53,218,81,70,62,199,115,110,109,98,53,234,26,129,160,165
36.312 5 SVINFO 17 66 12 4 15 47 111
36.344 5 INS 1482 -1172 42346908 110100 31457 -63173904 8 -5 -385
36.403 5 ROTORCRAFT_FP -1172 1482 -42345368 31457 110100 63183900 -12767 49 -5054 0 0 0 0 0 0
36.482 5 IMU_MAG_RAW 0 0 0
36.573 5 GPS_INT 485068594 -31588503 411660423 404501594 -37259388 700329 650092 41 -9 60 1217 94 383217250 337 5 3 1
36.573 5 SVINFO 18 67 4 4 13 17 164
36.574 5 LIDAR 4.15 176 1
36.588 5 INS 1507 -1169 42339208 94371 -36700 -63223772 4 21 -422
36.604 5 ROTORCRAFT_NAV_STATUS 1024 1024 0. 0. 3 0 2
36.652 5 ROTORCRAFT_FP -1169 1507 -42337664 -36700 94371 63233280 -12768 49 -5053 0 0 0 0 0 0
36.822 5 GPS_INT 485068592 -31588503 411660430 404501600 -37259388 700357 650121 40 -11 53 1214 93 383217500 337 5 3 1
36.838 5 INS 1525 -1169 42331504 68157 -47185 -63273568 7 -5 -371
36.903 5 ROTORCRAFT_FP -1169 1525 -42329964 -47185 68157 63283652 -12768 49 -5052 0 0 0 0 0 0
36.932 5 DL_VALUE 40 0.
36.968 5 LINK_REPORT 5 -1 37 0 33077 720 0 899. 20. 7 -1.6590039968e+12
37.044 5 ROVER_STATUS 2 0 3 4 0 1368 7.815369
37.070 5 GPS_INT 485068589 -31588502 411660434 404501605 -37259388 700356 650120 43 -9 59 1211 93 383217750 337 5 3 1
37.071 5 SVINFO 20 79 12 4 21 25 233
37.086 5 INS 1538 -1167 42323804 83886 -36700 -63324360 16 -13 -404
37.320 5 GPS_INT 485068590 -31588499 411660434 404501604 -37259384 700364 650127 48 -1 53 1208 92 383218000 337 5 3 1
37.336 5 INS 1536 -1159 42316104 47185 10485 -63374608 -5 -13 -404
37.400 5 ROTORCRAFT_FP -1159 1536 -42314564 10485 47185 63384872 -12768 49 -5051 0 0 0 0 0 0
37.401 5 STATE_FILTER_STATUS 6 3 0
37.479 5 IMU_MAG_RAW 0 0 0
37.570 5 GPS_INT 485068594 -31588495 411660440 404501606 -37259379 700430 650193 50 -4 34 1206 94 383218250 337 5 3 1
37.570 5 SVINFO 22 81 12 7 29 57 21
37.571 5 LIDAR 4.16 176 1
37.585 5 INS 1541 -1149 42308404 -36700 -5242 -63425616 -10 0 -385
37.648 5 ROTORCRAFT_FP -1149 1541 -42306864 -5242 -36700 63435640 -12767 49 -5053 0 0 0 0 0 0
37.818 5 GPS_INT 485068590 -31588490 411660441 404501609 -37259374 700407 650171 34 3 52 1204 94 383218500 337 5 3 1
37.819 5 SVINFO 23 82 12 4 22 35 308
37.834 5 INS 1551 -1136 42300688 89128 26214 -63476412 -12 -12 -395
37.898 5 ROTORCRAFT_FP -1136 1551 -42299140 26214 89128 63486820 -12768 49 -5054 0 0 0 0 0 0
37.930 5 INS_REF 485069569 -31588109 411660456 404501063 -37258851 707753 657517 0.
37.970 5 LINK_REPORT 5 -1 38 0 33959 739 0 882. 19. 7 -1.6590039968e+12
38.025 5 DL_VALUE 41 0.
38.068 5 GPS_INT 485068592 -31588488 411660446 404501612 -37259371 700454 650217 52 -5 50 1201 92 383218750 337 5 3 1
38.083 5 INS 1556 -1131 42292924 20971 -10485 -63527844 18 19 -409
38.147 5 ROTORCRAFT_FP -1131 1556 -42291364 -10485 20971 63537788 -12768 48 -5054 0 0 0 0 0 0
38.194 5 ROTORCRAFT_NAV_STATUS 1024 1024 0. 0. 3 0 2
38.225 5 ROVER_STATUS 2 0 3 4 0 1369 7.815369
38.274 5 ENERGY 0 7.815369 0.425 3.321532 0.383625 2.930239
38.316 5 GPS_INT 485068585 -31588485 411660451 404501619 -37259368 700433 650197 51 8 55 1199 91 383219000 337 5 3 1
38.332 5 ALIVE 53,218,81,70,62,199,115,110,109,98,53,234,26,129,160,165
38.333 5 INS 1579 -1126 42285124 47185 57671 -63578228 -25 9 -400
38.396 5 ROTORCRAFT_FP -1126 1579 -42283564 57671 47185 63588568 -12768 48 -5055 0 0 0 0 0 0
38.475 5 IMU_MAG_RAW 0 0 0
38.571 5 WP_MOVED_ENU 1 0 0 2560
38.572 5 LIDAR 4.16 176 1
38.587 5 INS 1610 -1123 42277324 83886 -5242 -63629880 16 22 -370
38.646 5 ROTORCRAFT_FP -1123 1610 -42275764 -5242 83886 63639752 -12768 48 -5054 0 0 0 0 0 0
38.805 5 SVINFO 1 3 4 4 19 12 208
38.837 5 INS 1651 -1121 42269524 167772 -31457 -63681260 10 9 -376
38.895 5 ROTORCRAFT_FP -1121 1651 -42267964 -31457 167772 63691212 -12768 48 -5053 0 0 0 0 0 0
38.927 5 DATALINK_REPORT 1367 0 33645 962 0 0
38.971 5 LINK_REPORT 5 -1 39 0 34828 759 0 869. 20. 7 -1.6590039968e+12
39.065 5 GPS_INT 485068567 -31588486 411660500 404501664 -37259370 700612 650376 30 -6 58 1192 97 383219750 337 5 3 1
39.080 5 INS 1704 -1131 42261728 125829 -26214 -63731096 4 -15 -395
39.144 5 ROTORCRAFT_FP -1131 1704 -42260168 -26214 125829 63741908 -12768 48 -5052 0 0 0 0 0 0
39.314 5 GPS_INT 485068560 -31588489 411660514 404501677 -37259375 700646 650410 31 -12 57 1190 97 383220000 337 5 3 1
39.315 5 SVINFO 3 8 15 4 25 82 357
39.329 5 INS 1743 -1139 42253928 115343 -52428 -63783552 -26 -14 -448
39.393 5 ROTORCRAFT_FP -1139 1743 -42252368 -52428 115343 63793720 -12768 47 -5051 0 0 0 0 0 0
39.424 5 ROVER_STATUS 2 0 3 4 0 1371 7.815369
39.472 5 IMU_MAG_RAW 0 0 0
39.562 5 GPS_INT 485068560 -31588493 411660533 404501689 -37259380 700771 650535 46 -8 42 1188 92 383220250 337 5 3 1
39.563 5 SVINFO 4 10 15 7 31 34 48
39.566 5 LIDAR 4.14 176 1
39.578 5 INS 1779 -1149 42246128 5242 -26214 -63834072 7 -24 -399
39.642 5 ROTORCRAFT_FP -1149 1779 -42244568 -26214 5242 63843864 -12769 47 -5052 0 0 0 0 0 0
39.674 5 UART_ERRORS 0 7 38 1
39.674 5 UART_ERRORS 0 0 1 2
39.690 5 UART_ERRORS 0 1 0 3
39.827 5 AUTOPILOT_VERSION 60200 v6.2_unstable-101-g8a957fd0a-dirty
39.827 5 ROTORCRAFT_NAV_STATUS 1024 1024 0. 0. 3 0 2
39.828 5 GPS_INT 485068557 -31588498 411660549 404501702 -37259386 700859 650623 42 -18 22 1186 95 383220500 337 5 3 1
39.829 5 INS 1815 -1162 42238328 -62914 -83886 -63884700 -12 -16 -420
39.874 5 WP_MOVED_ENU 2 7 -1024 2560
39.891 5 ROTORCRAFT_FP -1162 1815 -42236768 -83886 -62914 63894844 -12769 47 -5053 0 0 0 0 0 0
39.972 5 LINK_REPORT 5 -1 40 0 35864 782 0 1036. 23. 7 -1.6590039968e+12
40.060 5 GPS_INT 485068555 -31588502 411660568 404501716 -37259390 700970 650733 34 0 22 1184 95 383220750 337 5 3 1
40.076 5 INS 1856 -1175 42230528 -31457 10485 -63936228 22 -25 -390
40.140 5 ROTORCRAFT_FP -1175 1856 -42228968 10485 -31457 63946016 -12768 47 -5054 0 0 0 0 0 0
40.220 5 DL_VALUE 43 0.
40.300 5 SVINFO 7 21 15 7 27 63 299
40.332 5 INS 1876 -1175 42222728 -47185 -5242 -63986924 -15 -6 -377
40.390 5 ROTORCRAFT_FP -1175 1876 -42221168 -5242 -47185 63996956 -12768 47 -5056 0 0 0 0 0 0
40.422 5 ALIVE 53,218,81,70,62,199,115,110,109,98,53,234,26,129,160,165
40.470 5 IMU_MAG_RAW 0 0 0
40.565 5 LIDAR 4.14 176 4
40.582 5 INS 1904 -1177 42214928 -5242 -5242 -64037068 -5 24 -366
40.582 5 STATE_FILTER_STATUS 6 3 0
40.640 5 ROTORCRAFT_FP -1177 1904 -42213368 -5242 -5242 64047048 -12768 47 -5059 0 0 0 0 0 0
40.641 5 ROVER_STATUS 2 0 3 4 0 1372 7.815369
40.767 5 ENERGY 0 7.806538 0.325 2.537125 0.383897 2.932361
40.831 5 INS 1927 -1177 42207124 78643 5242 -64087956 -20 24 -409
40.889 5 ROTORCRAFT_FP -1177 1927 -42205564 5242 78643 64098152 -12768 47 -5059 0 0 0 0 0 0
40.973 5 LINK_REPORT 5 -1 41 0 36602 799 0 738. 17. 8 -1.6590040018e+12
41.049 5 GPS_INT 485068525 -31588502 411660601 404501756 -37259392 700956 650720 16 -7 31 1176 96 383221750 337 5 3 1
41.081 5 INS 1968 -1180 42199320 62914 -31457 -64139388 10 -2 -404
41.139 5 ROTORCRAFT_FP -1180 1968 -42197760 -31457 62914 64149660 -12768 47 -5057 0 0 0 0 0 0
41.170 5 WP_MOVED_ENU 3 -762 -775 2560
41.299 5 GPS_INT 485068515 -31588501 411660609 404501768 -37259392 700926 650690 6 3 33 1173 107 383222000 337 5 3 1
41.330 5 INS 2001 -1177 42191520 110100 15728 -64189208 18 -14 -395
41.331 5 DL_VALUE 44 34.
41.388 5 ROTORCRAFT_FP -1177 2001 -42189960 15728 110100 64199364 -12768 48 -5055 0 0 0 0 0 0
41.389 5 ROTORCRAFT_NAV_STATUS 1024 1024 0. 0. 3 0 2
41.467 5 IMU_MAG_RAW 0 0 0
41.558 5 GPS_INT 485068503 -31588501 411660611 404501776 -37259393 700851 650615 30 -4 18 1170 93 383222250 337 5 3 1
41.559 5 SVINFO 12 32 4 4 14 21 98
41.559 5 LIDAR 4.11 176 1
41.573 5 INS 2024 -1180 42183716 -31457 -15728 -64239252 0 12 -395
41.636 5 ROTORCRAFT_FP -1180 2024 -42182152 -15728 -31457 64249640 -12768 48 -5055 0 0 0 0 0 0
41.827 5 INS 2053 -1182 42175896 68157 -47185 -64291364 2 -15 -376
41.828 5 ROVER_STATUS 2 0 3 4 0 1373 7.815369
41.885 5 ROTORCRAFT_FP -1182 2053 -42174328 -47185 68157 64301680 -12769 48 -5056 0 0 0 0 0 0
41.973 5 LINK_REPORT 5 -1 42 0 37453 817 0 851. 18. 8 -1.6590040018e+12
42.077 5 INS 2081 -1182 42168032 120586 -26214 -64342480 -22 -6 -377
42.135 5 ROTORCRAFT_FP -1182 2081 -42166460 -26214 120586 64352552 -12769 48 -5054 0 0 0 0 0 0
42.326 5 INS 2096 -1182 42160152 62914 -20971 -64393636 -2 -20 -381
42.384 5 ROTORCRAFT_FP -1182 2096 -42158572 -20971 62914 64404000 -12769 48 -5053 0 0 0 0 0 0
42.416 5 DL_VALUE 45 18.
42.464 5 WP_MOVED_ENU 4 -504 -1029 2560
42.464 5 IMU_MAG_RAW 0 0 0
42.512 5 ALIVE 53,218,81,70,62,199,115,110,109,98,53,234,26,129,160,165
42.559 5 LIDAR 4.14 176 1
42.575 5 INS 2112 -1182 42152252 15728 -36700 -64444576 -12 -2 -395
42.634 5 ROTORCRAFT_FP -1182 2112 -42150672 -36700 15728 64454864 -12769 48 -5054 0 0 0 0 0 0
42.761 5 UART_ERRORS 0 0 0 4
42.793 5 SVINFO 17 66 12 4 19 47 111
42.825 5 INS 2137 -1182 42144352 115343 -41943 -64494324 -12 8 -342
42.885 5 ROTORCRAFT_FP -1182 2137 -42142772 -41943 115343 64504016 -12769 48 -5055 0 0 0 0 0 0
42.974 5 LINK_REPORT 5 -1 43 0 38092 832 0 639. 15. 8 -1.6590040018e+12
42.981 5 ROTORCRAFT_NAV_STATUS 1024 1024 0. 0. 3 0 2
42.997 5 INS_REF 485069569 -31588109 411660456 404501063 -37258851 707753 657517 0.
43.013 5 ROVER_STATUS 2 0 3 4 0 1374 7.806538
43.045 5 SVINFO 18 67 4 4 16 18 164
43.061 5 INS 2170 -1180 42136456 152043 -5242 -64544632 22 -12 -385
43.268 5 ENERGY 0 7.815369 0.35 2.735379 0.384166 2.934467
43.300 5 GPS_INT 485068439 -31588496 411660641 404501834 -37259392 700559 650323 13 -4 31 1155 100 383224000 337 5 3 1
43.316 5 INS 2191 -1177 42128556 78643 -20971 -64594512 -15 -7 -420
43.460 5 IMU_MAG_RAW 0 0 0
43.508 5 DL_VALUE 46 8.
43.555 5 LIDAR 4.1 176 1
43.571 5 INS 2214 -1177 42120660 99614 -20971 -64645208 -18 13 -390
43.747 5 WP_MOVED_ENU 5 519 -1021 2560
43.779 5 STATE_FILTER_STATUS 6 3 0
43.796 5 GPS_INT 485068424 -31588495 411660648 404501848 -37259392 700486 650249 25 -5 7 1151 104 383224500 337 5 3 1
43.811 5 INS 2229 -1177 42112760 -62914 -20971 -64696460 -24 16 -438
43.975 5 LINK_REPORT 5 -1 44 0 38685 848 0 593. 16. 8 -1.6590040018e+12
44.003 5 DATALINK_REPORT 1372 0 33750 959 0 0
44.035 5 SVINFO 22 81 12 7 30 57 22
44.067 5 INS 2237 -1180 42104860 -62914 -20971 -64747680 1 -8 -390
44.210 5 ROVER_STATUS 2 0 3 4 0 1375 7.815369
44.450 5 IMU_MAG_RAW 0 0 0
44.546 5 GPS_INT 485068419 -31588493 411660649 404501851 -37259390 700460 650223 35 5 1 1148 119 383225250 337 5 3 1
44.547 5 LIDAR 4.13 176 1
44.578 5 ROTORCRAFT_NAV_STATUS 1024 1024 0. 0. 3 0 2
44.616 5 ALIVE 53,218,81,70,62,199,115,110,109,98,53,234,26,129,160,165
44.617 5 DL_VALUE 47 0.
44.796 5 GPS_INT 485068417 -31588492 411660648 404501852 -37259389 700433 650197 32 -6 6 1147 109 383225500 337 5 3 1
44.812 5 INS 2240 -1172 42081156 -89128 -20971 -64900104 23 -16 -399
44.977 5 LINK_REPORT 5 -1 45 0 39112 860 0 427. 12. 8 -1.6590040018e+12
45.045 5 GPS_INT 485068410 -31588492 411660646 404501854 -37259389 700363 650127 26 -7 17 1145 92 383225750 337 5 3 1
45.046 5 SVINFO 0 1 15 7 33 36 271
45.046 5 WP_MOVED_ENU 6 760 1031 2560
45.061 5 INS 2247 -1172 42073256 -26214 -31457 -64951560 -12 -3 -390
45.295 5 GPS_INT 485068405 -31588492 411660649 404501860 -37259389 700349 650112 27 -2 15 1143 92 383226000 337 5 3 1
45.296 5 SVINFO 1 3 4 4 18 12 208
45.310 5 INS 2263 -1172 42065352 -36700 -5242 -65002232 -33 0 -396
45.406 5 ROVER_STATUS 2 0 3 4 0 1377 7.815369
45.454 5 IMU_MAG_RAW 0 0 0
45.544 5 GPS_INT 485068396 -31588490 411660649 404501864 -37259389 700280 650044 27 -3 15 1141 92 383226250 337 5 3 1
45.545 5 LIDAR 4.11 176 1
45.560 5 INS 2278 -1169 42057448 -36700 -10485 -65053204 -11 7 -395
45.703 5 DL_VALUE 48 38400.
45.752 5 ENERGY 0 7.815369 0.325 2.539995 0.384419 2.936442
45.794 5 GPS_INT 485068385 -31588488 411660650 404501872 -37259387 700208 649972 22 4 27 1140 90 383226500 337 5 3 1
45.795 5 SVINFO 3 8 15 6 28 83 358
45.809 5 INS 2298 -1167 42049528 31457 26214 -65103788 18 12 -399
45.857 5 UART_ERRORS 0 7 38 1
45.858 5 UART_ERRORS 0 0 1 2
45.977 5 LINK_REPORT 5 -1 46 0 39837 879 0 725. 19. 9 -1.6590040068e+12
46.033 5 SVINFO 4 10 15 7 29 34 48
46.049 5 INS 2321 -1167 42041568 26214 -52428 -65153816 -28 11 -404
46.177 5 ROTORCRAFT_NAV_STATUS 1024 1024 0. 0. 3 0 2
46.304 5 INS 2339 -1164 42033576 -15728 20971 -65205200 -17 10 -414
46.352 5 WP_MOVED_ENU 7 775 -1018 2560
46.448 5 IMU_MAG_RAW 0 0 0
46.544 5 LIDAR 4.13 176 1
46.560 5 INS 2355 -1157 42025580 -41943 15728 -65256924 -8 -18 -415
46.608 5 ROVER_STATUS 2 0 3 4 0 1378 7.815369
46.704 5 ALIVE 53,218,81,70,62,199,115,110,109,98,53,234,26,129,160,165
46.794 5 GPS_INT 485068349 -31588481 411660661 404501901 -37259381 699995 649759 24 -4 36 1133 93 383227500 337 5 3 1
46.795 5 SVINFO 7 21 15 7 25 63 299
46.809 5 DL_VALUE 49 38400.
46.969 5 STATE_FILTER_STATUS 6 3 0
46.978 5 LINK_REPORT 5 -1 47 0 40283 893 0 446. 14. 9 -1.6590040068e+12
47.033 5 GPS_INT 485068339 -31588479 411660659 404501905 -37259380 699909 649673 32 -3 23 1132 91 383227750 337 5 3 1
47.034 5 SVINFO 8 22 4 4 15 14 121
47.049 5 INS 2393 -1152 42009580 -20971 -5242 -65359452 -5 5 -380
47.118 5 ROTORCRAFT_FP -1152 2393 -42007980 -5242 -20971 65369012 -12769 48 -5060 0 0 0 0 0 0
47.288 5 GPS_INT 485068333 -31588476 411660664 404501912 -37259377 699898 649662 26 7 36 1131 91 383228000 337 5 3 1
47.304 5 INS 2414 -1144 42001580 52428 41943 -65409380 0 6 -395
47.367 5 ROTORCRAFT_FP -1144 2414 -41999980 41943 52428 65419088 -12769 48 -5060 0 0 0 0 0 0
47.446 5 IMU_MAG_RAW 0 0 0
47.536 5 GPS_INT 485068329 -31588475 411660672 404501920 -37259375 699913 649676 26 -7 37 1130 92 383228250 337 5 3 1
47.537 5 SVINFO 10 27 15 7 32 51 115
47.537 5 LIDAR 4.15 176 1
47.552 5 INS 2434 -1141 41993584 57671 -31457 -65460200 -30 -15 -381
47.620 5 ROTORCRAFT_FP -1141 2434 -41991984 -31457 57671 65470540 -12769 48 -5058 0 0 0 0 0 0
47.647 5 WP_MOVED_ENU 8 -760 -1031 2560
47.760 5 ROTORCRAFT_NAV_STATUS 1024 1024 0. 0. 3 0 2
47.807 5 INS 2442 -1139 41985584 5242 10485 -65510532 -16 -26 -405
47.808 5 ROVER_STATUS 2 0 3 4 0 1379 7.815369
47.866 5 ROTORCRAFT_FP -1139 2442 -41983984 10485 5242 65520364 -12769 48 -5057 0 0 0 0 0 0
47.897 5 DL_VALUE 0 0.
47.979 5 LINK_REPORT 5 -1 48 0 41155 912 0 872. 19. 9 -1.6590040068e+12
48.035 5 GPS_INT 485068315 -31588471 411660671 404501928 -37259372 699800 649564 36 -6 41 1128 89 383228750 337 5 3 1
48.036 5 SVINFO 12 32 4 4 15 21 98
48.051 5 INS 2457 -1134 41977584 36700 -20971 -65560732 7 -13 -395
48.067 5 INS_REF 485069569 -31588109 411660456 404501063 -37258851 707753 657517 0.
48.121 5 ROTORCRAFT_FP -1134 2457 -41975984 -20971 36700 65570808 -12769 48 -5060 0 0 0 0 0 0
48.243 5 ENERGY 0 7.815369 0.375 2.930763 0.384682 2.938494
48.307 5 INS 2465 -1131 41969584 -15728 -5242 -65612308 -2 0 -395
48.365 5 ROTORCRAFT_FP -1131 2465 -41967984 -5242 -15728 65622564 -12769 48 -5062 0 0 0 0 0 0
48.444 5 IMU_MAG_RAW 0 0 0
48.534 5 GPS_INT 485068303 -31588469 411660676 404501938 -37259370 699738 649502 33 -9 64 1126 97 383229250 337 5 3 1
48.535 5 LIDAR 4.13 176 1
48.550 5 INS 2485 -1131 41961584 136314 -36700 -65663064 16 0 -328
48.613 5 ROTORCRAFT_FP -1131 2485 -41959984 -36700 136314 65673620 -12769 48 -5062 0 0 0 0 0 0
48.783 5 GPS_INT 485068296 -31588469 411660682 404501946 -37259371 699724 649488 29 -8 60 1124 97 383229500 337 5 3 1
48.799 5 ALIVE 53,218,81,70,62,199,115,110,109,98,53,234,26,129,160,165
48.799 5 INS 2508 -1131 41953580 136314 -36700 -65714732 1 31 -390
48.862 5 ROTORCRAFT_FP -1131 2508 -41951976 -36700 136314 65724484 -12769 48 -5059 0 0 0 0 0 0
48.941 5 WP_MOVED_ENU 9 -775 1018 2560
48.942 5 UART_ERRORS 0 1 0 3
48.957 5 UART_ERRORS 0 0 0 4
48.980 5 LINK_REPORT 5 -1 49 0 42085 932 0 930. 20. 9 -1.6590040068e+12
49.005 5 ROVER_STATUS 2 0 3 4 0 1380 7.815369
49.006 5 DL_VALUE 1 5.
49.032 5 GPS_INT 485068293 -31588468 411660687 404501951 -37259371 699731 649495 39 0 47 1123 89 383229750 337 5 3 1
49.033 5 SVINFO 16 65 12 4 18 26 38
49.047 5 INS 2524 -1131 41945572 52428 10485 -65765120 -18 10 -376
49.079 5 DATALINK_REPORT 1377 0 33861 996 0 0
49.111 5 ROTORCRAFT_FP -1131 2524 -41943968 10485 52428 65775504 -12769 48 -5057 0 0 0 0 0 0
49.281 5 GPS_INT 485068288 -31588467 411660690 404501957 -37259369 699719 649483 37 -4 50 1121 90 383230000 337 5 3 1
49.282 5 SVINFO 17 66 12 4 24 47 111
49.297 5 INS 2539 -1128 41937564 68157 -10485 -65816128 -3 0 -433
49.361 5 ROTORCRAFT_FP -1128 2539 -41935964 -10485 68157 65826560 -12769 48 -5056 0 0 0 0 0 0
49.362 5 ROTORCRAFT_NAV_STATUS 1024 1024 0. 0. 3 0 2
49.440 5 IMU_MAG_RAW 0 0 0
49.531 5 GPS_INT 485068284 -31588466 411660692 404501960 -37259369 699698 649462 37 -5 36 1119 87 383230250 337 5 3 1
49.532 5 SVINFO 18 67 4 4 12 18 164
49.532 5 LIDAR 4.1 176 1
49.546 5 INS 2549 -1126 41929564 15728 -15728 -65867108 -13 -20 -400
49.610 5 ROTORCRAFT_FP -1126 2549 -41927960 -15728 15728 65877416 -12769 48 -5056 0 0 0 0 0 0
49.780 5 GPS_INT 485068279 -31588466 411660693 404501964 -37259369 699665 649429 32 -7 37 1118 89 383230500 337 5 3 1
49.795 5 INS 2560 -1128 41921560 36700 -26214 -65918380 -8 28 -409
49.860 5 ROTORCRAFT_FP -1128 2560 -41919956 -26214 36700 65928724 -12769 48 -5058 0 0 0 0 0 0
49.981 5 LINK_REPORT 5 -1 50 0 43046 953 0 961. 21. 9 -1.6590040068e+12
50.030 5 GPS_INT 485068270 -31588464 411660696 404501971 -37259368 699617 649381 20 0 42 1116 98 383230750 337 5 3 1
50.030 5 SVINFO 20 79 12 4 22 25 233
50.045 5 INS 2580 -1123 41913508 99614 5242 -65969812 0 -9 -433
50.108 5 ROTORCRAFT_FP -1123 2580 -41911888 5242 99614 65979812 -12769 48 -5058 0 0 0 0 0 0
50.109 5 DL_VALUE 2 5.
50.156 5 STATE_FILTER_STATUS 6 3 0
50.188 5 ROVER_STATUS 2 0 3 4 0 1381 7.815369
50.236 5 WP_MOVED_ENU 10 10160 10329 2560
50.278 5 GPS_INT 485068265 -31588463 411660699 404501976 -37259367 699597 649361 35 -4 38 1115 87 383231000 337 5 3 1
50.294 5 INS 2595 -1121 41905416 31457 -10485 -66021400 24 -7 -390
50.358 5 ROTORCRAFT_FP -1121 2595 -41903796 -10485 31457 66031872 -12769 48 -5058 0 0 0 0 0 0
50.437 5 IMU_MAG_RAW 0 0 0
50.528 5 GPS_INT 485068262 -31588461 411660700 404501979 -37259365 699582 649345 38 4 30 1114 88 383231250 337 5 3 1
50.529 5 SVINFO 22 81 12 7 31 57 22
50.529 5 LIDAR 4.14 176 1
50.543 5 INS 2603 -1118 41897316 -10485 31457 -66071796 3 24 -385
50.607 5 ROTORCRAFT_FP -1118 2603 -41895696 31457 -10485 66081916 -12769 48 -5060 0 0 0 0 0 0
50.735 5 ENERGY 0 7.806538 0.45 3.512942 0.384943 2.940534
50.767 5 SVINFO 23 82 12 4 20 35 308
50.799 5 INS 2613 -1116 41889216 0 -20971 -66122144 16 -29 -376
50.857 5 ROTORCRAFT_FP -1116 2613 -41887596 -20971 0 66132612 -12770 48 -5063 0 0 0 0 0 0
50.858 5 AUTOPILOT_VERSION 60200 v6.2_unstable-101-g8a957fd0a-dirty
50.888 5 ALIVE 53,218,81,70,62,199,115,110,109,98,53,234,26,129,160,165
50.952 5 ROTORCRAFT_NAV_STATUS 1024 1024 0. 0. 3 0 2
50.981 5 LINK_REPORT 5 -1 51 0 44072 977 0 1026. 24. 10 -1.6590040118e+12
51.026 5 GPS_INT 485068251 -31588459 411660706 404501989 -37259363 699534 649298 21 -1 50 1111 99 383231750 337 5 3 1
51.042 5 INS 2631 -1113 41881120 125829 0 -66172596 11 -16 -390
51.104 5 ROTORCRAFT_FP -1113 2631 -41879500 0 125829 66182376 -12770 48 -5063 0 0 0 0 0 0
51.183 5 DL_VALUE 3 0.
51.275 5 GPS_INT 485068244 -31588459 411660710 404501996 -37259364 699504 649267 27 -11 51 1110 94 383232000 337 5 3 1
51.353 5 ROTORCRAFT_FP -1116 2652 -41871400 -52428 104857 66232312 -12769 48 -5060 0 0 0 0 0 0
51.385 5 ROVER_STATUS 2 0 3 4 0 1383 7.815369
51.433 5 IMU_MAG_RAW 0 0 0
51.523 5 GPS_INT 485068237 -31588459 411660716 404502004 -37259364 699497 649261 27 -4 50 1108 94 383232250 337 5 3 1
51.524 5 SVINFO 0 1 15 7 31 36 271
51.524 5 WP_MOVED_ENU 11 10329 -10160 2560
51.539 5 LIDAR 4.14 176 1
51.603 5 ROTORCRAFT_FP -1116 2675 -41863304 -15728 104857 66283636 -12769 48 -5057 0 0 0 0 0 0
51.773 5 GPS_INT 485068227 -31588458 411660714 404502009 -37259363 699402 649166 26 1 39 1107 91 383232500 337 5 3 1
51.774 5 SVINFO 1 3 4 4 15 12 208
51.853 5 ROTORCRAFT_FP -1116 2688 -41855204 10485 62914 66334200 -12769 48 -5056 0 0 0 0 0 0
51.981 5 LINK_REPORT 5 -1 52 0 44839 993 0 767. 16. 10 -1.6590040118e+12
52.022 5 GPS_INT 485068215 -31588456 411660707 404502011 -37259362 699264 649028 31 -3 34 1105 88 383232750 337 5 3 1
52.038 5 UART_ERRORS 0 7 38 1
52.102 5 ROTORCRAFT_FP -1113 2693 -41847104 -5242 26214 66385452 -12769 48 -5055 0 0 0 0 0 0
52.272 5 GPS_INT 485068206 -31588454 411660706 404502016 -37259361 699193 648957 26 0 45 1104 93 383233000 337 5 3 1
52.273 5 SVINFO 3 8 15 6 29 83 358
52.287 5 DL_VALUE 4 1.
52.351 5 ROTORCRAFT_FP -1108 2708 -41839004 5242 89128 66436176 -12769 48 -5056 0 0 0 0 0 0
52.430 5 IMU_MAG_RAW 0 0 0
52.520 5 GPS_INT 485068193 -31588453 411660697 404502017 -37259360 699033 648797 34 -3 41 1103 88 383233250 337 5 3 1
52.521 5 SVINFO 4 10 15 7 28 34 48
52.522 5 LIDAR 4.14 176 5
52.552 5 ROTORCRAFT_NAV_STATUS 1024 1024 0. 0. 3 0 2
52.600 5 ROTORCRAFT_FP -1108 2711 -41830896 -5242 47185 66488504 -12769 48 -5056 0 0 0 0 0 0
52.601 5 ROVER_STATUS 2 0 3 4 0 1384 7.815369
52.770 5 GPS_INT 485068185 -31588451 411660691 404502018 -37259358 698933 648696 38 2 45 1102 88 383233500 337 5 3 1
52.834 5 WP_MOVED_ENU 12 -10160 -10329 2560
52.850 5 ROTORCRAFT_FP -1105 2713 -41822796 20971 47185 66539308 -12769 48 -5057 0 0 0 0 0 0
52.977 5 ALIVE 53,218,81,70,62,199,115,110,109,98,53,234,26,129,160,165
52.982 5 LINK_REPORT 5 -1 53 0 45635 1011 0 796. 18. 10 -1.6590040118e+12
53.010 5 GPS_INT 485068174 -31588449 411660680 404502017 -37259356 698779 648543 39 -1 43 1101 88 383233750 337 5 3 1
53.102 5 ROTORCRAFT_FP -1100 2711 -41814692 5242 36700 66589148 -12769 49 -5056 0 0 0 0 0 0
53.150 5 INS_REF 485069569 -31588109 411660456 404501063 -37258851 707753 657517 0.
53.230 5 ENERGY 0 7.815369 0.35 2.735379 0.385221 2.94271
53.272 5 GPS_INT 485068159 -31588445 411660664 404502015 -37259353 698558 648321 30 1 52 1100 93 383234000 337 5 3 1
53.273 5 SVINFO 7 21 15 7 26 63 299
53.348 5 ROTORCRAFT_FP -1093 2703 -41806588 10485 104857 66639660 -12769 48 -5057 0 0 0 0 0 0
53.348 5 STATE_FILTER_STATUS 6 3 0
53.379 5 DL_VALUE 5 1.
53.427 5 IMU_MAG_RAW 0 0 0
53.518 5 GPS_INT 485068150 -31588443 411660654 404502014 -37259352 698422 648185 24 -13 43 1099 94 383234250 337 5 3 1
53.519 5 LIDAR 4.12 176 1
53.596 5 ROTORCRAFT_FP -1090 2700 -41798488 -62914 83886 66690028 -12768 48 -5055 0 0 0 0 0 0
53.766 5 GPS_INT 485068145 -31588443 411660647 404502012 -37259352 698338 648102 20 -14 52 1098 101 383234500 337 5 3 1
53.782 5 ROVER_STATUS 2 0 3 4 0 1385 7.815369
