6.030 5 LINK_REPORT 5 -1 6 0 4879 107 0 1175. 28. 1 -1.65900402234e+12
6.042 5 ROTORCRAFT_FP -1044 2490 -41534796 10485 -41943 68323248 -12766 46 -5062 0 0 0 0 0 0
6.212 5 GPS_INT 485068013 -31588416 411660429 404501940 -37259331 695906 645670 23 1 10 1095 101 383242250 337 5 3 1
6.227 5 INS 2490 -1041 41528152 78643 -62914 -68365184 4 1 -380
6.290 5 ROTORCRAFT_FP -1041 2490 -41526492 -62914 78643 68374832 -12766 46 -5062 0 0 0 0 0 0
6.370 5 WP_MOVED_ENU 5 519 -1021 2560
6.403 5 AUTOPILOT_VERSION 60200 v6.2_unstable-101-g8a957fd0a-dirty
6.460 5 GPS_INT 485068005 -31588415 411660422 404501940 -37259330 695801 645565 7 -12 27 1096 111 383242500 337 5 3 1
6.461 5 SVINFO 16 65 12 4 23 26 38
6.476 5 INS 2490 -1039 41519812 62914 5242 -68414888 12 5 -360
6.540 5 ROTORCRAFT_FP -1039 2490 -41518136 5242 62914 68424984 -12766 46 -5060 0 0 0 0 0 0
6.588 5 ROTORCRAFT_NAV_STATUS 1024 1024 0. 0. 3 0 2
6.620 5 ROVER_STATUS 2 0 3 4 0 1393 7.815369
6.636 5 DL_VALUE 13 0.
6.710 5 GPS_INT 485068001 -31588413 411660418 404501940 -37259328 695744 645507 17 0 31 1097 101 383242750 337 5 3 1
6.711 5 SVINFO 17 66 12 7 25 47 111
6.726 5 INS 2490 -1034 41511420 36700 -5242 -68465888 15 -15 -399
6.790 5 ROTORCRAFT_FP -1034 2490 -41509740 -5242 36700 68476096 -12766 46 -5058 0 0 0 0 0 0
6.869 5 IMU_MAG_RAW 0 0 0
6.960 5 GPS_INT 485067998 -31588411 411660416 404501941 -37259325 695708 645472 17 -2 24 1098 96 383243000 337 5 3 1
6.960 5 SVINFO 18 67 4 4 18 18 164
6.961 5 LIDAR 4.12 176 1
6.966 5 LINK_REPORT 5 -1 7 0 5894 129 0 1015. 22. 1 -1.65900402234e+12
6.975 5 INS 2480 -1024 41503028 0 36700 -68517000 3 -9 -385
7.039 5 ROTORCRAFT_FP -1024 2480 -41501348 36700 0 68527048 -12766 46 -5061 0 0 0 0 0 0
7.209 5 GPS_INT 485067995 -31588407 411660408 404501936 -37259321 695634 645398 25 6 21 1099 92 383243250 337 5 3 1
7.225 5 INS 2460 -1011 41494628 47185 0 -68567688 5 -2 -366
7.289 5 ROTORCRAFT_FP -1011 2460 -41492948 0 47185 68577952 -12766 46 -5063 0 0 0 0 0 0
7.384 5 STATE_FILTER_STATUS 6 3 0
7.458 5 GPS_INT 485067997 -31588402 411660398 404501929 -37259315 695578 645342 34 -2 41 1101 94 383243500 337 5 3 1
7.459 5 SVINFO 20 79 12 4 16 25 233
7.474 5 INS 2434 -998 41486228 36700 0 -68619848 1 26 -398
7.537 5 ROTORCRAFT_FP -998 2434 -41484548 0 36700 68629704 -12766 46 -5065 0 0 0 0 0 0
7.664 5 ENERGY 0 7.815369 0.275 2.149226 0.386138 2.949873
7.665 5 WP_MOVED_ENU 6 760 1031 2560
7.707 5 GPS_INT 485068001 -31588397 411660388 404501920 -37259310 695544 645308 35 -2 40 1102 95 383243750 337 5 3 1
7.732 5 INS 2411 -990 41477828 47185 -41943 -68670176 -3 -11 -380
7.733 5 DL_VALUE 14 0.
7.764 5 INS_REF 485069569 -31588109 411660456 404501063 -37258851 707753 657517 0.
7.781 5 ROTORCRAFT_FP -990 2411 -41476148 -41943 47185 68679968 -12766 46 -5066 0 0 0 0 0 0
7.828 5 ROVER_STATUS 2 0 3 4 0 1395 7.815369
7.861 5 IMU_MAG_RAW 0 0 0
7.908 5 ALIVE 53,218,81,70,62,199,115,110,109,98,53,234,26,129,160,165
7.956 5 GPS_INT 485068000 -31588394 411660375 404501912 -37259305 695454 645217 22 -9 32 1104 98 383244000 337 5 3 1
7.957 5 LIDAR 4.14 176 1
7.966 5 LINK_REPORT 5 -1 8 0 6913 151 0 1019. 22. 1 -1.65900402234e+12
7.972 5 INS 2396 -983 41469432 31457 5242 -68721112 -8 8 -414
8.036 5 ROTORCRAFT_FP -983 2396 -41467752 5242 31457 68731112 -12766 46 -5063 0 0 0 0 0 0
8.180 5 ROTORCRAFT_NAV_STATUS 1024 1024 0. 0. 3 0 2
8.226 5 GPS_INT 485068002 -31588391 411660369 404501906 -37259302 695428 645192 28 0 32 1106 95 383244250 337 5 3 1
8.227 5 SVINFO 23 82 12 3 21 36 308
8.227 5 INS 2378 -975 41461032 0 -10485 -68772592 9 9 -432
8.285 5 ROTORCRAFT_FP -975 2378 -41459352 -10485 0 68782784 -12766 45 -5066 0 0 0 0 0 0
8.454 5 GPS_INT 485068004 -31588388 411660362 404501900 -37259298 695392 645155 26 -3 23 1107 94 383244500 337 5 3 1
8.470 5 INS 2368 -967 41452632 41943 -36700 -68823168 34 -24 -395
8.535 5 ROTORCRAFT_FP -967 2368 -41450952 -36700 41943 68833656 -12766 46 -5067 0 0 0 0 0 0
8.706 5 GPS_INT 485068007 -31588386 411660358 404501896 -37259295 695384 645148 26 -8 34 1109 96 383244750 337 5 3 1
8.706 5 SVINFO 25 88 12 3 18 21 79
8.719 5 INS 2360 -962 41444232 83886 -47185 -68873936 -33 24 -409
8.783 5 ROTORCRAFT_FP -962 2360 -41442552 -47185 83886 68884520 -12766 45 -5063 0 0 0 0 0 0
8.784 5 DATALINK_REPORT 1392 0 34186 1015 0 0
8.815 5 DL_VALUE 15 0.
8.863 5 IMU_MAG_RAW 0 0 0
8.967 5 LINK_REPORT 5 -1 9 0 7740 168 0 827. 17. 1 -1.65900402234e+12
8.969 5 GPS_INT 485068009 -31588384 411660356 404501893 -37259293 695391 645155 18 -10 38 1111 105 383245000 337 5 3 1
8.970 5 SVINFO 0 1 15 7 33 36 271
8.970 5 WP_MOVED_ENU 7 775 -1018 2560
8.970 5 LIDAR 4.16 176 4
8.971 5 INS 2355 -957 41435832 5242 5242 -68925592 1 5 -399
9.032 5 ROTORCRAFT_FP -957 2355 -41434152 5242 5242 68936008 -12765 45 -5061 0 0 0 0 0 0
9.033 5 ROVER_STATUS 2 0 3 4 0 1396 7.815369
9.202 5 GPS_INT 485068010 -31588382 411660354 404501892 -37259291 695388 645152 31 -1 28 1113 94 383245250 337 5 3 1
9.202 5 SVINFO 1 3 4 4 18 12 208
9.282 5 ROTORCRAFT_FP -954 2352 -41425748 -31457 68157 68987000 -12765 45 -5062 0 0 0 0 0 0
9.451 5 GPS_INT 485068011 -31588381 411660354 404501891 -37259289 695384 645148 20 -7 35 1115 103 383245500 337 5 3 1
9.467 5 INS 2342 -949 41419024 -26214 10485 -69027640 10 7 -408
9.531 5 ROTORCRAFT_FP -949 2342 -41417344 10485 -26214 69037800 -12765 45 -5059 0 0 0 0 0 0
9.701 5 GPS_INT 485068016 -31588379 411660353 404501888 -37259287 695418 645182 31 0 21 1116 96 383245750 337 5 3 1
9.702 5 SVINFO 3 8 15 7 27 83 359
9.717 5 INS 2337 -947 41410960 36700 -20971 -69076344 12 -33 -376
9.780 5 ROTORCRAFT_FP -947 2337 -41408940 -20971 36700 69088952 -12766 45 -5062 0 0 0 0 0 0
9.780 5 ROTORCRAFT_NAV_STATUS 1024 1024 0. 0. 3 0 2
9.859 5 IMU_MAG_RAW 0 0 0
9.907 5 DL_VALUE 16 0.
9.939 5 SVINFO 4 10 15 7 27 34 47
9.955 5 LIDAR 4.13 176 1
9.967 5 LINK_REPORT 5 -1 10 0 8694 190 0 954. 22. 1 -1.65900402234e+12
9.971 5 INS 2339 -949 41402216 89128 -89128 -69129672 16 -1 -375
10.003 5 ALIVE 53,218,81,70,62,199,115,110,109,98,53,234,26,129,160,165
10.037 5 ROTORCRAFT_FP -949 2339 -41400536 -89128 89128 69139896 -12766 45 -5063 0 0 0 0 0 0
10.162 5 ENERGY 0 7.815369 0.275 2.149226 0.386342 2.951469
10.224 5 INS 2355 -954 41393812 204472 -73400 -69180408 21 1 -422
10.224 5 ROVER_STATUS 2 0 3 4 0 1397 7.815369
10.255 5 WP_MOVED_ENU 8 -760 -1031 2560
10.283 5 ROTORCRAFT_FP -954 2355 -41392124 -73400 204472 69190656 -12766 45 -5059 0 0 0 0 0 0
10.443 5 GPS_INT 485068023 -31588382 411660365 404501891 -37259290 695549 645313 8 -14 59 1122 128 383246500 337 5 3 1
10.522 5 ROTORCRAFT_FP -957 2365 -41383680 -36700 209715 69242384 -12766 45 -5057 0 0 0 0 0 0
10.570 5 STATE_FILTER_STATUS 6 3 0
10.714 5 INS 2342 -952 41376896 -115343 15728 -69282944 -12 36 -394
10.777 5 ROTORCRAFT_FP -952 2342 -41375196 15728 -115343 69292696 -12765 45 -5055 0 0 0 0 0 0
10.856 5 IMU_MAG_RAW 0 0 0
10.947 5 GPS_INT 485068039 -31588382 411660372 404501887 -37259288 695722 645486 51 0 15 1126 115 383247000 337 5 3 1
10.948 5 SVINFO 8 22 4 1 0 14 121
10.948 5 LIDAR 4.16 176 1
10.963 5 INS 2309 -944 41368396 -104857 -15728 -69333800 8 -3 -457
10.968 5 LINK_REPORT 5 -1 11 0 9510 208 0 816. 18. 2 -1.65900402734e+12
11.027 5 ROTORCRAFT_FP -944 2309 -41366696 -15728 -104857 69343920 -12766 45 -5053 0 0 0 0 0 0
11.028 5 DL_VALUE 17 1.
11.196 5 GPS_INT 485068055 -31588380 411660369 404501876 -37259285 695826 645590 50 -6 17 1129 112 383247250 337 5 3 1
11.212 5 INS 2286 -939 41359896 -31457 -26214 -69385424 20 2 -398
11.276 5 ROTORCRAFT_FP -939 2286 -41358200 -26214 -31457 69395856 -12766 45 -5053 0 0 0 0 0 0
11.372 5 ROTORCRAFT_NAV_STATUS 1024 1024 0. 0. 3 0 2
11.404 5 ROVER_STATUS 2 0 3 4 0 1398 7.815369
11.449 5 GPS_INT 485068071 -31588379 411660370 404501867 -37259283 695953 645716 46 -8 32 1131 97 383247500 337 5 3 1
11.450 5 SVINFO 10 27 15 7 29 51 115
11.465 5 INS 2268 -934 41351400 68157 -36700 -69437600 -15 -16 -380
11.525 5 ROTORCRAFT_FP -934 2268 -41349700 -36700 68157 69448120 -12766 46 -5054 0 0 0 0 0 0
11.556 5 WP_MOVED_ENU 9 -775 1018 2560
11.694 5 GPS_INT 485068076 -31588377 411660365 404501861 -37259280 695955 645718 31 -9 44 1133 99 383247750 337 5 3 1
11.710 5 INS 2257 -929 41342904 57671 -5242 -69488984 19 7 -398
11.774 5 ROTORCRAFT_FP -929 2257 -41341204 -5242 57671 69499184 -12765 46 -5053 0 0 0 0 0 0
11.854 5 IMU_MAG_RAW 0 0 0
11.945 5 GPS_INT 485068088 -31588376 411660371 404501858 -37259278 696086 645850 30 -2 41 1135 99 383248000 337 5 3 1
11.946 5 SVINFO 12 32 4 1 0 21 98
11.946 5 LIDAR 4.14 176 1
11.970 5 LINK_REPORT 5 -1 12 0 10403 227 0 893. 19. 2 -1.65900402734e+12
11.972 5 INS 2252 -931 41334404 26214 -62914 -69540400 23 -3 -389
11.972 5 UART_ERRORS 0 7 38 1
11.972 5 UART_ERRORS 0 0 1 2
11.973 5 UART_ERRORS 0 1 0 3
12.020 5 ROTORCRAFT_FP -931 2252 -41332704 -62914 26214 69550624 -12765 46 -5052 0 0 0 0 0 0
12.100 5 ALIVE 53,218,81,70,62,199,115,110,109,98,53,234,26,129,160,165
12.100 5 DL_VALUE 18 1.
12.192 5 GPS_INT 485068105 -31588378 411660383 404501856 -37259278 696291 646055 37 -14 40 1138 95 383248250 337 5 3 1
12.208 5 INS 2234 -934 41325904 -15728 -68157 -69590704 20 -9 -385
12.272 5 ROTORCRAFT_FP -934 2234 -41324204 -68157 -15728 69600896 -12766 46 -5051 0 0 0 0 0 0
12.442 5 GPS_INT 485068121 -31588380 411660387 404501850 -37259280 696441 646205 41 -15 33 1140 95 383248500 337 5 3 1
12.457 5 INS 2219 -929 41317404 57671 -20971 -69641296 23 7 -360
12.520 5 ROTORCRAFT_FP -929 2219 -41315704 -20971 57671 69651648 -12766 46 -5050 0 0 0 0 0 0
12.602 5 ROVER_STATUS 2 0 3 4 0 1399 7.815369
12.648 5 ENERGY 0 7.815369 0.3 2.344611 0.386548 2.953075
12.691 5 GPS_INT 485068130 -31588379 411660387 404501844 -37259278 696512 646276 28 -5 39 1142 99 383248750 337 5 3 1
12.707 5 INS 2193 -921 41308904 -5242 -31457 -69691912 -9 -3 -404
12.770 5 ROTORCRAFT_FP -921 2193 -41307204 -31457 -5242 69702136 -12766 46 -5050 0 0 0 0 0 0
12.834 5 INS_REF 485069569 -31588109 411660456 404501063 -37258851 707753 657517 0.
12.849 5 WP_MOVED_ENU 10 10160 10329 2560
12.850 5 IMU_MAG_RAW 0 0 0
12.940 5 GPS_INT 485068147 -31588377 411660388 404501835 -37259275 696646 646410 48 -9 41 1144 96 383249000 337 5 3 1
12.941 5 SVINFO 16 65 12 4 24 26 38
12.941 5 LIDAR 4.15 176 1
12.970 5 LINK_REPORT 5 -1 13 0 11465 251 0 1062. 24. 2 -1.65900402734e+12
12.971 5 ROTORCRAFT_NAV_STATUS 1024 1024 0. 0. 3 0 2
13.195 5 DL_VALUE 19 1.
13.270 5 ROTORCRAFT_FP -913 2150 -41290200 -47185 47185 69803968 -12766 46 -5050 0 0 0 0 0 0
13.439 5 GPS_INT 485068174 -31588375 411660389 404501821 -37259271 696850 646613 45 -11 52 1148 96 383249500 337 5 3 1
13.440 5 SVINFO 18 67 4 4 20 18 164
13.454 5 INS 2150 -913 41283400 47185 -47185 -69845392 9 9 -403
13.518 5 ROTORCRAFT_FP -903 2140 -41281700 -26214 157286 69855904 -12766 46 -5049 0 0 0 0 0 0
13.709 5 INS 2140 -903 41274900 157286 -26214 -69897352 3 -8 -385
13.757 5 STATE_FILTER_STATUS 6 3 0
13.805 5 ROVER_STATUS 2 0 3 4 0 1401 7.815369
13.837 5 DATALINK_REPORT 1398 0 34293 962 0 0
13.852 5 IMU_MAG_RAW 0 0 0
13.946 5 GPS_INT 485068191 -31588371 411660392 404501813 -37259264 697000 646764 42 -10 68 1153 104 383250000 337 5 3 1
13.947 5 SVINFO 20 79 12 4 17 25 233
13.947 5 LIDAR 4.17 176 1
13.971 5 LINK_REPORT 5 -1 14 0 12042 266 0 577. 15. 2 -1.65900402734e+12
14.010 5 ROTORCRAFT_FP -890 2114 -41264700 -10485 141557 69958816 -12766 46 -5048 0 0 0 0 0 0
14.137 5 WP_MOVED_ENU 11 10329 -10160 2560
14.185 5 GPS_INT 485068200 -31588368 411660392 404501807 -37259259 697067 646831 33 -4 64 1155 113 383250250 337 5 3 1
14.202 5 ALIVE 53,218,81,70,62,199,115,110,109,98,53,234,26,129,160,165
14.202 5 INS 2114 -890 41257900 141557 -10485 -69998832 -14 -34 -396
14.265 5 ROTORCRAFT_FP -878 2083 -41256196 0 5242 70008880 -12766 46 -5048 0 0 0 0 0 0
14.297 5 DL_VALUE 20 80.
14.435 5 GPS_INT 485068217 -31588364 411660390 404501797 -37259254 697180 646943 44 -2 40 1158 97 383250500 337 5 3 1
14.451 5 INS 2083 -878 41249364 5242 0 -70050544 -2 -9 -414
14.515 5 ROTORCRAFT_FP -872 2053 -41247648 -36700 -36700 70060832 -12766 46 -5050 0 0 0 0 0 0
14.562 5 ROTORCRAFT_NAV_STATUS 1024 1024 0. 0. 3 0 2
14.684 5 GPS_INT 485068234 -31588363 411660389 404501786 -37259251 697300 647063 38 -9 24 1161 101 383250750 337 5 3 1
14.685 5 SVINFO 23 82 12 4 22 36 308
14.700 5 INS 2053 -872 41240788 -36700 -36700 -70101968 -8 10 -423
14.764 5 ROTORCRAFT_FP -860 2024 -41239068 -15728 10485 70111776 -12766 46 -5052 0 0 0 0 0 0
14.843 5 IMU_MAG_RAW 0 0 0
14.933 5 GPS_INT 485068248 -31588359 411660386 404501776 -37259246 697382 647146 35 -5 33 1163 96 383251000 337 5 3 1
14.934 5 LIDAR 4.15 176 1
14.949 5 INS 2024 -860 41232188 10485 -15728 -70153512 -24 -7 -385
14.972 5 LINK_REPORT 5 -1 15 0 12969 285 0 927. 19. 2 -1.65900402734e+12
15.013 5 ROTORCRAFT_FP -857 1999 -41230468 -78643 20971 70164304 -12766 46 -5054 0 0 0 0 0 0
15.014 5 ROVER_STATUS 2 0 3 4 0 1402 7.815369
15.046 5 UART_ERRORS 0 0 0 4
15.141 5 ENERGY 0 7.815369 0.35 2.735379 0.386744 2.954611
15.183 5 GPS_INT 485068265 -31588359 411660388 404501767 -37259244 697527 647291 26 -16 29 1166 94 383251250 337 5 3 1
15.198 5 INS 1999 -857 41223588 20971 -78643 -70204504 11 -21 -385
15.263 5 ROTORCRAFT_FP -860 1989 -41221868 -125829 99614 70214312 -12766 46 -5053 0 0 0 0 0 0
15.390 5 DL_VALUE 21 80.
15.432 5 GPS_INT 485068276 -31588361 411660392 404501764 -37259245 697640 647403 12 -24 37 1169 112 383251500 337 5 3 1
15.433 5 WP_MOVED_ENU 12 -10160 -10329 2560
15.448 5 INS 1989 -860 41214992 99614 -125829 -70254840 7 -23 -371
15.512 5 ROTORCRAFT_FP -857 1978 -41213272 -68157 94371 70264736 -12766 46 -5052 0 0 0 0 0 0
15.682 5 GPS_INT 485068288 -31588361 411660397 404501760 -37259245 697760 647524 12 -13 35 1171 122 383251750 337 5 3 1
15.683 5 SVINFO 1 3 4 4 21 12 208
15.697 5 INS 1978 -857 41206392 94371 -68157 -70304320 14 -9 -409
15.762 5 ROTORCRAFT_FP -847 1932 -41204672 -5242 -136314 70314424 -12766 46 -5050 0 0 0 0 0 0
15.841 5 IMU_MAG_RAW 0 0 0
15.921 5 GPS_INT 485068301 -31588358 411660384 404501744 -37259240 697777 647541 35 -3 -4 1174 159 383252000 337 5 3 1
15.936 5 LIDAR 4.16 176 1
15.953 5 INS 1932 -847 41197796 -136314 -5242 -70354600 17 -19 -409
15.973 5 LINK_REPORT 5 -1 16 0 13916 305 0 947. 20. 3 -1.65900403234e+12
16.011 5 ROTORCRAFT_FP -829 1886 -41196076 5242 -110100 70364592 -12766 46 -5049 0 0 0 0 0 0
16.155 5 ROTORCRAFT_NAV_STATUS 1024 1024 0. 0. 3 0 2
16.184 5 GPS_INT 485068311 -31588351 411660368 404501727 -37259232 697745 647508 31 -1 -1 1176 146 383252250 337 5 3 1
16.199 5 INS 1886 -829 41189196 -110100 5242 -70406000 1 -5 -376
16.200 5 ROVER_STATUS 2 0 3 4 0 1403 7.806538
16.260 5 ROTORCRAFT_FP -811 1861 -41187476 31457 57671 70416360 -12766 46 -5049 0 0 0 0 0 0
16.291 5 ALIVE 53,218,81,70,62,199,115,110,109,98,53,234,26,129,160,165
16.419 5 SVINFO 4 10 15 4 23 34 47
16.451 5 INS 1861 -811 41180596 57671 31457 -70458464 1 -35 -409
16.509 5 ROTORCRAFT_FP -791 1827 -41178876 20971 -36700 70468416 -12766 46 -5049 0 0 0 0 0 0
16.510 5 DL_VALUE 22 0.
16.679 5 GPS_INT 485068320 -31588337 411660345 404501707 -37259214 697653 647417 17 3 6 1181 113 383252750 337 5 3 1
16.680 5 SVINFO 5 14 4 3 6 11 322
16.694 5 INS 1827 -791 41171996 -36700 20971 -70509704 20 -14 -409
16.742 5 WP_MOVED_ENU 13 -10329 10160 2560
16.761 5 ROTORCRAFT_FP -775 1794 -41170276 -15728 -41943 70519848 -12766 46 -5051 0 0 0 0 0 0
16.838 5 IMU_MAG_RAW 0 0 0
16.928 5 GPS_INT 485068325 -31588331 411660332 404501695 -37259207 697608 647372 16 -4 4 1183 122 383253000 337 5 3 1
16.929 5 LIDAR 4.13 176 1
16.957 5 INS 1794 -775 41163396 -41943 -15728 -70561344 12 -6 -404
16.957 5 STATE_FILTER_STATUS 6 3 0
16.973 5 LINK_REPORT 5 -1 17 0 14835 326 0 919. 21. 3 -1.65900403234e+12
17.005 5 ROTORCRAFT_FP -765 1771 -41161676 15728 -94371 70571720 -12766 46 -5053 0 0 0 0 0 0
17.176 5 GPS_INT 485068326 -31588327 411660320 404501686 -37259202 697534 647298 22 2 -5 1185 163 383253250 337 5 3 1
17.177 5 SVINFO 7 21 15 4 22 63 299
17.191 5 INS 1771 -765 41154792 -94371 15728 -70612632 -1 1 -428
17.256 5 ROTORCRAFT_FP -755 1733 -41153072 -68157 -178257 70622600 -12767 46 -5052 0 0 0 0 0 0
17.399 5 ROVER_STATUS 2 0 3 4 0 1404 7.815369
17.425 5 GPS_INT 485068333 -31588324 411660307 404501674 -37259198 697504 647268 37 -15 -12 1187 164 383253500 337 5 3 1
17.441 5 INS 1733 -755 41146192 -178257 -68157 -70664160 0 -30 -428
17.457 5 AUTOPILOT_VERSION 60200 v6.2_unstable-101-g8a957fd0a-dirty
17.505 5 ROTORCRAFT_FP -755 1707 -41144468 -68157 -99614 70674424 -12767 46 -5050 0 0 0 0 0 0
17.584 5 DL_VALUE 23 1.
17.633 5 ENERGY 0 7.815369 0.325 2.539995 0.386971 2.956379
17.675 5 GPS_INT 485068343 -31588324 411660302 404501665 -37259197 697549 647313 27 -14 0 1189 137 383253750 337 5 3 1
17.690 5 INS 1707 -755 41137584 -99614 -68157 -70714216 32 7 -403
17.754 5 ROTORCRAFT_FP -744 1710 -41135860 0 173014 70724176 -12767 46 -5050 0 0 0 0 0 0
17.755 5 ROTORCRAFT_NAV_STATUS 1024 1024 0. 0. 3 0 2
17.833 5 IMU_MAG_RAW 0 0 0
17.913 5 INS_REF 485069569 -31588109 411660456 404501063 -37258851 707753 657517 0.
17.939 5 GPS_INT 485068340 -31588320 411660301 404501665 -37259193 697509 647273 3 0 46 1191 149 383254000 337 5 3 1
17.940 5 SVINFO 10 27 15 6 28 51 115
17.940 5 LIDAR 4.13 176 1
17.941 5 INS 1710 -744 41128980 173014 0 -70764560 -5 10 -419
17.974 5 LINK_REPORT 5 -1 18 0 15882 348 0 1047. 22. 3 -1.65900403234e+12
18.003 5 ROTORCRAFT_FP -732 1687 -41127256 -20971 41943 70774752 -12767 46 -5049 0 0 0 0 0 0
18.035 5 WP_MOVED_ENU 0 0 0 2560
18.131 5 UART_ERRORS 0 7 38 1
18.146 5 UART_ERRORS 0 0 1 2
18.173 5 GPS_INT 485068344 -31588315 411660292 404501657 -37259186 697481 647244 14 -4 23 1194 107 383254250 337 5 3 1
18.188 5 INS 1687 -732 41120368 41943 -20971 -70814960 3 1 -385
18.253 5 ROTORCRAFT_FP -711 1648 -41118644 -5242 -20971 70825056 -12767 46 -5052 0 0 0 0 0 0
18.380 5 ALIVE 53,218,81,70,62,199,115,110,109,98,53,234,26,129,160,165
18.422 5 GPS_INT 485068347 -31588308 411660274 404501643 -37259178 697390 647153 24 -2 16 1196 102 383254500 337 5 3 1
18.438 5 INS 1648 -711 41111740 -20971 -5242 -70865800 27 -26 -395
18.502 5 ROTORCRAFT_FP -698 1610 -41110004 -47185 -89128 70875856 -12767 46 -5053 0 0 0 0 0 0
18.694 5 INS 1610 -698 41103056 -89128 -47185 -70916480 16 -35 -428
18.694 5 DL_VALUE 24 1.
18.752 5 ROTORCRAFT_FP -680 1566 -41101320 -10485 -36700 70926728 -12767 46 -5052 0 0 0 0 0 0
18.831 5 IMU_MAG_RAW 0 0 0
18.921 5 GPS_INT 485068363 -31588297 411660245 404501615 -37259164 697309 647073 30 -3 17 1200 105 383255000 337 5 3 1
18.922 5 DATALINK_REPORT 1403 0 34400 980 0 0
18.922 5 LIDAR 4.13 176 1
18.937 5 INS 1566 -680 41094364 -36700 -10485 -70968064 10 -6 -409
18.975 5 LINK_REPORT 5 -1 19 0 16754 367 0 872. 19. 3 -1.65900403234e+12
19.000 5 ROTORCRAFT_FP -673 1536 -41092624 -83886 26214 70977832 -12767 46 -5054 0 0 0 0 0 0
19.174 5 GPS_INT 485068375 -31588294 411660239 404501603 -37259159 697364 647128 30 -17 34 1202 96 383255250 337 5 3 1
19.175 5 SVINFO 15 136 12 7 32 42 167
19.190 5 INS 1536 -673 41085664 26214 -83886 -71018368 -6 -1 -423
19.250 5 ROTORCRAFT_FP -657 1512 -41083924 -10485 115343 71028568 -12767 46 -5053 0 0 0 0 0 0
19.329 5 WP_MOVED_ENU 1 0 0 2560
19.345 5 ROTORCRAFT_NAV_STATUS 1024 1024 0. 0. 3 0 2
19.419 5 GPS_INT 485068384 -31588289 411660235 404501596 -37259153 697403 647167 19 -3 46 1205 121 383255500 337 5 3 1
19.435 5 INS 1512 -657 41076964 115343 -10485 -71068584 0 -5 -376
19.499 5 ROTORCRAFT_FP -647 1459 -41075224 -131071 -120586 71079112 -12767 46 -5052 0 0 0 0 0 0
19.669 5 GPS_INT 485068396 -31588286 411660218 404501577 -37259148 697384 647148 44 -27 10 1207 117 383255750 337 5 3 1
19.670 5 SVINFO 17 66 12 4 24 47 110
19.685 5 INS 1459 -647 41068268 -120586 -131071 -71119568 7 19 -389
19.749 5 ROTORCRAFT_FP -632 1395 -41066528 -47185 -173014 71129888 -12767 46 -5051 0 0 0 0 0 0
19.779 5 ROVER_STATUS 2 0 3 4 0 1407 7.815369
19.780 5 DL_VALUE 25 0.
19.827 5 IMU_MAG_RAW 0 0 0
19.917 5 GPS_INT 485068401 -31588280 411660189 404501555 -37259141 697228 646992 46 -12 -3 1209 150 383256000 337 5 3 1
19.918 5 SVINFO 18 67 4 4 19 18 164
19.918 5 LIDAR 4.14 176 1
19.933 5 INS 1395 -632 41059572 -173014 -47185 -71170424 24 9 -376
19.976 5 LINK_REPORT 5 -1 20 0 17717 388 0 963. 21. 3 -1.65900403234e+12
19.996 5 ROTORCRAFT_FP -609 1326 -41057832 36700 -251658 71180688 -12767 46 -5050 0 0 0 0 0 0
20.124 5 ENERGY 0 7.815369 0.375 2.930763 0.387228 2.958387
20.139 5 STATE_FILTER_STATUS 6 3 0
20.170 5 GPS_INT 485068404 -31588271 411660155 404501530 -37259130 697030 646794 53 4 -18 1211 172 383256250 337 5 3 1
20.186 5 INS 1326 -609 41050872 -251658 36700 -71221992 -3 10 -361
20.246 5 ROTORCRAFT_FP -586 1272 -41049132 -47185 -110100 71232080 -12767 46 -5049 0 0 0 0 0 0
20.416 5 GPS_INT 485068416 -31588263 411660138 404501512 -37259120 697006 646770 40 -11 8 1213 127 383256500 337 5 3 1
20.416 5 SVINFO 20 79 12 4 19 25 233
20.433 5 INS 1272 -586 41042172 -110100 -47185 -71272296 -15 16 -414
20.479 5 ALIVE 53,218,81,70,62,199,115,110,109,98,53,234,26,129,160,165
20.495 5 ROTORCRAFT_FP -568 1244 -41040432 10485 26214 71282504 -12767 46 -5049 0 0 0 0 0 0
20.623 5 WP_MOVED_ENU 2 7 -1024 2560
20.665 5 GPS_INT 485068426 -31588257 411660131 404501501 -37259112 697032 646796 24 1 28 1215 101 383256750 337 5 3 1
20.681 5 INS 1244 -568 41033472 26214 10485 -71323312 -11 -10 -372
20.744 5 ROTORCRAFT_FP -545 1228 -41031732 31457 146800 71333832 -12767 46 -5051 0 0 0 0 0 0
20.823 5 IMU_MAG_RAW 0 0 0
20.871 5 DL_VALUE 26 0.
20.913 5 GPS_INT 485068424 -31588247 411660121 404501496 -37259100 696949 646713 3 6 40 1217 142 383257000 337 5 3 1
20.914 5 LIDAR 4.14 176 3
20.929 5 INS 1228 -545 41024772 146800 31457 -71375128 12 -11 -409
20.945 5 ROTORCRAFT_NAV_STATUS 1024 1024 0. 0. 3 0 2
20.977 5 LINK_REPORT 5 -1 21 0 18695 409 0 978. 21. 4 -1.65900403734e+12
20.993 5 ROTORCRAFT_FP -522 1190 -41023032 20971 5242 71385408 -12767 46 -5050 0 0 0 0 0 0
20.994 5 ROVER_STATUS 2 0 3 4 0 1408 7.806538
21.164 5 GPS_INT 485068435 -31588239 411660110 404501482 -37259090 696952 646716 24 3 22 1219 99 383257250 337 5 3 1
21.165 5 SVINFO 23 82 12 4 17 36 308
21.180 5 INS 1190 -522 41016072 5242 20971 -71426192 1 1 -380
21.243 5 ROTORCRAFT_FP -504 1172 -41014332 -57671 125829 71436776 -12767 46 -5052 0 0 0 0 0 0
21.244 5 UART_ERRORS 0 1 0 3
21.244 5 UART_ERRORS 0 0 0 4
21.412 5 GPS_INT 485068442 -31588233 411660106 404501476 -37259082 696984 646748 17 -12 47 1220 118 383257500 337 5 3 1
21.428 5 INS 1172 -504 41007372 125829 -57671 -71478440 18 -29 -428
21.492 5 ROTORCRAFT_FP -499 1144 -41005632 -125829 36700 71488440 -12767 46 -5051 0 0 0 0 0 0
21.662 5 GPS_INT 485068452 -31588231 411660101 404501467 -37259079 697021 646785 28 -25 35 1221 95 383257750 337 5 3 1
21.663 5 SVINFO 25 88 12 4 17 21 79
21.678 5 INS 1144 -499 40998672 36700 -125829 -71529040 23 -2 -390
21.742 5 ROTORCRAFT_FP -488 1111 -40996932 -68157 0 71539176 -12767 46 -5050 0 0 0 0 0 0
21.821 5 IMU_MAG_RAW 0 0 0
21.911 5 GPS_INT 485068461 -31588228 411660091 404501455 -37259075 697032 646796 32 -15 29 1223 96 383258000 337 5 3 1
21.912 5 WP_MOVED_ENU 3 -762 -775 2560
21.927 5 LIDAR 4.12 176 1
21.928 5 INS 1111 -488 40989968 0 -68157 -71580352 -1 5 -385
21.978 5 LINK_REPORT 5 -1 22 0 19631 429 0 936. 20. 4 -1.65900403734e+12
21.991 5 ROTORCRAFT_FP -473 1090 -40988228 10485 83886 71590368 -12767 46 -5049 0 0 0 0 0 0
21.992 5 DL_VALUE 27 0.
22.161 5 GPS_INT 485068467 -31588222 411660085 404501447 -37259067 697032 646796 27 1 44 1224 107 383258250 337 5 3 1
22.162 5 SVINFO 1 3 4 4 22 12 208
22.177 5 INS 1090 -473 40981260 83886 10485 -71631168 18 6 -328
22.177 5 ROVER_STATUS 2 0 3 4 0 1409 7.806538
22.240 5 ROTORCRAFT_FP -455 1052 -40979516 -26214 -31457 71641736 -12767 46 -5049 0 0 0 0 0 0
22.431 5 INS 1052 -455 40972536 -31457 -26214 -71682336 -8 -8 -347
22.490 5 ROTORCRAFT_FP -440 1034 -40970788 -5242 52428 71692360 -12768 46 -5051 0 0 0 0 0 0
22.537 5 ROTORCRAFT_NAV_STATUS 1024 1024 0. 0. 3 0 2
22.569 5 ALIVE 53,218,81,70,62,199,115,110,109,98,53,234,26,129,160,165
22.617 5 ENERGY 0 7.806538 0.375 2.927452 0.387496 2.960481
22.681 5 INS 1034 -440 40963768 52428 -5242 -71733400 -17 5 -404
22.739 5 ROTORCRAFT_FP -424 1013 -40962008 -41943 94371 71743712 -12768 46 -5050 0 0 0 0 0 0
22.818 5 IMU_MAG_RAW 0 0 0
22.909 5 GPS_INT 485068488 -31588204 411660062 404501420 -37259045 697032 646795 29 -9 49 1228 107 383259000 337 5 3 1
22.910 5 SVINFO 4 10 15 4 25 34 47
22.910 5 LIDAR 4.13 176 1
22.924 5 INS 1013 -424 40954972 94371 -41943 -71785160 13 -21 -399
22.979 5 LINK_REPORT 5 -1 23 0 20471 448 0 840. 19. 4 -1.65900403734e+12
22.988 5 ROTORCRAFT_FP -414 993 -40953212 -52428 104857 71795376 -12768 46 -5049 0 0 0 0 0 0
22.988 5 INS_REF 485069569 -31588109 411660456 404501063 -37258851 707753 657517 0.
23.067 5 DL_VALUE 28 1.
23.157 5 GPS_INT 485068505 -31588202 411660067 404501414 -37259041 697188 646952 37 -12 59 1229 105 383259250 337 5 3 1
23.158 5 SVINFO 5 14 4 0 0 11 322
23.187 5 INS 993 -414 40946172 104857 -52428 -71836648 -15 1 -433
23.221 5 WP_MOVED_ENU 4 -504 -1029 2560
23.237 5 ROTORCRAFT_FP -407 980 -40944412 -41943 162529 71847040 -12768 46 -5049 0 0 0 0 0 0
23.332 5 STATE_FILTER_STATUS 6 3 0
23.364 5 ROVER_STATUS 2 0 3 4 0 1410 7.806538
23.406 5 GPS_INT 485068517 -31588199 411660070 404501408 -37259037 697297 647061 43 -10 79 1231 109 383259500 337 5 3 1
23.422 5 INS 980 -407 40937372 162529 -41943 -71889192 1 -20 -399
23.485 5 ROTORCRAFT_FP -389 954 -40935612 -15728 115343 71899272 -12768 46 -5048 0 0 0 0 0 0
23.659 5 GPS_INT 485068524 -31588193 411660062 404501399 -37259030 697300 647064 46 -5 69 1231 104 383259750 337 5 3 1
23.660 5 SVINFO 7 21 15 4 20 63 299
23.675 5 INS 954 -389 40928572 115343 -15728 -71940528 33 -9 -399
23.735 5 ROTORCRAFT_FP -373 921 -40926812 0 78643 71950848 -12768 46 -5048 0 0 0 0 0 0
23.815 5 IMU_MAG_RAW 0 0 0
23.905 5 GPS_INT 485068537 -31588188 411660056 404501387 -37259022 697358 647122 54 -3 67 1232 100 383260000 337 5 3 1
23.906 5 LIDAR 4.16 176 1
23.921 5 INS 921 -373 40919772 78643 0 -71992528 11 4 -380
23.980 5 LINK_REPORT 5 -1 24 0 21447 469 0 976. 21. 4 -1.65900403734e+12
23.985 5 ROTORCRAFT_FP -363 896 -40918012 -52428 157286 72003152 -12769 46 -5047 0 0 0 0 0 0
23.985 5 DATALINK_REPORT 1408 0 34508 981 0 0
24.128 5 ROTORCRAFT_NAV_STATUS 1024 1024 0. 0. 3 0 2
24.158 5 GPS_INT 485068548 -31588184 411660052 404501379 -37259017 697417 647180 44 -12 78 1232 107 383260250 337 5 3 1
24.174 5 INS 896 -363 40910972 157286 -52428 -72044632 3 -15 -395
24.174 5 DL_VALUE 29 1.
24.233 5 ROTORCRAFT_FP -360 862 -40909212 -115343 26214 72054912 -12769 46 -5047 0 0 0 0 0 0
24.312 5 UART_ERRORS 0 7 38 1
24.403 5 GPS_INT 485068570 -31588185 411660054 404501368 -37259017 697593 647356 59 -25 59 1233 96 383260500 337 5 3 1
24.418 5 INS 862 -360 40902172 26214 -115343 -72096304 -6 -33 -415
24.483 5 ROTORCRAFT_FP -360 829 -40900412 -78643 52428 72106560 -12769 46 -5046 0 0 0 0 0 0
24.514 5 WP_MOVED_ENU 5 519 -1021 2560
24.565 5 ROVER_STATUS 2 0 3 4 0 1411 7.815369
24.652 5 GPS_INT 485068584 -31588186 411660049 404501356 -37259016 697669 647433 56 -18 63 1234 98 383260750 337 5 3 1
24.679 5 ALIVE 53,218,81,70,62,199,115,110,109,98,53,234,26,129,160,165
24.680 5 INS 829 -360 40893372 52428 -78643 -72148392 19 -15 -433
24.727 5 ROTORCRAFT_FP -360 808 -40891612 -36700 68157 72158984 -12769 45 -5046 0 0 0 0 0 0
24.807 5 IMU_MAG_RAW 0 0 0
24.902 5 GPS_INT 485068598 -31588187 411660050 404501348 -37259016 697781 647545 46 -10 58 1235 101 383261000 337 5 3 1
24.903 5 LIDAR 4.14 176 1
24.917 5 INS 808 -360 40884572 68157 -36700 -72200016 2 0 -371
24.981 5 ROTORCRAFT_FP -350 770 -40882812 -20971 5242 72210120 -12769 45 -5046 0 0 0 0 0 0
24.981 5 LINK_REPORT 5 -1 25 0 22492 491 0 1045. 22. 4 -1.65900403734e+12
25.108 5 ENERGY 0 7.806538 0.375 2.927452 0.387762 2.962559
25.151 5 GPS_INT 485068603 -31588183 411660034 404501335 -37259011 697712 647476 44 -6 40 1236 98 383261250 337 5 3 1
25.166 5 INS 770 -350 40875772 5242 -20971 -72251400 -18 -1 -419
25.230 5 ROTORCRAFT_FP -348 747 -40874012 -68157 52428 72261744 -12769 45 -5048 0 0 0 0 0 0
25.261 5 DL_VALUE 30 0.
25.399 5 GPS_INT 485068616 -31588183 411660034 404501327 -37259010 697805 647569 42 -15 50 1236 99 383261500 337 5 3 1
25.415 5 INS 747 -348 40866972 52428 -68157 -72302688 -20 4 -423
25.478 5 ROTORCRAFT_FP -340 734 -40865212 -26214 162529 72313024 -12769 45 -5048 0 0 0 0 0 0
25.649 5 GPS_INT 485068615 -31588180 411660026 404501322 -37259007 697748 647511 21 -6 59 1237 120 383261750 337 5 3 1
25.650 5 SVINFO 15 136 12 7 33 42 167
25.665 5 INS 734 -340 40858172 162529 -26214 -72354632 7 -29 -409
25.729 5 ROTORCRAFT_FP -332 706 -40856412 -15728 78643 72364728 -12769 45 -5047 0 0 0 0 0 0
25.730 5 ROTORCRAFT_NAV_STATUS 1024 1024 0. 0. 3 0 2
25.760 5 ROVER_STATUS 2 0 3 4 0 1413 7.806538
25.808 5 WP_MOVED_ENU 6 760 1031 2560
25.809 5 IMU_MAG_RAW 0 0 0
25.889 5 GPS_INT 485068622 -31588177 411660018 404501313 -37259003 697754 647517 29 -4 45 1238 105 383262000 337 5 3 1
25.904 5 LIDAR 4.13 176 1
25.920 5 INS 706 -332 40849364 78643 -15728 -72405584 24 13 -408
25.978 5 ROTORCRAFT_FP -330 688 -40847604 -31457 115343 72415376 -12769 45 -5047 0 0 0 0 0 0
25.981 5 LINK_REPORT 5 -1 26 0 23447 511 0 955. 20. 5 -1.65900404234e+12
26.148 5 GPS_INT 485068641 -31588177 411660025 404501306 -37259001 697940 647704 29 -7 54 1239 109 383262250 336 5 3 1
26.149 5 SVINFO 17 66 12 4 27 47 110
26.164 5 INS 688 -330 40840564 115343 -31457 -72456640 -23 -4 -404
26.227 5 ROTORCRAFT_FP -322 657 -40838800 26214 52428 72467256 -12769 45 -5047 0 0 0 0 0 0
26.354 5 DL_VALUE 31 0.
26.396 5 GPS_INT 485068661 -31588176 411660026 404501295 -37258999 698098 647861 41 3 48 1239 100 383262500 336 5 3 1
26.397 5 SVINFO 18 67 4 4 18 18 164
26.412 5 INS 657 -322 40831740 52428 26214 -72508752 10 -19 -433
26.476 5 ROTORCRAFT_FP -314 629 -40829968 5242 41943 72518968 -12769 45 -5047 0 0 0 0 0 0
26.523 5 STATE_FILTER_STATUS 6 3 0
26.645 5 GPS_INT 485068679 -31588174 411660026 404501285 -37258995 698234 647998 46 -1 51 1239 99 383262750 336 5 3 1
26.661 5 INS 629 -314 40822864 41943 5242 -72559840 -19 13 -371
26.725 5 ROTORCRAFT_FP -309 604 -40821084 -52428 136314 72569696 -12769 45 -5049 0 0 0 0 0 0
26.756 5 ALIVE 53,218,81,70,62,199,115,110,109,98,53,234,26,129,160,165
26.804 5 IMU_MAG_RAW 0 0 0
26.899 5 GPS_INT 485068697 -31588173 411660029 404501276 -37258993 698384 648147 39 -12 69 1239 106 383263000 336 5 3 1
26.899 5 SVINFO 20 79 12 4 20 24 233
26.900 5 LIDAR 4.11 176 1
26.914 5 INS 604 -309 40813968 136314 -52428 -72611072 -16 -7 -428
26.975 5 ROTORCRAFT_FP -304 573 -40812544 -15728 57671 72619560 -12769 45 -5048 0 0 0 0 0 0
26.976 5 ROVER_STATUS 2 0 3 4 0 1414 7.806538
26.981 5 LINK_REPORT 5 -1 27 0 24403 532 0 956. 21. 5 -1.65900404234e+12
27.102 5 WP_MOVED_ENU 7 775 -1018 2560
27.144 5 GPS_INT 485068712 -31588172 411660026 404501266 -37258990 698480 648244 47 -6 56 1239 100 383263250 336 5 3 1
27.160 5 INS 573 -304 40805072 57671 -15728 -72662680 7 -30 -399
27.223 5 ROTORCRAFT_FP -299 552 -40803292 -31457 110100 72672984 -12769 45 -5048 0 0 0 0 0 0
27.318 5 ROTORCRAFT_NAV_STATUS 1024 1024 0. 0. 3 0 2
27.392 5 GPS_INT 485068727 -31588171 411660028 404501258 -37258988 698608 648372 46 -9 68 1240 103 383263500 336 5 3 1
27.393 5 SVINFO 22 81 12 7 33 57 22
27.418 5 INS 552 -299 40796176 110100 -31457 -72714192 4 -22 -380
27.419 5 UART_ERRORS 0 0 1 2
27.419 5 UART_ERRORS 0 1 0 3
27.419 5 UART_ERRORS 0 0 0 4
27.476 5 ROTORCRAFT_FP -299 540 -40794400 -83886 157286 72724512 -12769 45 -5047 0 0 0 0 0 0
27.477 5 DL_VALUE 32 0.
27.604 5 ENERGY 0 7.806538 0.325 2.537125 0.388025 2.964614
27.637 5 GPS_INT 485068742 -31588172 411660034 404501254 -37258988 698760 648523 50 -19 84 1240 105 383263750 336 5 3 1
27.667 5 I2C_ERRORS 0 0 16884 0 0 0 0 0 0 0 0 1
27.668 5 INS 540 -299 40787284 157286 -83886 -72765312 -7 -31 -415
27.715 5 ROTORCRAFT_FP -299 527 -40785504 -31457 141557 72775160 -12769 45 -5047 0 0 0 0 0 0
27.795 5 IMU_MAG_RAW 0 0 0
27.891 5 GPS_INT 485068761 -31588173 411660043 404501249 -37258987 698964 648728 52 -9 81 1239 102 383264000 336 5 3 1
27.892 5 LIDAR 4.15 176 1
27.907 5 INS 527 -299 40778384 141557 -31457 -72816576 -1 -3 -419
27.971 5 ROTORCRAFT_FP -294 504 -40776604 0 83886 72826936 -12769 44 -5047 0 0 0 0 0 0
27.982 5 LINK_REPORT 5 -1 28 0 25432 555 0 1029. 23. 5 -1.65900404234e+12
28.050 5 INS_REF 485069569 -31588109 411660456 404501063 -37258851 707753 657517 0.
28.162 5 INS 504 -294 40769488 83886 0 -72869128 4 -23 -376
28.162 5 ROVER_STATUS 2 0 3 4 0 1415 7.815369
28.220 5 ROTORCRAFT_FP -279 473 -40767708 0 52428 72879072 -12769 45 -5046 0 0 0 0 0 0
28.390 5 GPS_INT 485068789 -31588167 411660039 404501230 -37258979 699150 648914 59 -3 64 1238 98 383264500 336 5 3 1
28.390 5 WP_MOVED_ENU 8 -760 -1031 2560
28.405 5 INS 473 -279 40760588 52428 0 -72919928 -20 -15 -377
28.469 5 ROTORCRAFT_FP -273 448 -40758808 -20971 52428 72930592 -12769 45 -5047 0 0 0 0 0 0
28.533 5 AUTOPILOT_VERSION 60200 v6.2_unstable-101-g8a957fd0a-dirty
28.549 5 DL_VALUE 33 0.
28.639 5 GPS_INT 485068803 -31588166 411660038 404501221 -37258976 699251 649014 54 -7 60 1238 98 383264750 336 5 3 1
28.640 5 SVINFO 1 3 4 4 25 12 208
28.655 5 INS 448 -273 40751688 52428 -20971 -72971200 6 -1 -385
28.718 5 ROTORCRAFT_FP -273 448 -40749908 -20971 52428 72981976 -12770 45 -5046 0 0 0 0 0 0
28.797 5 IMU_MAG_RAW 0 0 0
28.845 5 ALIVE 53,218,81,70,62,199,115,110,109,98,53,234,26,129,160,165
28.887 5 GPS_INT 485068817 -31588165 411660039 404501214 -37258974 699355 649119 53 -13 66 1237 98 383265000 336 5 3 1
28.888 5 LIDAR 4.14 176 1
28.903 5 INS 427 -268 40742788 78643 -52428 -73023920 -12 -22 -400
28.919 5 ROTORCRAFT_NAV_STATUS 1024 1024 0. 0. 3 0 2
28.967 5 ROTORCRAFT_FP -268 427 -40741008 -52428 78643 73034392 -12769 45 -5046 0 0 0 0 0 0
28.983 5 LINK_REPORT 5 -1 29 0 26410 576 0 978. 21. 5 -1.65900404234e+12
29.069 5 DATALINK_REPORT 1413 0 34616 978 0 0
29.137 5 GPS_INT 485068833 -31588164 411660042 404501206 -37258972 699500 649263 58 -2 64 1237 98 383265250 336 5 3 1
29.153 5 INS 407 -263 40733888 57671 5242 -73074656 -28 -22 -362
29.217 5 ROTORCRAFT_FP -263 407 -40732108 5242 57671 73084848 -12769 45 -5046 0 0 0 0 0 0
29.344 5 ROVER_STATUS 2 0 3 4 0 1416 7.806538
29.387 5 GPS_INT 485068850 -31588163 411660043 404501198 -37258969 699636 649400 56 -5 64 1237 98 383265500 336 5 3 1
29.387 5 SVINFO 4 10 15 6 27 34 47
29.403 5 INS 378 -258 40724984 62914 -10485 -73125928 2 25 -427
29.465 5 ROTORCRAFT_FP -258 378 -40723204 -10485 62914 73135760 -12769 45 -5046 0 0 0 0 0 0
29.635 5 GPS_INT 485068868 -31588162 411660046 404501189 -37258966 699792 649555 50 -7 60 1236 98 383265750 336 5 3 1
29.661 5 INS 355 -253 40716084 62914 -20971 -73177896 -16 -7 -419
29.661 5 DL_VALUE 34 0.
29.692 5 WP_MOVED_ENU 9 -775 1018 2560
29.720 5 ROTORCRAFT_FP -253 355 -40714304 -20971 62914 73188392 -12769 45 -5046 0 0 0 0 0 0
29.721 5 STATE_FILTER_STATUS 6 3 0
29.784 5 IMU_MAG_RAW 0 0 0
29.880 5 GPS_INT 485068887 -31588162 411660054 404501183 -37258964 699991 649755 48 1 66 1236 100 383266000 336 5 3 1
29.895 5 LIDAR 4.15 176 1
29.896 5 INS 340 -250 40707176 99614 20971 -73228920 4 -11 -376
29.959 5 ROTORCRAFT_FP -250 340 -40705396 20971 99614 73239056 -12769 45 -5046 0 0 0 0 0 0
29.984 5 LINK_REPORT 5 -1 30 0 27344 596 0 934. 20. 5 -1.65900404234e+12
30.087 5 ENERGY 0 7.806538 0.4 3.122615 0.388282 2.966621
30.135 5 GPS_INT 485068903 -31588159 411660059 404501178 -37258960 700143 649906 49 7 63 1235 100 383266250 336 5 3 1
30.136 5 SVINFO 7 21 15 4 18 63 300
30.150 5 INS 322 -240 40698272 83886 52428 -73279960 -6 -4 -419
30.213 5 ROTORCRAFT_FP -240 322 -40696492 52428 83886 73290192 -12769 45 -5046 0 0 0 0 0 0
30.383 5 GPS_INT 485068916 -31588158 411660057 404501169 -37258958 700222 649986 51 -5 54 1235 97 383266500 336 5 3 1
30.398 5 INS 299 -235 40689340 36700 -10485 -73331192 19 -11 -385
30.463 5 ROTORCRAFT_FP -235 299 -40687548 -10485 36700 73341632 -12769 45 -5047 0 0 0 0 0 0
30.510 5 ROTORCRAFT_NAV_STATUS 1024 1024 0. 0. 3 0 2
30.542 5 ROVER_STATUS 2 0 3 4 0 1417 7.815369
30.632 5 GPS_INT 485068922 -31588158 411660053 404501163 -37258958 700245 650009 62 2 41 1235 98 383266750 336 5 3 1
30.648 5 INS 281 -232 40680356 -47185 31457 -73382096 5 6 -419
30.711 5 ROTORCRAFT_FP -232 281 -40678556 31457 -47185 73391960 -12769 45 -5047 0 0 0 0 0 0
30.742 5 DL_VALUE 35 0.
30.790 5 IMU_MAG_RAW 0 0 0
30.881 5 GPS_INT 485068939 -31588161 411660064 404501160 -37258959 700445 650209 56 -11 63 1234 98 383267000 336 5 3 1
30.882 5 SVINFO 10 27 15 7 30 51 115
30.882 5 LIDAR 4.15 176 1
30.944 5 ALIVE 53,218,81,70,62,199,115,110,109,98,53,234,26,129,160,165
30.960 5 ROTORCRAFT_FP -238 273 -40669556 -41943 57671 73443880 -12769 45 -5046 0 0 0 0 0 0
30.985 5 LINK_REPORT 5 -1 31 0 28275 616 0 931. 20. 6 -1.65900404734e+12
30.992 5 WP_MOVED_ENU 10 10160 10329 2560
31.131 5 GPS_INT 485068949 -31588165 411660075 404501161 -37258964 700600 650364 52 -3 54 1234 97 383267250 336 5 3 1
31.146 5 INS 279 -248 40662356 36700 0 -73485824 12 -2 -428
31.210 5 ROTORCRAFT_FP -248 279 -40660556 0 36700 73496000 -12769 45 -5048 0 0 0 0 0 0
31.380 5 GPS_INT 485068960 -31588170 411660086 404501162 -37258968 700752 650516 47 -13 58 1234 100 383267500 336 5 3 1
31.396 5 INS 281 -258 40653356 68157 -52428 -73537656 -19 -3 -395
31.460 5 ROTORCRAFT_FP -258 281 -40651556 -52428 68157 73547848 -12769 45 -5048 0 0 0 0 0 0
31.630 5 GPS_INT 485068970 -31588175 411660092 404501161 -37258973 700875 650639 37 -16 62 1234 105 383267750 336 5 3 1
31.645 5 INS 276 -268 40644356 115343 -73400 -73589176 23 -5 -409
31.709 5 ROTORCRAFT_FP -268 276 -40642556 -73400 115343 73599264 -12770 45 -5048 0 0 0 0 0 0
31.740 5 ROVER_STATUS 2 0 3 4 0 1419 7.806538
31.788 5 IMU_MAG_RAW 0 0 0
31.836 5 DL_VALUE 36 0.
31.878 5 GPS_INT 485068978 -31588179 411660097 404501159 -37258978 700966 650730 37 -13 61 1234 105 383268000 336 5 3 1
31.879 5 LIDAR 4.14 176 1
31.894 5 INS 271 -279 40635356 110100 -57671 -73640696 2 -1 -423
31.958 5 ROTORCRAFT_FP -279 271 -40633560 -57671 110100 73651160 -12770 45 -5047 0 0 0 0 0 0
31.986 5 LINK_REPORT 5 -1 32 0 29147 633 0 872. 17. 6 -1.65900404734e+12
32.102 5 ROTORCRAFT_NAV_STATUS 1024 1024 0. 0. 3 0 2
32.133 5 GPS_INT 485069023 -31588196 411660228 404501222 -37258994 702165 651928 44 -23 64 1219 97 383268250 240 6 3 1
32.148 5 INS 450 -314 40626360 99614 -110100 -73693000 4 -42 -410
32.208 5 ROTORCRAFT_FP -314 450 -40624560 -110100 99614 73703352 -12770 45 -5047 0 0 0 0 0 0
32.287 5 WP_MOVED_ENU 11 10329 -10160 2560
32.377 5 GPS_INT 485069065 -31588208 411660337 404501272 -37259005 703204 652968 68 -8 50 1205 97 383268500 240 6 3 1
32.393 5 INS 591 -337 40617360 -36700 -20971 -73745176 -22 -25 -453
32.457 5 ROTORCRAFT_FP -337 591 -40615560 -20971 -36700 73755416 -12770 45 -5048 0 0 0 0 0 0
32.584 5 ENERGY 0 7.815369 0.4 3.126148 0.388564 2.968823
32.627 5 GPS_INT 485069104 -31588219 411660430 404501312 -37259015 704100 653864 66 -28 40 1193 97 383268750 240 6 3 1
32.627 5 SVINFO 17 66 12 6 28 47 110
32.642 5 INS 706 -358 40608360 -73400 -125829 -73796408 23 -40 -380
32.705 5 ROTORCRAFT_FP -358 706 -40606560 -125829 -73400 73806600 -12770 45 -5048 0 0 0 0 0 0
32.785 5 IMU_MAG_RAW 0 0 0
32.875 5 GPS_INT 485069142 -31588231 411660517 404501349 -37259026 704964 654727 60 -20 43 1181 95 383269000 240 6 3 1
32.876 5 SVINFO 18 67 4 4 15 18 164
32.876 5 LIDAR 4.16 176 1
32.905 5 INS 811 -384 40599360 -36700 -89128 -73847600 -10 -5 -414
32.905 5 STATE_FILTER_STATUS 6 3 0
32.963 5 ROTORCRAFT_FP -384 811 -40597560 -89128 -36700 73857968 -12770 45 -5048 0 0 0 0 0 0
32.964 5 ROVER_STATUS 2 0 3 4 0 1420 7.806538
32.964 5 DL_VALUE 37 1400.
32.987 5 LINK_REPORT 5 -1 33 0 30140 655 0 993. 22. 6 -1.65900404734e+12
33.027 5 ALIVE 53,218,81,70,62,199,115,110,109,98,53,234,26,129,160,165
33.135 5 GPS_INT 485069183 -31588244 411660610 404501388 -37259039 705885 655649 63 -21 60 1170 93 383269250 240 6 3 1
33.135 5 INS_REF 485069569 -31588109 411660456 404501063 -37258851 707753 657517 0.
33.136 5 INS 924 -409 40590360 15728 -89128 -73899184 -4 -8 -399
33.198 5 ROTORCRAFT_FP -409 924 -40588556 -89128 15728 73909528 -12770 45 -5047 0 0 0 0 0 0
33.373 5 GPS_INT 485069215 -31588253 411660678 404501416 -37259047 706569 656333 78 -13 43 1161 97 383269500 240 6 3 1
33.389 5 INS 1003 -427 40581356 -99614 -41943 -73949536 -19 16 -366
33.453 5 ROTORCRAFT_FP -427 1003 -40579556 -41943 -99614 73960168 -12770 45 -5046 0 0 0 0 0 0
33.580 5 WP_MOVED_ENU 12 -10160 -10329 2560
33.580 5 UART_ERRORS 0 7 38 1
33.596 5 UART_ERRORS 0 0 1 2
33.596 5 UART_ERRORS 0 1 0 3
33.597 5 UART_ERRORS 0 0 0 4
33.627 5 GPS_INT 485069247 -31588262 411660740 404501440 -37259055 707221 656985 81 -20 47 1153 96 383269750 240 6 3 1
33.642 5 INS 1070 -445 40572352 -94371 -78643 -74001216 5 -22 -385
33.702 5 ROTORCRAFT_FP -445 1070 -40570552 -78643 -94371 74011304 -12771 45 -5046 0 0 0 0 0 0
33.703 5 ROTORCRAFT_NAV_STATUS 1024 1024 0. 0. 3 0 2
33.782 5 IMU_MAG_RAW 0 0 0
33.872 5 GPS_INT 485069278 -31588269 411660799 404501461 -37259061 707845 657609 60 -10 64 1146 92 383270000 240 6 3 1
33.873 5 LIDAR 4.14 176 6
33.888 5 INS 1131 -458 40563344 47185 -36700 -74052664 4 -16 -414
33.951 5 ROTORCRAFT_FP -458 1131 -40561544 -36700 47185 74063360 -12771 45 -5046 0 0 0 0 0 0
33.987 5 LINK_REPORT 5 -1 34 0 31153 677 0 1013. 22. 6 -1.65900404734e+12
34.030 5 DL_VALUE 38 10.
34.121 5 GPS_INT 485069307 -31588277 411660866 404501491 -37259068 708500 658263 50 -11 68 1139 93 383270250 240 6 3 1
34.146 5 INS 1213 -473 40554344 94371 -41943 -74105792 -14 4 -404
34.147 5 DATALINK_REPORT 1418 0 34721 968 0 0
34.147 5 ROVER_STATUS 2 0 3 4 0 1421 7.815369
34.194 5 ROTORCRAFT_FP -473 1213 -40552540 -41943 94371 74115312 -12771 45 -5046 0 0 0 0 0 0
34.369 5 GPS_INT 485069342 -31588284 411660927 404501512 -37259073 709171 658935 56 -6 65 1134 92 383270500 240 6 3 1
34.385 5 INS 1274 -486 40545296 62914 -15728 -74156320 -2 -7 -356
34.449 5 ROTORCRAFT_FP -486 1274 -40543480 -15728 62914 74166840 -12771 45 -5046 0 0 0 0 0 0
34.620 5 GPS_INT 485069365 -31588288 411660972 404501529 -37259077 709639 659403 61 -8 46 1128 92 383270750 240 6 3 1
34.621 5 SVINFO 25 88 12 4 14 21 79
34.636 5 INS 1323 -491 40536208 -26214 -26214 -74206720 -4 3 -395
34.779 5 IMU_MAG_RAW 0 0 0
34.870 5 GPS_INT 485069388 -31588293 411661004 404501537 -37259081 710021 659785 83 -12 12 1123 110 383271000 240 6 3 1
34.870 5 SVINFO 0 1 15 7 32 36 271
34.871 5 WP_MOVED_ENU 13 -10329 10160 2560
34.885 5 LIDAR 4.14 176 1
34.885 5 INS 1346 -501 40527112 -241172 -36700 -74257528 -8 2 -390
34.948 5 ROTORCRAFT_FP -501 1346 -40525292 -36700 -241172 74268040 -12771 45 -5047 0 0 0 0 0 0
34.988 5 LINK_REPORT 5 -1 35 0 32020 696 0 867. 19. 6 -1.65900404734e+12
35.078 5 ENERGY 0 7.806538 0.4 3.122615 0.388832 2.970911
35.118 5 GPS_INT 485069412 -31588299 411661041 404501548 -37259086 710448 660211 59 -4 21 1117 99 383271250 240 6 3 1
35.119 5 SVINFO 1 3 15 4 22 12 208
35.147 5 ALIVE 53,218,81,70,62,199,115,110,109,98,53,234,26,129,160,165
35.148 5 INS 1377 -512 40518012 -120586 -5242 -74308800 -12 -15 -395
35.148 5 DL_VALUE 39 100.
35.195 5 ROTORCRAFT_FP -512 1377 -40516192 -5242 -120586 74319256 -12771 45 -5047 0 0 0 0 0 0
35.290 5 ROTORCRAFT_NAV_STATUS 1024 1024 0. 0. 3 0 2
35.338 5 ROVER_STATUS 2 0 3 4 0 1422 7.806538
35.367 5 GPS_INT 485069431 -31588301 411661070 404501557 -37259087 710775 660539 60 -2 18 1112 101 383271500 240 6 3 1
35.382 5 INS 1402 -514 40508916 -136314 5242 -74360472 2 -16 -352
35.446 5 ROTORCRAFT_FP -514 1402 -40507096 5242 -136314 74370328 -12771 46 -5047 0 0 0 0 0 0
35.616 5 GPS_INT 485069460 -31588308 411661119 404501573 -37259093 711318 661082 34 -8 49 1107 93 383271750 240 6 3 1
35.617 5 SVINFO 3 8 15 7 28 83 359
35.632 5 INS 1448 -527 40499816 73400 -31457 -74411784 8 -13 -419
35.696 5 ROTORCRAFT_FP -527 1448 -40497996 -31457 73400 74421880 -12771 46 -5046 0 0 0 0 0 0
35.775 5 IMU_MAG_RAW 0 0 0
35.869 5 GPS_INT 485069474 -31588312 411661152 404501588 -37259096 711649 661413 33 2 27 1102 88 383272000 240 6 3 1
35.869 5 LIDAR 4.15 176 1
35.945 5 ROTORCRAFT_FP -535 1489 -40488896 20971 -5242 74473696 -12771 45 -5048 0 0 0 0 0 0
35.989 5 LINK_REPORT 5 -1 36 0 32951 716 0 931. 20. 7 -1.65900405234e+12
36.088 5 STATE_FILTER_STATUS 6 3 0
36.118 5 GPS_INT 485069494 -31588316 411661187 404501600 -37259099 712023 661787 33 -6 28 1097 90 383272250 240 6 3 1
36.134 5 INS 1525 -542 40481616 -5242 -20971 -74515592 -19 -18 -371
36.167 5 WP_MOVED_ENU 0 0 0 2560
36.198 5 ROTORCRAFT_FP -542 1525 -40479796 -20971 -5242 74525840 -12771 46 -5050 0 0 0 0 0 0
36.229 5 DL_VALUE 40 0.
36.368 5 GPS_INT 485069503 -31588321 411661212 404501612 -37259105 712257 662020 39 -18 17 1092 96 383272500 240 6 3 1
36.368 5 SVINFO 6 16 12 3 8 14 172
36.383 5 INS 1559 -552 40472516 -73400 -83886 -74567240 -11 -9 -419
36.443 5 ROTORCRAFT_FP -552 1559 -40470696 -83886 -73400 74578256 -12771 46 -5049 0 0 0 0 0 0
36.523 5 ROVER_STATUS 2 0 3 4 0 1423 7.806538
36.613 5 GPS_INT 485069513 -31588329 411661240 404501625 -37259113 712516 662279 34 -17 30 1088 90 383272750 240 6 3 1
36.614 5 SVINFO 7 21 15 4 16 63 300
36.629 5 INS 1594 -573 40463416 0 -78643 -74619592 23 13 -413
36.692 5 ROTORCRAFT_FP -573 1594 -40461592 -78643 0 74629376 -12771 46 -5049 0 0 0 0 0 0
36.771 5 IMU_MAG_RAW 0 0 0
36.867 5 LIDAR 4.17 176 1
36.883 5 INS 1640 -591 40454312 78643 -68157 -74670264 -21 -13 -409
36.884 5 ROTORCRAFT_NAV_STATUS 1024 1024 0. 0. 3 0 2
36.941 5 ROTORCRAFT_FP -591 1640 -40452492 -68157 78643 74680632 -12771 45 -5048 0 0 0 0 0 0
36.990 5 LINK_REPORT 5 -1 37 0 33840 736 0 889. 20. 7 -1.65900405234e+12
37.111 5 GPS_INT 485069536 -31588342 411661306 404501656 -37259127 713123 662887 29 -4 12 1079 97 383273250 240 6 3 1
37.127 5 INS 1684 -601 40445212 -52428 -15728 -74721824 -13 -15 -447
37.191 5 ROTORCRAFT_FP -601 1684 -40443392 -15728 -52428 74732392 -12771 45 -5048 0 0 0 0 0 0
37.223 5 ALIVE 53,218,81,70,62,199,115,110,109,98,53,234,26,129,160,165
37.318 5 DL_VALUE 41 0.
37.360 5 GPS_INT 485069549 -31588345 411661336 404501669 -37259130 713417 663181 34 2 19 1074 92 383273500 240 6 3 1
37.361 5 SVINFO 10 27 15 7 31 51 115
37.376 5 INS 1720 -606 40436112 -41943 20971 -74774816 7 -4 -390
37.440 5 ROTORCRAFT_FP -606 1720 -40434288 20971 -41943 74785456 -12771 45 -5049 0 0 0 0 0 0
37.472 5 WP_MOVED_ENU 1 0 0 2560
37.568 5 ENERGY 0 7.815369 0.4 3.126148 0.389096 2.972977
37.610 5 GPS_INT 485069563 -31588349 411661370 404501684 -37259133 713749 663513 26 3 26 1070 89 383273750 240 6 3 1
37.626 5 INS 1763 -614 40427004 15728 20971 -74826776 -5 -24 -409
37.691 5 ROTORCRAFT_FP -614 1763 -40425184 20971 15728 74837000 -12771 45 -5051 0 0 0 0 0 0
37.721 5 ROVER_STATUS 2 0 3 4 0 1425 7.806538
37.769 5 IMU_MAG_RAW 0 0 0
37.860 5 GPS_INT 485069573 -31588352 411661398 404501697 -37259136 714012 663775 31 0 20 1066 90 383274000 240 6 3 1
37.861 5 SVINFO 12 32 4 3 13 22 98
37.861 5 LIDAR 4.12 176 1
37.875 5 INS 1802 -622 40417904 -26214 10485 -74878984 -18 -18 -414
37.939 5 ROTORCRAFT_FP -622 1802 -40416084 10485 -26214 74889152 -12771 45 -5053 0 0 0 0 0 0
37.991 5 LINK_REPORT 5 -1 38 0 34818 757 0 978. 21. 7 -1.65900405234e+12
38.109 5 GPS_INT 485069578 -31588356 411661424 404501712 -37259140 714219 663982 11 -2 32 1062 100 383274250 240 6 3 1
38.125 5 INS 1843 -629 40408800 89128 -10485 -74929792 -20 -29 -372
38.205 5 INS_REF 485069569 -31588109 411660456 404501063 -37258851 707753 657517 0.
38.359 5 GPS_INT 485069584 -31588361 411661455 404501730 -37259145 714467 664230 1 -2 48 1058 115 383274500 240 6 3 1
38.486 5 ROTORCRAFT_NAV_STATUS 1024 1024 0. 0. 3 0 2
38.598 5 GPS_INT 485069579 -31588367 411661468 404501741 -37259153 714513 664277 27 -29 16 1054 91 383274750 240 6 3 1
38.614 5 INS 1925 -657 40390464 -36700 -146800 -75031672 22 29 -375
38.688 5 ROTORCRAFT_FP -657 1925 -40388624 -146800 -36700 75042136 -12771 46 -5050 0 0 0 0 0 0
38.767 5 WP_MOVED_ENU 2 7 -1024 2560
38.768 5 IMU_MAG_RAW 0 0 0
38.848 5 GPS_INT 485069607 -31588387 411661580 404501800 -37259175 715461 665225 -3 -4 55 1049 117 383275000 231 7 3 1
38.863 5 LIDAR 4.12 176 1
38.879 5 INS 2096 -704 40381264 225443 -26214 -75083872 25 -7 -418
38.938 5 ROTORCRAFT_FP -704 2096 -40379424 -26214 225443 75094224 -12771 46 -5049 0 0 0 0 0 0
38.939 5 ROVER_STATUS 2 0 3 4 0 1426 7.806538
38.992 5 LINK_REPORT 5 -1 39 0 35554 772 0 736. 15. 7 -1.65900405234e+12
39.107 5 GPS_INT 485069627 -31588403 411661680 404501856 -37259192 716274 666038 19 -5 48 1045 96 383275250 231 7 3 1
39.108 5 SVINFO 17 66 12 7 27 47 110
39.123 5 INS 2255 -742 40372064 125829 -20971 -75136008 30 -6 -408
39.185 5 ROTORCRAFT_FP -742 2255 -40370224 -20971 125829 75146016 -12771 45 -5048 0 0 0 0 0 0
39.217 5 DATALINK_REPORT 1423 0 34824 957 0 0
39.280 5 STATE_FILTER_STATUS 6 3 0
39.313 5 ALIVE 53,218,81,70,62,199,115,110,109,98,53,234,26,129,160,165
39.355 5 GPS_INT 485069645 -31588419 411661764 404501903 -37259209 716965 666729 51 -16 19 1040 94 383275500 231 7 3 1
39.356 5 SVINFO 18 67 4 1 0 18 164
39.371 5 INS 2388 -780 40362864 -104857 -68157 -75188040 -10 18 -376
39.434 5 ROTORCRAFT_FP -780 2388 -40361024 -68157 -104857 75198016 -12771 46 -5048 0 0 0 0 0 0
39.513 5 DL_VALUE 43 0.
39.622 5 AUTOPILOT_VERSION 60200 v6.2_unstable-101-g8a957fd0a-dirty
39.623 5 GPS_INT 485069662 -31588434 411661844 404501948 -37259226 717623 667386 36 -13 26 1036 88 383275750 231 7 3 1
39.624 5 INS 2513 -816 40353664 -26214 -57671 -75239376 -2 42 -403
39.683 5 ROTORCRAFT_FP -816 2513 -40351824 -57671 -26214 75249736 -12771 46 -5047 0 0 0 0 0 0
39.777 5 IMU_MAG_RAW 0 0 0
39.778 5 UART_ERRORS 0 7 38 1
39.778 5 UART_ERRORS 0 0 1 2
39.778 5 UART_ERRORS 0 1 0 3
39.857 5 LIDAR 4.12 176 1
39.874 5 INS 2649 -847 40344464 -99614 15728 -75290872 12 0 -399
39.993 5 LINK_REPORT 5 -1 40 0 36460 794 0 906. 22. 7 -1.65900405234e+12
40.065 5 ENERGY 0 7.806538 0.4 3.122615 0.389366 2.975082
40.066 5 WP_MOVED_ENU 3 -762 -775 2560
40.086 5 ROTORCRAFT_NAV_STATUS 1024 1024 0. 0. 3 0 2
40.107 5 GPS_INT 485069714 -31588463 411662029 404502043 -37259255 719228 668992 36 -1 35 1028 86 383276250 231 7 3 1
40.123 5 INS 2785 -880 40335268 15728 5242 -75342328 8 9 -370
40.124 5 ROVER_STATUS 2 0 3 4 0 1427 7.806538
40.347 5 GPS_INT 485069735 -31588478 411662120 404502093 -37259271 719989 669752 25 -14 45 1024 91 383276500 230 7 3 1
40.348 5 SVINFO 22 81 12 7 35 57 23
40.362 5 INS 2926 -916 40326068 89128 -68157 -75392984 -19 -16 -404
40.618 5 INS 3061 -944 40316868 36700 -15728 -75444400 -2 21 -398
40.618 5 DL_VALUE 44 34.
40.680 5 ROTORCRAFT_FP -944 3061 -40315028 -15728 36700 75454472 -12771 46 -5049 0 0 0 0 0 0
40.759 5 IMU_MAG_RAW 0 0 0
40.849 5 GPS_INT 485069758 -31588504 411662278 404502186 -37259301 721196 670960 47 -22 15 1017 95 383277000 230 7 3 1
40.850 5 LIDAR 4.15 176 1
40.865 5 INS 3192 -977 40307668 -104857 -99614 -75495856 -11 -8 -404
40.928 5 ROTORCRAFT_FP -977 3192 -40305828 -99614 -104857 75506208 -12771 46 -5049 0 0 0 0 0 0
40.993 5 LINK_REPORT 5 -1 41 0 37203 811 0 743. 17. 8 -1.65900405735e+12
41.098 5 GPS_INT 485069774 -31588518 411662359 404502232 -37259316 721855 671618 27 -9 38 1012 88 383277250 230 7 3 1
41.099 5 SVINFO 25 88 12 1 0 21 79
41.114 5 INS 3322 -1011 40298464 57671 -41943 -75547152 -1 -51 -400
41.178 5 ROTORCRAFT_FP -1011 3322 -40296624 -41943 57671 75557336 -12771 46 -5048 0 0 0 0 0 0
41.305 5 ROVER_STATUS 2 0 3 4 0 1428 7.815369
41.353 5 WP_MOVED_ENU 4 -504 -1029 2560
41.401 5 ALIVE 53,218,81,70,62,199,115,110,109,98,53,234,26,129,160,165
41.593 5 GPS_INT 485069791 -31588542 411662500 404502318 -37259342 722909 672672 48 -5 22 1005 91 383277750 230 7 3 1
41.673 5 ROTORCRAFT_FP -1070 3566 -40278216 -10485 -78643 75659688 -12771 46 -5047 0 0 0 0 0 0
41.674 5 ROTORCRAFT_NAV_STATUS 1024 1024 0. 0. 3 0 2
41.704 5 DL_VALUE 45 18.
41.752 5 IMU_MAG_RAW 0 0 0
41.845 5 GPS_INT 485069797 -31588549 411662548 404502347 -37259351 723269 673033 60 -3 -4 1001 109 383278000 230 7 3 1
41.846 5 LIDAR 4.17 176 1
41.861 5 INS 3648 -1088 40270856 -225443 0 -75701264 -13 -14 -442
41.925 5 ROTORCRAFT_FP -1088 3648 -40269016 0 -225443 75711216 -12771 46 -5047 0 0 0 0 0 0
41.994 5 LINK_REPORT 5 -1 42 0 37915 827 0 712. 16. 8 -1.65900405735e+12
42.088 5 SVINFO 3 8 15 7 29 83 359
42.117 5 INS 3750 -1113 40261644 57671 -36700 -75752184 -13 -5 -361
42.175 5 ROTORCRAFT_FP -1113 3750 -40259800 -36700 57671 75762592 -12771 46 -5046 0 0 0 0 0 0
42.344 5 GPS_INT 485069817 -31588571 411662674 404502421 -37259375 724244 674008 39 -18 23 994 89 383278500 230 7 3 1
42.345 5 SVINFO 4 10 15 7 26 34 47
42.360 5 INS 3857 -1139 40252396 -47185 -83886 -75803176 3 -20 -390
42.423 5 ROTORCRAFT_FP -1139 3857 -40250540 -83886 -47185 75813760 -12771 46 -5046 0 0 0 0 0 0
42.470 5 STATE_FILTER_STATUS 6 3 0
42.503 5 ROVER_STATUS 2 0 3 4 0 1429 7.815369
42.615 5 INS 3942 -1162 40243108 -110100 -68157 -75854944 3 -15 -404
42.647 5 WP_MOVED_ENU 5 519 -1021 2560
42.677 5 ROTORCRAFT_FP -1162 3942 -40241248 -68157 -110100 75864968 -12771 46 -5046 0 0 0 0 0 0
42.757 5 IMU_MAG_RAW 0 0 0
42.804 5 DL_VALUE 46 8.
42.847 5 GPS_INT 485069816 -31588589 411662755 404502476 -37259396 724776 674539 43 -10 7 988 100 383279000 230 7 3 1
42.848 5 SVINFO 6 16 13 4 14 14 172
42.848 5 LIDAR 4.14 176 1
42.863 5 INS 4016 -1185 40233816 -120586 -41943 -75906216 26 -7 -413
42.863 5 UART_ERRORS 0 0 0 4
42.923 5 ROTORCRAFT_FP -1185 4016 -40231960 -41943 -120586 75916640 -12771 45 -5046 0 0 0 0 0 0
42.995 5 LINK_REPORT 5 -1 43 0 38747 847 0 832. 20. 8 -1.65900405735e+12
43.092 5 GPS_INT 485069827 -31588597 411662803 404502503 -37259405 725177 674940 32 -1 21 985 87 383279250 230 7 3 1
43.093 5 SVINFO 7 21 15 4 15 63 300
43.108 5 INS 4090 -1205 40224520 -26214 5242 -75957456 17 -30 -428
43.171 5 ROTORCRAFT_FP -1205 4090 -40222660 5242 -26214 75967256 -12771 46 -5047 0 0 0 0 0 0
43.283 5 INS_REF 485069569 -31588109 411660456 404501063 -37258851 707753 657517 0.
43.283 5 ROTORCRAFT_NAV_STATUS 1024 1024 0. 0. 3 0 2
43.340 5 GPS_INT 485069833 -31588605 411662849 404502530 -37259414 725524 675288 41 -11 33 982 87 383279500 230 7 3 1
43.356 5 INS 4170 -1223 40215220 -10485 -47185 -76008728 -5 4 -366
43.420 5 ROTORCRAFT_FP -1223 4170 -40213360 -47185 -10485 76018872 -12771 46 -5049 0 0 0 0 0 0
43.500 5 ALIVE 53,218,81,70,62,199,115,110,109,98,53,234,26,129,160,165
43.590 5 GPS_INT 485069842 -31588614 411662896 404502556 -37259423 725903 675666 25 -5 39 979 90 383279750 230 7 3 1
43.670 5 ROTORCRAFT_FP -1246 4244 -40204060 -20971 68157 76071192 -12771 46 -5048 0 0 0 0 0 0
43.701 5 ROVER_STATUS 2 0 3 4 0 1431 7.806538
43.749 5 IMU_MAG_RAW 0 0 0
43.840 5 GPS_INT 485069850 -31588623 411662947 404502586 -37259434 726296 676060 8 -11 51 976 102 383280000 230 7 3 1
43.840 5 SVINFO 10 27 15 7 32 51 115
43.841 5 LIDAR 4.15 176 1
43.855 5 INS 4328 -1267 40196620 173014 -57671 -76112864 3 -14 -452
43.919 5 ROTORCRAFT_FP -1267 4328 -40194760 -57671 173014 76123472 -12771 46 -5048 0 0 0 0 0 0
43.920 5 DL_VALUE 47 0.
43.951 5 WP_MOVED_ENU 6 760 1031 2560
43.995 5 LINK_REPORT 5 -1 44 0 39715 868 0 968. 21. 8 -1.65900405735e+12
44.079 5 GPS_INT 485069848 -31588628 411662977 404502608 -37259439 726482 676245 37 3 20 974 88 383280250 230 7 3 1
44.111 5 INS 4390 -1280 40187320 -47185 26214 -76165208 16 -10 -395
44.169 5 ROTORCRAFT_FP -1280 4390 -40185460 26214 -47185 76175240 -12771 46 -5047 0 0 0 0 0 0
44.281 5 DATALINK_REPORT 1428 0 34934 981 0 0
44.339 5 GPS_INT 485069841 -31588632 411662998 404502627 -37259445 726566 676330 42 -19 9 971 97 383280500 230 7 3 1
44.340 5 SVINFO 12 32 4 4 18 22 98
44.354 5 INS 4444 -1292 40178020 -115343 -89128 -76215208 30 -16 -433
44.417 5 ROTORCRAFT_FP -1292 4444 -40176160 -89128 -115343 76225456 -12771 46 -5046 0 0 0 0 0 0
44.591 5 GPS_INT 485069839 -31588640 411663022 404502644 -37259455 726707 676471 43 -17 -2 968 106 383280750 230 7 3 1
44.603 5 INS 4492 -1313 40168720 -162529 -78643 -76266864 -15 -32 -348
44.666 5 ROTORCRAFT_FP -1313 4492 -40166860 -78643 -162529 76277384 -12771 46 -5046 0 0 0 0 0 0
44.745 5 IMU_MAG_RAW 0 0 0
44.835 5 GPS_INT 485069830 -31588647 411663052 404502669 -37259463 726842 676606 9 -11 36 965 98 383281000 230 7 3 1
44.836 5 LIDAR 4.13 176 1
44.851 5 INS 4564 -1331 40159416 110100 -57671 -76319120 -6 10 -404
44.867 5 ROTORCRAFT_NAV_STATUS 1024 1024 0. 0. 3 0 2
44.915 5 ROTORCRAFT_FP -1331 4564 -40157556 -57671 110100 76329112 -12771 46 -5046 0 0 0 0 0 0
44.916 5 ROVER_STATUS 2 0 3 4 0 1432 7.806538
44.995 5 DL_VALUE 48 38400.
44.996 5 LINK_REPORT 5 -1 45 0 40634 887 0 919. 19. 8 -1.65900405735e+12
45.043 5 ENERGY 0 7.806538 0.45 3.512942 0.389889 2.979167
45.092 5 GPS_INT 485069824 -31588653 411663086 404502696 -37259470 727015 676779 13 -5 36 962 94 383281250 230 7 3 1
45.092 5 SVINFO 15 136 12 7 32 42 167
45.101 5 INS 4641 -1349 40150116 94371 -26214 -76370808 9 10 -422
45.165 5 ROTORCRAFT_FP -1349 4641 -40148256 -26214 94371 76381312 -12771 46 -5046 0 0 0 0 0 0
45.244 5 WP_MOVED_ENU 7 775 -1018 2560
45.335 5 GPS_INT 485069816 -31588658 411663116 404502721 -37259477 727149 676913 25 -10 34 960 87 383281500 230 7 3 1
45.335 5 SVINFO 16 65 12 4 21 26 38
45.350 5 INS 4712 -1361 40140816 47185 -47185 -76423152 -11 -2 -419
45.414 5 ROTORCRAFT_FP -1361 4712 -40138956 -47185 47185 76433680 -12770 46 -5046 0 0 0 0 0 0
45.583 5 GPS_INT 485069795 -31588661 411663125 404502739 -37259483 727049 676813 51 -11 -10 958 114 383281750 230 7 3 1
45.599 5 ALIVE 53,218,81,70,62,199,115,110,109,98,53,234,26,129,160,165
45.600 5 INS 4764 -1374 40131512 -220200 -41943 -76475776 -4 -20 -447
45.663 5 ROTORCRAFT_FP -1374 4764 -40129652 -41943 -220200 76486432 -12770 46 -5045 0 0 0 0 0 0
45.664 5 STATE_FILTER_STATUS 6 3 0
45.742 5 IMU_MAG_RAW 0 0 0
45.833 5 GPS_INT 485069796 -31588665 411663143 404502751 -37259487 727177 676941 53 5 -19 956 119 383282000 230 7 3 1
45.833 5 LIDAR 4.14 176 1
45.848 5 INS 4797 -1384 40122208 -256900 41943 -76526848 1 8 -395
45.912 5 ROTORCRAFT_FP -1384 4797 -40120348 41943 -256900 76537080 -12770 47 -5045 0 0 0 0 0 0
45.944 5 UART_ERRORS 0 7 38 1
45.960 5 UART_ERRORS 0 0 1 2
45.997 5 LINK_REPORT 5 -1 46 0 41627 909 0 993. 22. 9 -1.65900406235e+12
46.082 5 GPS_INT 485069785 -31588667 411663159 404502768 -37259490 727204 676968 34 -5 2 953 105 383282250 230 7 3 1
46.108 5 INS 4846 -1390 40112892 -110100 -15728 -76578520 2 -22 -414
46.108 5 ROVER_STATUS 2 0 3 4 0 1433 7.806538
46.109 5 DL_VALUE 49 38400.
46.166 5 ROTORCRAFT_FP -1390 4846 -40111028 -15728 -110100 76589296 -12770 47 -5046 0 0 0 0 0 0
46.336 5 GPS_INT 485069771 -31588671 411663174 404502786 -37259496 727191 676955 41 -12 -2 951 102 383282500 230 7 3 1
46.336 5 SVINFO 20 79 12 4 17 24 233
46.351 5 INS 4897 -1402 40103528 -152043 -52428 -76631024 -29 4 -404
46.410 5 ROTORCRAFT_FP -1402 4897 -40101648 -52428 -152043 76641688 -12770 47 -5045 0 0 0 0 0 0
46.458 5 ROTORCRAFT_NAV_STATUS 1024 1024 0. 0. 3 0 2
46.538 5 WP_MOVED_ENU 8 -760 -1031 2560
46.580 5 GPS_INT 485069760 -31588675 411663194 404502806 -37259501 727240 677004 16 -1 5 948 93 383282750 230 7 3 1
46.596 5 INS 4956 -1415 40094136 -36700 0 -76682872 0 19 -385
46.659 5 ROTORCRAFT_FP -1415 4956 -40092260 0 -36700 76693080 -12771 47 -5047 0 0 0 0 0 0
46.738 5 IMU_MAG_RAW 0 0 0
46.830 5 GPS_INT 485069739 -31588676 411663203 404502825 -37259504 727144 676908 12 -3 -4 945 110 383283000 230 7 3 1
46.830 5 LIDAR 4.13 176 5
46.845 5 INS 5007 -1420 40084740 -57671 -15728 -76733640 7 -10 -371
46.909 5 ROTORCRAFT_FP -1420 5007 -40082860 -15728 -57671 76744096 -12771 47 -5047 0 0 0 0 0 0
46.997 5 LINK_REPORT 5 -1 47 0 42548 928 0 921. 19. 9 -1.65900406235e+12
47.079 5 GPS_INT 485069729 -31588678 411663222 404502844 -37259507 727194 676958 9 5 17 943 84 383283250 230 7 3 1
47.095 5 INS 5061 -1428 40075720 36700 26214 -76783384 -8 -20 -452
47.158 5 ROTORCRAFT_FP -1428 5061 -40073464 26214 36700 76795216 -12770 47 -5048 0 0 0 0 0 0
47.189 5 DL_VALUE 0 0.
47.285 5 ROVER_STATUS 2 0 3 4 0 1434 7.815369
47.328 5 GPS_INT 485069718 -31588679 411663244 404502865 -37259509 727255 677019 3 6 17 941 91 383283500 230 7 3 1
47.343 5 INS 5122 -1433 40065944 57671 31457 -76836464 11 -9 -371
47.408 5 ROTORCRAFT_FP -1433 5122 -40064064 31457 57671 76846656 -12770 47 -5048 0 0 0 0 0 0
47.535 5 ENERGY 0 7.806538 0.375 2.927452 0.390167 2.981341
47.600 5 INS 5204 -1438 40056544 78643 -31457 -76887616 8 -10 -419
47.679 5 ALIVE 53,218,81,70,62,199,115,110,109,98,53,234,26,129,160,165
47.726 5 IMU_MAG_RAW 0 0 0
47.837 5 GPS_INT 485069678 -31588681 411663287 404502918 -37259514 727224 676987 14 10 9 937 80 383284000 230 7 3 1
47.837 5 SVINFO 0 1 15 7 31 36 271
47.838 5 WP_MOVED_ENU 9 -775 1018 2560
47.838 5 LIDAR 4.15 176 1
47.852 5 INS 5271 -1443 40047144 -10485 52428 -76938688 -3 8 -390
47.901 5 ROTORCRAFT_FP -1443 5271 -40045264 52428 -10485 76948856 -12770 47 -5047 0 0 0 0 0 0
47.998 5 LINK_REPORT 5 -1 48 0 43364 946 0 816. 18. 9 -1.65900406235e+12
48.060 5 ROTORCRAFT_NAV_STATUS 1024 1024 0. 0. 3 0 2
48.097 5 GPS_INT 485069668 -31588682 411663312 404502941 -37259517 727314 677077 18 0 17 935 83 383284250 230 7 3 1
48.098 5 SVINFO 1 3 15 4 24 12 208
48.098 5 INS 5337 -1448 40037744 5242 5242 -76990136 5 -10 -457
48.154 5 ROTORCRAFT_FP -1448 5337 -40035864 5242 5242 77000240 -12770 47 -5048 0 0 0 0 0 0
48.281 5 DL_VALUE 1 5.
48.324 5 GPS_INT 485069649 -31588684 411663335 404502967 -37259521 727319 677082 12 -11 22 933 88 383284500 230 7 3 1
48.350 5 INS 5411 -1456 40028344 41943 -57671 -77040904 -9 -30 -424
48.351 5 INS_REF 485069569 -31588109 411660456 404501063 -37258851 707753 657517 0.
48.409 5 ROTORCRAFT_FP -1456 5411 -40026464 -57671 41943 77050608 -12769 47 -5048 0 0 0 0 0 0
48.488 5 ROVER_STATUS 2 0 3 4 0 1435 7.806538
48.568 5 GPS_INT 485069629 -31588688 411663353 404502991 -37259526 727286 677050 20 -14 13 932 87 383284750 230 7 3 1
48.569 5 SVINFO 3 8 15 7 30 83 0
48.584 5 INS 5480 -1469 40018944 -20971 -68157 -77092200 -21 22 -433
48.728 5 IMU_MAG_RAW 0 0 0
48.822 5 GPS_INT 485069601 -31588688 411663358 404503011 -37259529 727101 676864 30 -7 -2 930 102 383285000 230 7 3 1
48.822 5 LIDAR 4.16 176 1
48.852 5 INS 5537 -1474 40009544 -115343 -31457 -77144536 -2 -23 -409
48.853 5 STATE_FILTER_STATUS 6 3 0
48.901 5 ROTORCRAFT_FP -1474 5537 -40007664 -31457 -115343 77155016 -12770 47 -5047 0 0 0 0 0 0
48.999 5 LINK_REPORT 5 -1 49 0 44271 966 0 907. 20. 9 -1.65900406235e+12
49.044 5 UART_ERRORS 0 1 0 3
49.044 5 UART_ERRORS 0 0 0 4
49.071 5 GPS_INT 485069581 -31588689 411663367 404503029 -37259532 727017 676781 36 -12 2 928 98 383285250 230 7 3 1
49.087 5 INS 5585 -1479 40000144 -120586 -52428 -77196592 -8 -9 -376
49.135 5 WP_MOVED_ENU 10 10160 10329 2560
49.161 5 ROTORCRAFT_FP -1479 5585 -39998264 -52428 -120586 77206712 -12770 47 -5046 0 0 0 0 0 0
49.321 5 GPS_INT 485069564 -31588691 411663379 404503047 -37259535 726958 676722 5 -7 15 926 92 383285500 230 7 3 1
49.322 5 SVINFO 6 16 13 4 16 14 172
49.336 5 INS 5639 -1489 39990744 36700 -36700 -77248440 -6 -13 -395
49.352 5 DATALINK_REPORT 1433 0 35041 977 0 0
49.401 5 ROTORCRAFT_FP -1489 5639 -39988864 -36700 36700 77258320 -12770 47 -5046 0 0 0 0 0 0
49.401 5 DL_VALUE 2 5.
49.571 5 GPS_INT 485069539 -31588692 411663390 404503069 -37259538 726845 676608 3 -8 18 925 97 383285750 230 7 3 1
49.571 5 SVINFO 7 21 15 4 18 63 300
49.586 5 INS 5701 -1495 39981344 57671 -41943 -77300576 -29 -32 -420
49.650 5 ROTORCRAFT_FP -1495 5701 -39979464 -41943 57671 77310744 -12769 47 -5046 0 0 0 0 0 0
49.651 5 ROTORCRAFT_NAV_STATUS 1024 1024 0. 0. 3 0 2
49.682 5 ROVER_STATUS 2 0 3 4 0 1437 7.806538
49.730 5 IMU_MAG_RAW 0 0 0
49.778 5 ALIVE 53,218,81,70,62,199,115,110,109,98,53,234,26,129,160,165
49.820 5 GPS_INT 485069520 -31588692 411663407 404503092 -37259540 726808 676571 0 2 28 923 97 383286000 230 7 3 1
49.820 5 LIDAR 4.11 176 1
49.836 5 INS 5765 -1497 39971944 110100 5242 -77351264 4 17 -380
49.900 5 ROTORCRAFT_FP -1497 5765 -39970064 5242 110100 77361464 -12769 48 -5046 0 0 0 0 0 0
50.000 5 LINK_REPORT 5 -1 50 0 45307 990 0 1036. 24. 9 -1.65900406235e+12
50.027 5 ENERGY 0 7.806538 0.475 3.708105 0.390437 2.983445
50.069 5 GPS_INT 485069491 -31588692 411663422 404503119 -37259541 726684 676447 0 -6 27 921 97 383286250 230 7 3 1
50.085 5 INS 5841 -1502 39962524 104857 -31457 -77402336 -22 -7 -377
50.148 5 ROTORCRAFT_FP -1502 5841 -39960632 -31457 104857 77412680 -12769 48 -5046 0 0 0 0 0 0
50.318 5 GPS_INT 485069462 -31588692 411663435 404503145 -37259545 726550 676313 0 -11 21 919 95 383286500 230 7 3 1
50.334 5 INS 5916 -1507 39953056 78643 -57671 -77453680 -8 -3 -390
50.398 5 ROTORCRAFT_FP -1507 5916 -39951164 -57671 78643 77464512 -12769 48 -5046 0 0 0 0 0 0
50.429 5 WP_MOVED_ENU 11 10329 -10160 2560
50.477 5 DL_VALUE 3 0.
50.647 5 ROTORCRAFT_FP -1512 5985 -39941676 15728 20971 77515808 -12769 48 -5047 0 0 0 0 0 0
50.648 5 AUTOPILOT_VERSION 60200 v6.2_unstable-101-g8a957fd0a-dirty
50.727 5 IMU_MAG_RAW 0 0 0
50.807 5 SVINFO 12 32 4 4 21 22 97
50.822 5 LIDAR 4.13 176 1
50.839 5 INS 6044 -1515 39934076 -41943 -47185 -77557544 8 30 -413
50.897 5 ROTORCRAFT_FP -1515 6044 -39932180 -47185 -41943 77567920 -12769 48 -5047 0 0 0 0 0 0
50.898 5 ROVER_STATUS 2 0 3 4 0 1438 7.806538
51.001 5 LINK_REPORT 5 -1 51 0 46097 1007 0 790. 17. 10 -1.65900406735e+12
51.057 5 GPS_INT 485069391 -31588690 411663461 404503204 -37259547 726177 675941 27 1 -14 915 111 383287250 230 7 3 1
51.089 5 INS 6085 -1515 39924580 -152043 10485 -77609872 -26 7 -381
51.137 5 ROTORCRAFT_FP -1515 6085 -39922680 10485 -152043 77620296 -12768 48 -5047 0 0 0 0 0 0
51.248 5 ROTORCRAFT_NAV_STATUS 1024 1024 0. 0. 3 0 2
51.312 5 GPS_INT 485069358 -31588687 411663453 404503218 -37259546 725873 675637 24 -6 -17 914 111 383287500 230 7 3 1
51.328 5 INS 6123 -1512 39915084 -152043 -26214 -77662048 10 40 -418
51.392 5 ROTORCRAFT_FP -1512 6123 -39913184 -26214 -152043 77672664 -12769 47 -5046 0 0 0 0 0 0
51.564 5 GPS_INT 485069335 -31588683 411663452 404503231 -37259544 725697 675461 18 10 7 913 85 383287750 230 7 3 1
51.589 5 INS 6161 -1505 39905588 -31457 57671 -77713352 6 7 -380
51.589 5 DL_VALUE 4 1.
51.637 5 ROTORCRAFT_FP -1505 6161 -39903692 57671 -31457 77723312 -12769 48 -5046 0 0 0 0 0 0
51.717 5 WP_MOVED_ENU 12 -10160 -10329 2560
51.733 5 IMU_MAG_RAW 0 0 0
51.814 5 GPS_INT 485069306 -31588677 411663450 404503247 -37259538 725460 675224 22 9 -13 912 109 383288000 230 7 3 1
51.814 5 SVINFO 16 65 12 4 24 26 38
51.815 5 LIDAR 4.16 176 1
51.829 5 INS 6205 -1495 39896092 -125829 52428 -77764288 -4 20 -371
51.877 5 ALIVE 53,218,81,70,62,199,115,110,109,98,53,234,26,129,160,165
51.893 5 ROTORCRAFT_FP -1495 6205 -39894192 52428 -125829 77774624 -12768 48 -5046 0 0 0 0 0 0
52.002 5 LINK_REPORT 5 -1 52 0 47024 1026 0 927. 19. 10 -1.65900406735e+12
52.036 5 STATE_FILTER_STATUS 6 3 0
52.081 5 GPS_INT 485069284 -31588672 411663455 404503263 -37259535 725321 675085 -2 11 1 911 79 383288250 230 7 3 1
52.082 5 SVINFO 17 66 12 5 25 47 110
52.082 5 INS 6251 -1487 39886592 10485 52428 -77815240 0 11 -419
52.083 5 ROVER_STATUS 2 0 3 4 0 1439 7.815369
52.143 5 ROTORCRAFT_FP -1487 6251 -39884692 52428 10485 77825776 -12768 48 -5045 0 0 0 0 0 0
52.143 5 UART_ERRORS 0 7 38 1
52.312 5 GPS_INT 485069265 -31588671 411663464 404503280 -37259535 725233 674997 2 -3 1 910 80 383288500 230 7 3 1
52.328 5 INS 6302 -1487 39877092 -5242 -15728 -77867496 9 10 -395
