5.526 5 SVINFO 0 1 15 7 31 37 271
5.686 5 IMU_MAG_RAW 0 0 0
5.798 5 SVINFO 1 3 15 4 27 12 208
5.814 5 WP_MOVED_ENU 5 519 -1021 2560
5.814 5 LIDAR 4.14 176 5
5.814 5 ROTORCRAFT_NAV_STATUS 1024 1024 0. 0. 3 0 2
5.862 5 ROTORCRAFT_FP -1390 8289 -39548356 -36700 -5242 79635784 -12769 47 -5049 0 0 0 0 0 0
5.959 5 LINK_REPORT 5 -1 6 0 4165 95 0 578. 16. 1 -1.65900407733e+12
6.022 5 SVINFO 2 8 15 7 29 83 1
6.054 5 INS 8332 -1392 39540596 15728 15728 -79677392 -7 3 -433
6.118 5 ROTORCRAFT_FP -1392 8332 -39538652 15728 15728 79687320 -12769 47 -5051 0 0 0 0 0 0
6.277 5 SVINFO 3 10 15 7 25 34 47
6.293 5 INS 8371 -1390 39530892 -31457 -20971 -79728112 -40 -10 -381
6.357 5 ROTORCRAFT_FP -1390 8371 -39528952 -20971 -31457 79738592 -12768 47 -5053 0 0 0 0 0 0
6.415 5 UART_ERRORS 0 7 38 1
6.416 5 UART_ERRORS 0 0 1 2
6.416 5 UART_ERRORS 0 1 0 3
6.416 5 UART_ERRORS 0 0 0 4
6.447 5 DL_VALUE 13 0.
6.527 5 SVINFO 4 14 4 4 17 11 322
6.544 5 INS 8417 -1392 39521188 -26214 20971 -79779960 2 4 -380
6.618 5 ROTORCRAFT_FP -1392 8417 -39519244 20971 -26214 79790352 -12768 47 -5054 0 0 0 0 0 0
6.618 5 STATE_FILTER_STATUS 6 3 0
6.649 5 ROVER_STATUS 2 0 3 4 0 1449 7.815369
6.697 5 IMU_MAG_RAW 0 0 0
6.713 5 AUTOPILOT_VERSION 60200 v6.2_unstable-101-g8a957fd0a-dirty
6.793 5 LIDAR 4.14 176 1
6.794 5 INS 8460 -1387 39511480 -15728 36700 -79831416 -14 4 -390
6.857 5 ROTORCRAFT_FP -1387 8460 -39509536 36700 -15728 79841528 -12769 47 -5056 0 0 0 0 0 0
6.960 5 LINK_REPORT 5 -1 7 0 4943 116 0 778. 21. 1 -1.65900407733e+12
7.017 5 SVINFO 6 21 15 4 25 63 300
7.049 5 INS 8499 -1395 39501752 41943 -83886 -79882776 14 14 -409
7.096 5 WP_MOVED_ENU 6 760 1031 2560
7.113 5 ROTORCRAFT_FP -1395 8499 -39499800 -83886 41943 79893080 -12768 47 -5056 0 0 0 0 0 0
7.272 5 SVINFO 7 22 4 1 0 14 121
7.304 5 INS 8540 -1402 39491964 0 -10485 -79934256 32 -21 -385
7.336 5 ALIVE 53,218,81,70,62,199,115,110,109,98,53,234,26,129,160,165
7.365 5 ROTORCRAFT_FP -1402 8540 -39490004 -10485 0 79944528 -12768 47 -5055 0 0 0 0 0 0
7.413 5 ROTORCRAFT_NAV_STATUS 1024 1024 0. 0. 3 0 2
7.493 5 ENERGY 0 7.815369 0.325 2.539995 0.391511 2.99184
7.555 5 INS 8581 -1402 39482168 31457 20971 -79986376 3 5 -409
7.556 5 DL_VALUE 14 0.
7.604 5 ROTORCRAFT_FP -1402 8581 -39480208 20971 31457 79996480 -12768 47 -5057 0 0 0 0 0 0
7.683 5 IMU_MAG_RAW 0 0 0
7.763 5 SVINFO 9 27 15 7 30 51 115
7.779 5 LIDAR 4.12 176 1
7.795 5 INS 8616 -1400 39472368 -62914 26214 -80038872 -7 -29 -415
7.859 5 ROTORCRAFT_FP -1400 8616 -39470408 26214 -62914 80049112 -12768 47 -5056 0 0 0 0 0 0
7.860 5 ROVER_STATUS 2 0 3 4 0 1450 7.815369
7.961 5 LINK_REPORT 5 -1 8 0 5690 135 0 747. 19. 1 -1.65900407733e+12
8.019 5 SVINFO 10 30 4 1 0 0 291
8.051 5 INS 8652 -1402 39462568 -26214 -78643 -80089192 -16 -1 -457
8.109 5 ROTORCRAFT_FP -1402 8652 -39460608 -78643 -26214 80099288 -12769 47 -5054 0 0 0 0 0 0
8.268 5 SVINFO 11 32 4 4 22 22 97
8.300 5 INS 8693 -1408 39452768 -10485 -20971 -80140528 7 -9 -395
8.358 5 ROTORCRAFT_FP -1408 8693 -39450808 -20971 -10485 80150928 -12768 47 -5054 0 0 0 0 0 0
8.390 5 WP_MOVED_ENU 7 775 -1018 2560
8.518 5 SVINFO 12 120 20 1 0 42 198
8.550 5 INS 8742 -1418 39442968 62914 -131071 -80191144 12 -22 -395
8.566 5 INS_REF 485069569 -31588109 411660456 404501063 -37258851 707753 657517 0.
8.608 5 ROTORCRAFT_FP -1418 8742 -39441008 -131071 62914 80201104 -12768 47 -5054 0 0 0 0 0 0
8.640 5 DL_VALUE 15 0.
8.687 5 IMU_MAG_RAW 0 0 0
8.783 5 LIDAR 4.11 176 1
8.799 5 INS 8783 -1423 39433168 -31457 -41943 -80242168 10 -18 -385
8.857 5 ROTORCRAFT_FP -1423 8783 -39431208 -41943 -31457 80252184 -12768 47 -5054 0 0 0 0 0 0
8.962 5 LINK_REPORT 5 -1 9 0 6366 151 0 676. 16. 1 -1.65900407733e+12
9.001 5 ROTORCRAFT_NAV_STATUS 1024 1024 0. 0. 3 0 2
9.017 5 SVINFO 14 136 12 7 33 42 167
9.033 5 INS 8816 -1423 39423368 -10485 10485 -80294128 13 4 -409
9.048 5 ROVER_STATUS 2 0 3 4 0 1451 7.815369
9.107 5 ROTORCRAFT_FP -1423 8816 -39421408 10485 -10485 80304392 -12768 47 -5055 0 0 0 0 0 0
9.266 5 SVINFO 15 65 12 4 26 26 38
9.282 5 INS 8847 -1423 39413568 -20971 0 -80344856 12 -8 -409
9.346 5 ROTORCRAFT_FP -1423 8847 -39411608 0 -20971 80355360 -12768 47 -5057 0 0 0 0 0 0
9.426 5 ALIVE 53,218,81,70,62,199,115,110,109,98,53,234,26,129,160,165
9.506 5 SVINFO 16 66 12 4 24 47 110
9.538 5 INS 8880 -1423 39403768 41943 -26214 -80397024 5 10 -356
9.586 5 DATALINK_REPORT 1448 0 35370 1017 0 0
9.612 5 ROTORCRAFT_FP -1423 8880 -39401808 -26214 41943 80407168 -12768 47 -5057 0 0 0 0 0 0
9.675 5 WP_MOVED_ENU 8 -760 -1031 2560
9.691 5 IMU_MAG_RAW 0 0 0
9.739 5 DL_VALUE 16 0.
9.755 5 SVINFO 17 67 4 1 0 18 164
9.771 5 LIDAR 4.1 176 1
9.802 5 INS 8916 -1425 39393968 36700 -36700 -80448464 10 -29 -415
9.803 5 STATE_FILTER_STATUS 6 3 0
9.850 5 ROTORCRAFT_FP -1425 8916 -39392008 -36700 36700 80458824 -12768 47 -5054 0 0 0 0 0 0
9.964 5 LINK_REPORT 5 -1 10 0 7141 172 0 775. 21. 1 -1.65900407733e+12
9.978 5 ENERGY 0 7.806538 0.325 2.537125 0.391708 2.993382
10.042 5 INS 8949 -1425 39384164 68157 5242 -80499384 30 3 -409
10.102 5 ROTORCRAFT_FP -1425 8949 -39382204 5242 68157 80509656 -12768 47 -5052 0 0 0 0 0 0
10.246 5 ROVER_STATUS 2 0 3 4 0 1452 7.815369
10.293 5 INS 8985 -1423 39374360 26214 10485 -80551256 -11 5 -423
10.352 5 ROTORCRAFT_FP -1423 8985 -39372400 10485 26214 80561768 -12767 47 -5052 0 0 0 0 0 0
10.543 5 INS 9011 -1413 39364556 -62914 47185 -80603136 12 2 -442
10.603 5 ROTORCRAFT_FP -1413 9011 -39362596 47185 -62914 80613328 -12767 47 -5052 0 0 0 0 0 0
10.604 5 ROTORCRAFT_NAV_STATUS 1024 1024 0. 0. 3 0 2
10.680 5 IMU_MAG_RAW 0 0 0
10.760 5 SVINFO 21 81 12 7 35 57 23
10.776 5 LIDAR 4.11 176 1
10.793 5 INS 9039 -1408 39354748 -83886 -31457 -80653544 9 6 -371
10.850 5 ROTORCRAFT_FP -1408 9039 -39352788 -31457 -83886 80664048 -12768 47 -5050 0 0 0 0 0 0
10.851 5 DL_VALUE 17 1.
10.961 5 LINK_REPORT 5 -1 11 0 7790 187 0 649. 15. 2 -1.65900408233e+12
10.978 5 WP_MOVED_ENU 9 -775 1018 2560
11.010 5 SVINFO 22 82 12 4 22 36 308
11.042 5 INS 9064 -1408 39344912 52428 -47185 -80705128 11 2 -433
11.100 5 ROTORCRAFT_FP -1408 9064 -39342940 -47185 52428 80716040 -12768 47 -5049 0 0 0 0 0 0
11.259 5 SVINFO 23 83 4 1 0 0 283
11.291 5 INS 9098 -1408 39335028 -26214 -20971 -80757496 2 29 -395
11.353 5 ROTORCRAFT_FP -1408 9098 -39333052 -20971 -26214 80767664 -12767 47 -5049 0 0 0 0 0 0
11.433 5 ROVER_STATUS 2 0 3 4 0 1453 7.806538
11.544 5 ALIVE 53,218,81,70,62,199,115,110,109,98,53,234,26,129,160,165
11.544 5 INS 9118 -1405 39325136 -68157 20971 -80809072 8 22 -385
11.592 5 ROTORCRAFT_FP -1405 9118 -39323156 20971 -68157 80819080 -12767 47 -5050 0 0 0 0 0 0
11.671 5 IMU_MAG_RAW 0 0 0
11.767 5 LIDAR 4.12 176 1
11.783 5 INS 9139 -1395 39315240 -20971 52428 -80860536 19 -17 -419
11.847 5 ROTORCRAFT_FP -1395 9139 -39313260 52428 -20971 80871056 -12767 47 -5049 0 0 0 0 0 0
11.926 5 DL_VALUE 18 1.
11.967 5 LINK_REPORT 5 -1 12 0 8454 203 0 664. 16. 2 -1.65900408233e+12
12.038 5 INS 9169 -1384 39305340 -57671 -68157 -80911992 0 -9 -399
12.096 5 ROTORCRAFT_FP -1384 9169 -39303360 -68157 -57671 80922152 -12767 46 -5048 0 0 0 0 0 0
12.192 5 ROTORCRAFT_NAV_STATUS 1024 1024 0. 0. 3 0 2
12.271 5 WP_MOVED_ENU 10 10160 10329 2560
12.287 5 INS 9185 -1382 39295440 -104857 15728 -80963800 -9 -1 -385
12.346 5 ROTORCRAFT_FP -1382 9185 -39293460 15728 -104857 80973888 -12767 46 -5047 0 0 0 0 0 0
12.473 5 ENERGY 0 7.806538 0.3 2.341961 0.391936 2.995155
12.537 5 INS 9216 -1377 39285540 0 10485 -81015192 -2 -4 -409
12.595 5 ROTORCRAFT_FP -1377 9216 -39283564 10485 0 81025792 -12767 46 -5048 0 0 0 0 0 0
12.596 5 UART_ERRORS 0 7 38 1
12.596 5 UART_ERRORS 0 0 1 2
12.596 5 UART_ERRORS 0 1 0 3
12.627 5 ROVER_STATUS 2 0 3 4 0 1455 7.806538
12.675 5 IMU_MAG_RAW 0 0 0
12.755 5 SVINFO 4 14 4 4 11 11 322
12.771 5 LIDAR 4.12 176 1
12.787 5 INS 9246 -1374 39275644 -131071 41943 -81068320 -14 -17 -424
12.835 5 ROTORCRAFT_FP -1374 9246 -39273664 41943 -131071 81078664 -12767 47 -5048 0 0 0 0 0 0
12.963 5 LINK_REPORT 5 -1 13 0 9171 221 0 717. 18. 2 -1.65900408233e+12
12.978 5 STATE_FILTER_STATUS 6 3 0
13.011 5 SVINFO 5 16 13 4 17 14 172
13.038 5 INS 9264 -1377 39265744 -78643 26214 -81119144 2 30 -418
13.038 5 DL_VALUE 19 1.
13.086 5 ROTORCRAFT_FP -1377 9264 -39263764 26214 -78643 81129664 -12767 47 -5047 0 0 0 0 0 0
13.277 5 INS 9285 -1372 39255844 -36700 89128 -81170640 16 4 -418
13.341 5 ROTORCRAFT_FP -1372 9285 -39253864 89128 -36700 81181424 -12767 47 -5046 0 0 0 0 0 0
13.533 5 INS 9305 -1374 39245944 -68157 57671 -81222728 4 -22 -380
13.564 5 WP_MOVED_ENU 11 10329 -10160 2560
13.596 5 ROTORCRAFT_FP -1374 9305 -39243964 57671 -68157 81233160 -12767 47 -5046 0 0 0 0 0 0
13.627 5 ALIVE 53,218,81,70,62,199,115,110,109,98,53,234,26,129,160,165
13.643 5 INS_REF 485069569 -31588109 411660456 404501063 -37258851 707753 657517 0.
13.659 5 IMU_MAG_RAW 0 0 0
13.771 5 LIDAR 4.14 176 1
13.771 5 INS 9310 -1367 39236044 -52428 110100 -81274032 -15 4 -409
13.787 5 ROTORCRAFT_NAV_STATUS 1024 1024 0. 0. 3 0 2
13.845 5 ROTORCRAFT_FP -1367 9310 -39234064 110100 -52428 81283872 -12767 47 -5046 0 0 0 0 0 0
13.846 5 ROVER_STATUS 2 0 3 4 0 1456 7.815369
13.964 5 LINK_REPORT 5 -1 14 0 9904 239 0 733. 18. 2 -1.65900408233e+12
14.020 5 INS 9323 -1364 39226144 52428 57671 -81325184 -15 -1 -381
14.085 5 ROTORCRAFT_FP -1364 9323 -39224164 57671 52428 81335880 -12767 47 -5045 0 0 0 0 0 0
14.116 5 DL_VALUE 20 80.
14.276 5 INS 9351 -1369 39216240 10485 0 -81377432 18 -5 -403
14.339 5 ROTORCRAFT_FP -1369 9351 -39214260 0 10485 81388144 -12767 47 -5046 0 0 0 0 0 0
14.498 5 SVINFO 11 32 4 4 18 22 97
14.530 5 INS 9361 -1372 39206340 -47185 41943 -81430312 2 1 -442
14.588 5 ROTORCRAFT_FP -1372 9361 -39204360 41943 -47185 81440368 -12767 47 -5046 0 0 0 0 0 0
14.652 5 DATALINK_REPORT 1454 0 35476 967 0 0
14.668 5 IMU_MAG_RAW 0 0 0
14.764 5 LIDAR 4.15 176 1
14.780 5 INS 9382 -1377 39196428 -26214 -5242 -81482128 -2 -2 -433
14.829 5 ROTORCRAFT_FP -1377 9382 -39194444 -5242 -26214 81492432 -12767 47 -5047 0 0 0 0 0 0
14.860 5 WP_MOVED_ENU 12 -10160 -10329 2560
14.965 5 LINK_REPORT 5 -1 15 0 10517 253 0 613. 14. 2 -1.65900408233e+12
14.972 5 ENERGY 0 7.806538 0.45 3.512942 0.392208 2.99728
15.032 5 INS 9395 -1390 39186484 -31457 -10485 -81533704 9 -8 -395
15.033 5 ROVER_STATUS 2 0 3 4 0 1457 7.806538
15.080 5 ROTORCRAFT_FP -1390 9395 -39184492 -10485 -31457 81544552 -12767 47 -5048 0 0 0 0 0 0
15.224 5 DL_VALUE 21 80.
15.272 5 INS 9400 -1400 39176512 -68157 0 -81586104 9 -8 -390
15.336 5 ROTORCRAFT_FP -1400 9400 -39174512 0 -68157 81596560 -12767 47 -5049 0 0 0 0 0 0
15.383 5 ROTORCRAFT_NAV_STATUS 1024 1024 0. 0. 3 0 2
15.495 5 SVINFO 15 65 12 6 27 26 38
15.527 5 INS 9408 -1400 39166516 -31457 26214 -81638232 13 -1 -398
15.586 5 ROTORCRAFT_FP -1400 9408 -39164516 26214 -31457 81648408 -12767 47 -5049 0 0 0 0 0 0
15.665 5 IMU_MAG_RAW 0 0 0
15.666 5 UART_ERRORS 0 0 0 4
15.713 5 ALIVE 53,218,81,70,62,199,115,110,109,98,53,234,26,129,160,165
15.745 5 SVINFO 16 66 12 6 27 47 110
15.761 5 LIDAR 4.15 176 1
15.780 5 INS 9418 -1408 39156524 -47185 31457 -81689488 26 8 -418
15.835 5 ROTORCRAFT_FP -1408 9418 -39154524 31457 -47185 81699936 -12767 47 -5049 0 0 0 0 0 0
15.967 5 LINK_REPORT 5 -1 16 0 11237 271 0 720. 18. 3 -1.65900408733e+12
16.026 5 INS 9436 -1415 39146524 -26214 20971 -81740480 -22 7 -371
16.075 5 ROTORCRAFT_FP -1415 9436 -39144524 20971 -26214 81750688 -12767 47 -5049 0 0 0 0 0 0
16.154 5 WP_MOVED_ENU 13 -10329 10160 2560
16.170 5 STATE_FILTER_STATUS 6 3 0
16.218 5 ROVER_STATUS 2 0 3 4 0 1458 7.815369
16.266 5 INS 9446 -1425 39136524 -52428 -20971 -81791552 17 31 -384
16.330 5 ROTORCRAFT_FP -1425 9446 -39134528 -20971 -52428 81802112 -12767 47 -5049 0 0 0 0 0 0
16.331 5 DL_VALUE 22 0.
16.490 5 SVINFO 19 79 12 3 20 24 233
16.522 5 INS 9448 -1441 39126528 -62914 -26214 -81843208 -14 6 -452
16.581 5 ROTORCRAFT_FP -1441 9448 -39124528 -26214 -62914 81853560 -12767 47 -5048 0 0 0 0 0 0
16.660 5 IMU_MAG_RAW 0 0 0
16.756 5 LIDAR 4.12 176 1
16.772 5 INS 9456 -1456 39116528 -5242 -20971 -81895488 -7 28 -408
16.830 5 ROTORCRAFT_FP -1456 9456 -39114528 -20971 -5242 81905504 -12767 47 -5048 0 0 0 0 0 0
16.967 5 LINK_REPORT 5 -1 17 0 11867 286 0 630. 15. 3 -1.65900408733e+12
16.975 5 ROTORCRAFT_NAV_STATUS 1024 1024 0. 0. 3 0 2
16.990 5 SVINFO 21 81 12 7 33 57 23
17.022 5 INS 9469 -1472 39106528 36700 0 -81946112 -18 14 -385
17.080 5 ROTORCRAFT_FP -1472 9469 -39104524 0 36700 81956768 -12767 47 -5050 0 0 0 0 0 0
17.239 5 SVINFO 22 82 12 4 19 36 308
17.271 5 INS 9487 -1474 39096524 -26214 78643 -81998304 11 20 -384
17.329 5 ROTORCRAFT_FP -1474 9487 -39094524 78643 -26214 82008400 -12767 48 -5050 0 0 0 0 0 0
17.409 5 ROVER_STATUS 2 0 3 4 0 1459 7.806538
17.425 5 DL_VALUE 23 1.
17.457 5 ENERGY 0 7.806538 0.425 3.317779 0.392472 2.999341
17.457 5 WP_MOVED_ENU 0 0 0 2560
17.521 5 INS 9484 -1474 39086520 -47185 36700 -82050528 7 -9 -395
17.579 5 ROTORCRAFT_FP -1474 9484 -39084520 36700 -47185 82060584 -12766 47 -5049 0 0 0 0 0 0
17.658 5 IMU_MAG_RAW 0 0 0
17.754 5 LIDAR 4.14 176 1
17.770 5 INS 9479 -1477 39076520 -31457 0 -82101312 -7 3 -438
17.786 5 AUTOPILOT_VERSION 60200 v6.2_unstable-101-g8a957fd0a-dirty
17.802 5 ALIVE 53,218,81,70,62,199,115,110,109,98,53,234,26,129,160,165
17.832 5 ROTORCRAFT_FP -1477 9479 -39074520 0 -31457 82111392 -12766 47 -5049 0 0 0 0 0 0
17.968 5 LINK_REPORT 5 -1 18 0 12645 305 0 778. 19. 3 -1.65900408733e+12
17.992 5 SVINFO 0 1 15 7 32 37 271
18.008 5 INS 9482 -1479 39066920 0 -5242 -82150624 -18 -12 -433
18.072 5 ROTORCRAFT_FP -1479 9482 -39064516 -5242 0 82163088 -12766 47 -5050 0 0 0 0 0 0
18.231 5 SVINFO 1 3 15 6 28 12 208
18.263 5 INS 9487 -1482 39056512 -20971 20971 -82204128 8 2 -385
18.486 5 SVINFO 2 8 15 7 27 83 1
18.503 5 INS 9502 -1489 39046512 141557 -41943 -82255728 -4 8 -390
18.518 5 DL_VALUE 24 1.
18.577 5 ROTORCRAFT_FP -1489 9502 -39044508 -41943 141557 82266144 -12766 47 -5052 0 0 0 0 0 0
18.578 5 ROTORCRAFT_NAV_STATUS 1024 1024 0. 0. 3 0 2
18.608 5 ROVER_STATUS 2 0 3 4 0 1461 7.806538
18.656 5 IMU_MAG_RAW 0 0 0
18.720 5 INS_REF 485069569 -31588109 411660456 404501063 -37258851 707753 657517 0.
18.736 5 SVINFO 3 10 15 6 24 33 47
18.752 5 WP_MOVED_ENU 1 0 0 2560
18.753 5 LIDAR 4.13 176 1
18.779 5 INS 9520 -1500 39036496 131071 -62914 -82307288 17 -36 -399
18.779 5 UART_ERRORS 0 7 38 1
18.779 5 UART_ERRORS 0 0 1 2
18.824 5 ROTORCRAFT_FP -1500 9520 -39034488 -62914 131071 82317880 -12766 47 -5050 0 0 0 0 0 0
18.969 5 LINK_REPORT 5 -1 19 0 13363 325 0 718. 20. 3 -1.65900408733e+12
18.983 5 SVINFO 4 14 4 3 8 11 322
19.015 5 INS 9530 -1515 39026436 52428 -94371 -82359984 5 1 -419
19.074 5 ROTORCRAFT_FP -1515 9530 -39024424 -94371 52428 82370120 -12766 47 -5049 0 0 0 0 0 0
19.324 5 ROTORCRAFT_FP -1518 9538 -39014328 15728 0 82422752 -12766 47 -5049 0 0 0 0 0 0
19.371 5 STATE_FILTER_STATUS 6 3 0
19.482 5 SVINFO 6 21 15 4 26 63 300
19.515 5 INS 9548 -1523 39006248 -36700 47185 -82463160 18 21 -379
19.563 5 ROTORCRAFT_FP -1523 9548 -39004228 47185 -36700 82473264 -12766 47 -5050 0 0 0 0 0 0
19.610 5 DL_VALUE 25 0.
19.642 5 IMU_MAG_RAW 0 0 0
19.722 5 DATALINK_REPORT 1459 0 35587 994 0 0
19.738 5 LIDAR 4.13 176 1
19.754 5 INS 9546 -1523 38996148 -26214 52428 -82514216 -15 14 -409
19.819 5 ROTORCRAFT_FP -1523 9546 -38994128 52428 -26214 82524384 -12766 47 -5049 0 0 0 0 0 0
19.820 5 ROVER_STATUS 2 0 3 4 0 1462 7.806538
19.899 5 ALIVE 53,218,81,70,62,199,115,110,109,98,53,234,26,129,160,165
19.946 5 ENERGY 0 7.806538 0.4 3.122615 0.392743 3.001461
19.969 5 LINK_REPORT 5 -1 20 0 14027 342 0 664. 17. 3 -1.65900408733e+12
20.010 5 INS 9541 -1528 38986048 -26214 -15728 -82565232 12 -3 -414
20.042 5 WP_MOVED_ENU 2 7 -1024 2560
20.074 5 ROTORCRAFT_FP -1528 9541 -38984032 -15728 -26214 82575720 -12766 47 -5049 0 0 0 0 0 0
20.170 5 ROTORCRAFT_NAV_STATUS 1024 1024 0. 0. 3 0 2
20.250 5 INS 9543 -1536 38975952 57671 -15728 -82617080 14 -8 -404
20.314 5 ROTORCRAFT_FP -1536 9543 -38973932 -15728 57671 82627544 -12766 47 -5049 0 0 0 0 0 0
20.505 5 INS 9541 -1533 38965852 31457 26214 -82668536 -3 -24 -385
20.569 5 ROTORCRAFT_FP -1533 9541 -38963832 26214 31457 82679536 -12766 47 -5049 0 0 0 0 0 0
20.648 5 IMU_MAG_RAW 0 0 0
20.696 5 DL_VALUE 26 0.
20.728 5 SVINFO 11 32 4 4 13 22 97
20.744 5 LIDAR 4.1 176 1
20.760 5 INS 9538 -1536 38955752 131071 -10485 -82721104 11 -29 -395
20.819 5 ROTORCRAFT_FP -1536 9538 -38953732 -10485 131071 82730968 -12766 47 -5050 0 0 0 0 0 0
20.970 5 LINK_REPORT 5 -1 21 0 14644 356 0 617. 14. 4 -1.65900409233e+12
21.010 5 INS 9538 -1536 38945652 104857 0 -82771160 -9 11 -390
21.013 5 ROVER_STATUS 2 0 3 4 0 1463 7.806538
21.068 5 ROTORCRAFT_FP -1536 9538 -38943632 0 104857 82781664 -12766 47 -5048 0 0 0 0 0 0
21.260 5 INS 9536 -1538 38935552 -20971 15728 -82823576 -13 9 -385
21.308 5 ROTORCRAFT_FP -1538 9536 -38933532 15728 -20971 82833888 -12765 47 -5048 0 0 0 0 0 0
21.339 5 WP_MOVED_ENU 3 -762 -775 2560
21.563 5 ROTORCRAFT_FP -1541 9528 -38923432 10485 26214 82885976 -12765 47 -5050 0 0 0 0 0 0
21.643 5 IMU_MAG_RAW 0 0 0
21.722 5 SVINFO 15 65 12 7 26 26 38
21.738 5 LIDAR 4.14 176 7
21.767 5 INS 9528 -1551 38915352 -5242 -26214 -82927872 9 -4 -395
21.768 5 ROTORCRAFT_NAV_STATUS 1024 1024 0. 0. 3 0 2
21.814 5 ROTORCRAFT_FP -1551 9528 -38913328 -26214 -5242 82938744 -12765 47 -5052 0 0 0 0 0 0
21.815 5 DL_VALUE 27 0.
21.846 5 UART_ERRORS 0 1 0 3
21.846 5 UART_ERRORS 0 0 0 4
21.971 5 LINK_REPORT 5 -1 22 0 15276 372 0 632. 16. 4 -1.65900409233e+12
21.973 5 SVINFO 16 66 12 7 26 47 110
21.990 5 ALIVE 53,218,81,70,62,199,115,110,109,98,53,234,26,129,160,165
22.006 5 INS 9538 -1556 38905248 -47185 10485 -82980336 -3 13 -399
22.064 5 ROTORCRAFT_FP -1556 9538 -38903228 10485 -47185 82990688 -12765 47 -5053 0 0 0 0 0 0
22.191 5 ROVER_STATUS 2 0 3 4 0 1464 7.806538
22.313 5 ROTORCRAFT_FP -1566 9551 -38893128 -62914 89128 83041880 -12765 47 -5053 0 0 0 0 0 0
22.441 5 ENERGY 0 7.806538 0.3 2.341961 0.392997 3.00344
22.505 5 INS 9561 -1574 38885048 -41943 47185 -83082760 10 24 -408
22.564 5 ROTORCRAFT_FP -1574 9561 -38883024 47185 -41943 83092688 -12765 47 -5051 0 0 0 0 0 0
22.565 5 STATE_FILTER_STATUS 6 3 0
22.643 5 WP_MOVED_ENU 4 -504 -1029 2560
22.643 5 IMU_MAG_RAW 0 0 0
22.738 5 LIDAR 4.12 176 1
22.754 5 INS 9571 -1574 38874924 -5242 -47185 -83133968 6 7 -428
22.815 5 ROTORCRAFT_FP -1574 9571 -38872896 -47185 -5242 83144432 -12765 47 -5051 0 0 0 0 0 0
22.894 5 DL_VALUE 28 1.
22.972 5 LINK_REPORT 5 -1 23 0 15921 388 0 645. 16. 4 -1.65900409233e+12
22.990 5 INS 9589 -1584 38864764 115343 -41943 -83186064 5 -9 -395
23.054 5 ROTORCRAFT_FP -1584 9589 -38862728 -41943 115343 83196672 -12765 47 -5051 0 0 0 0 0 0
23.245 5 INS 9602 -1579 38854580 78643 36700 -83238488 -4 20 -447
23.309 5 ROTORCRAFT_FP -1579 9602 -38852540 36700 78643 83248776 -12765 47 -5050 0 0 0 0 0 0
23.357 5 ROTORCRAFT_NAV_STATUS 1024 1024 0. 0. 3 0 2
23.389 5 ROVER_STATUS 2 0 3 4 0 1465 7.806538
23.469 5 SVINFO 22 82 12 4 15 36 308
23.501 5 INS 9615 -1574 38844380 15728 15728 -83291088 -23 -3 -395
23.559 5 ROTORCRAFT_FP -1574 9615 -38842340 15728 15728 83301496 -12765 47 -5049 0 0 0 0 0 0
23.638 5 IMU_MAG_RAW 0 0 0
23.734 5 LIDAR 4.11 176 1
23.750 5 INS 9628 -1569 38834180 15728 31457 -83343104 -2 -1 -452
23.798 5 INS_REF 485069569 -31588109 411660456 404501063 -37258851 707753 657517 0.
23.814 5 ROTORCRAFT_FP -1569 9628 -38832140 31457 15728 83353784 -12765 47 -5051 0 0 0 0 0 0
23.926 5 WP_MOVED_ENU 5 519 -1021 2560
23.958 5 SVINFO 24 88 12 3 19 21 80
23.973 5 LINK_REPORT 5 -1 24 0 16610 404 0 689. 16. 4 -1.65900409233e+12
24.002 5 INS 9646 -1566 38823980 -26214 -10485 -83395368 28 -7 -384
24.002 5 DL_VALUE 29 1.
24.050 5 ROTORCRAFT_FP -1566 9646 -38821940 -10485 -26214 83406168 -12766 47 -5052 0 0 0 0 0 0
24.081 5 ALIVE 53,218,81,70,62,199,115,110,109,98,53,234,26,129,160,165
24.241 5 INS 9664 -1564 38813780 26214 -15728 -83447208 -11 17 -390
24.305 5 ROTORCRAFT_FP -1564 9664 -38811740 -15728 26214 83457528 -12766 48 -5054 0 0 0 0 0 0
24.465 5 SVINFO 1 3 15 7 27 12 208
24.497 5 INS 9671 -1564 38803580 -83886 10485 -83499056 -3 -6 -395
24.555 5 ROTORCRAFT_FP -1564 9671 -38801540 10485 -83886 83509112 -12766 48 -5054 0 0 0 0 0 0
24.586 5 ROVER_STATUS 2 0 3 4 0 1467 7.806538
24.634 5 IMU_MAG_RAW 0 0 0
24.730 5 LIDAR 4.11 176 1
24.746 5 INS 9679 -1569 38793380 0 -68157 -83550128 4 -9 -409
24.804 5 ROTORCRAFT_FP -1569 9679 -38791340 -68157 0 83560592 -12766 48 -5052 0 0 0 0 0 0
24.805 5 DATALINK_REPORT 1464 0 35692 972 0 0
24.932 5 ENERGY 0 7.806538 0.425 3.317779 0.393263 3.005522
24.933 5 UART_ERRORS 0 7 38 1
24.948 5 ROTORCRAFT_NAV_STATUS 1024 1024 0. 0. 3 0 2
24.964 5 SVINFO 3 10 15 6 25 33 47
24.974 5 LINK_REPORT 5 -1 25 0 17354 423 0 744. 19. 4 -1.65900409233e+12
24.996 5 INS 9699 -1576 38783180 131071 -41943 -83601856 -1 22 -399
25.054 5 ROTORCRAFT_FP -1576 9699 -38781136 -41943 131071 83611800 -12766 48 -5051 0 0 0 0 0 0
25.086 5 DL_VALUE 30 0.
25.213 5 SVINFO 4 14 4 1 0 11 322
25.229 5 WP_MOVED_ENU 6 760 1031 2560
25.245 5 INS 9704 -1579 38772976 -68157 -10485 -83652744 13 11 -394
25.304 5 ROTORCRAFT_FP -1579 9704 -38770936 -10485 -68157 83663032 -12766 48 -5049 0 0 0 0 0 0
25.495 5 INS 9717 -1584 38762776 31457 -41943 -83703336 5 3 -423
25.553 5 ROTORCRAFT_FP -1584 9717 -38760736 -41943 31457 83713472 -12766 48 -5048 0 0 0 0 0 0
25.633 5 IMU_MAG_RAW 0 0 0
25.713 5 SVINFO 6 21 15 7 28 63 300
25.729 5 LIDAR 4.14 176 1
25.745 5 INS 9730 -1592 38752576 15728 -47185 -83755168 46 32 -421
25.745 5 STATE_FILTER_STATUS 6 3 0
25.803 5 ROTORCRAFT_FP -1592 9730 -38750536 -47185 15728 83765432 -12766 48 -5048 0 0 0 0 0 0
25.804 5 ROVER_STATUS 2 0 3 4 0 1468 7.806538
25.975 5 LINK_REPORT 5 -1 26 0 18005 439 0 651. 16. 5 -1.65900409734e+12
25.978 5 INS 9738 -1594 38742372 -89128 26214 -83805848 -6 15 -438
26.043 5 ROTORCRAFT_FP -1594 9738 -38740332 26214 -89128 83815992 -12766 48 -5049 0 0 0 0 0 0
26.170 5 ALIVE 53,218,81,70,62,199,115,110,109,98,53,234,26,129,160,165
26.186 5 DL_VALUE 31 0.
26.234 5 INS 9740 -1592 38732164 -83886 41943 -83857016 -5 25 -384
26.298 5 ROTORCRAFT_FP -1592 9740 -38730120 41943 -83886 83866904 -12766 48 -5048 0 0 0 0 0 0
26.459 5 SVINFO 9 27 15 7 31 50 116
26.489 5 INS 9748 -1597 38721952 0 -68157 -83909144 -20 10 -409
26.521 5 WP_MOVED_ENU 7 775 -1018 2560
26.553 5 ROTORCRAFT_FP -1597 9748 -38719908 -68157 0 83919624 -12766 48 -5047 0 0 0 0 0 0
26.554 5 ROTORCRAFT_NAV_STATUS 1024 1024 0. 0. 3 0 2
26.617 5 IMU_MAG_RAW 0 0 0
26.743 5 LIDAR 4.12 176 1
26.743 5 INS 9761 -1610 38711728 26214 -41943 -83961144 25 -1 -418
26.791 5 ROTORCRAFT_FP -1610 9761 -38709680 -41943 26214 83971560 -12766 48 -5047 0 0 0 0 0 0
26.950 5 SVINFO 11 32 4 4 16 22 97
26.975 5 LINK_REPORT 5 -1 27 0 18673 455 0 668. 16. 5 -1.65900409734e+12
26.992 5 INS 9768 -1615 38701464 41943 20971 -84012448 11 14 -384
26.992 5 ROVER_STATUS 2 0 3 4 0 1469 7.806538
27.232 5 INS 9776 -1617 38691168 -20971 68157 -84063824 -21 19 -423
27.296 5 ROTORCRAFT_FP -1617 9776 -38689108 68157 -20971 84074392 -12766 48 -5049 0 0 0 0 0 0
27.297 5 DL_VALUE 32 0.
27.423 5 ENERGY 0 7.806538 0.35 2.732288 0.39353 3.007605
27.491 5 INS 9771 -1617 38680872 -52428 26214 -84115672 16 15 -389
27.546 5 ROTORCRAFT_FP -1617 9771 -38678812 26214 -52428 84126144 -12765 47 -5048 0 0 0 0 0 0
27.625 5 IMU_MAG_RAW 0 0 0
27.705 5 SVINFO 14 136 12 7 32 42 167
27.721 5 LIDAR 4.12 176 1
27.737 5 INS 9774 -1620 38670572 -10485 26214 -84168160 15 9 -408
27.795 5 ROTORCRAFT_FP -1620 9774 -38668512 26214 -10485 84179064 -12765 47 -5047 0 0 0 0 0 0
27.826 5 WP_MOVED_ENU 8 -760 -1031 2560
27.976 5 LINK_REPORT 5 -1 28 0 19249 469 0 576. 14. 5 -1.65900409734e+12
27.991 5 INS 9774 -1628 38660272 -41943 -20971 -84219960 29 30 -418
28.055 5 ROTORCRAFT_FP -1628 9774 -38658216 -20971 -41943 84230808 -12765 47 -5049 0 0 0 0 0 0
28.056 5 UART_ERRORS 0 0 1 2
28.056 5 UART_ERRORS 0 1 0 3
28.056 5 UART_ERRORS 0 0 0 4
28.134 5 ROTORCRAFT_NAV_STATUS 1024 1024 0. 0. 3 0 2
28.182 5 ROVER_STATUS 2 0 3 4 0 1470 7.806538
28.198 5 SVINFO 16 66 12 7 25 47 110
28.231 5 INS 9779 -1630 38649976 -36700 15728 -84271992 8 2 -409
28.262 5 ALIVE 53,218,81,70,62,199,115,110,109,98,53,234,26,129,160,165
28.295 5 ROTORCRAFT_FP -1630 9779 -38647916 15728 -36700 84282080 -12765 47 -5050 0 0 0 0 0 0
28.374 5 DL_VALUE 33 0.
28.470 5 INS 9776 -1633 38639676 -41943 36700 -84322736 5 -6 -361
28.535 5 ROTORCRAFT_FP -1633 9776 -38637616 36700 -41943 84332800 -12765 47 -5051 0 0 0 0 0 0
28.614 5 IMU_MAG_RAW 0 0 0
28.710 5 LIDAR 4.12 176 1
28.726 5 INS 9779 -1643 38629376 -15728 -36700 -84373776 4 1 -414
28.790 5 ROTORCRAFT_FP -1643 9779 -38627316 -36700 -15728 84384208 -12765 47 -5050 0 0 0 0 0 0
28.854 5 AUTOPILOT_VERSION 60200 v6.2_unstable-101-g8a957fd0a-dirty
28.870 5 INS_REF 485069569 -31588109 411660456 404501063 -37258851 707753 657517 0.
28.933 5 STATE_FILTER_STATUS 6 3 0
28.949 5 SVINFO 19 79 12 4 18 24 233
28.977 5 LINK_REPORT 5 -1 29 0 20089 491 0 840. 22. 5 -1.65900409734e+12
28.981 5 INS 9789 -1656 38619076 78643 -57671 -84425224 -5 -8 -376
29.041 5 ROTORCRAFT_FP -1656 9789 -38617016 -57671 78643 84435496 -12765 47 -5051 0 0 0 0 0 0
29.120 5 WP_MOVED_ENU 9 -775 1018 2560
29.231 5 INS 9804 -1669 38608776 73400 -10485 -84476152 -16 -5 -414
29.290 5 ROTORCRAFT_FP -1669 9804 -38606716 -10485 73400 84485880 -12765 47 -5049 0 0 0 0 0 0
29.369 5 ROVER_STATUS 2 0 3 4 0 1471 7.806538
29.449 5 SVINFO 21 81 12 7 32 57 23
29.481 5 INS 9825 -1679 38598476 110100 -115343 -84527008 35 11 -403
29.481 5 DL_VALUE 34 0.
29.539 5 ROTORCRAFT_FP -1679 9825 -38596828 -115343 110100 84535216 -12765 47 -5048 0 0 0 0 0 0
29.618 5 IMU_MAG_RAW 0 0 0
29.698 5 SVINFO 22 82 12 1 0 36 308
29.714 5 LIDAR 4.12 176 1
29.740 5 INS 9848 -1689 38588176 152043 -26214 -84578840 13 -13 -385
29.741 5 I2C_ERRORS 0 0 23867 0 0 0 0 0 0 0 0 1
29.741 5 ROTORCRAFT_NAV_STATUS 1024 1024 0. 0. 3 0 2
29.788 5 ROTORCRAFT_FP -1689 9848 -38586116 -26214 152043 84589072 -12765 47 -5047 0 0 0 0 0 0
29.867 5 DATALINK_REPORT 1469 0 35803 988 0 0
29.915 5 ENERGY 0 7.806538 0.4 3.122615 0.393806 3.009757
29.977 5 LINK_REPORT 5 -1 30 0 20847 510 0 758. 19. 5 -1.65900409734e+12
29.979 5 INS 9884 -1704 38577868 193986 -62914 -84630480 1 5 -380
30.041 5 ROTORCRAFT_FP -1704 9884 -38575808 -62914 193986 84640864 -12765 47 -5046 0 0 0 0 0 0
30.201 5 SVINFO 24 88 12 4 17 21 80
30.281 5 ROTORCRAFT_FP -1715 9917 -38565508 -26214 152043 84692904 -12765 47 -5046 0 0 0 0 0 0
30.360 5 ALIVE 53,218,81,70,62,199,115,110,109,98,53,234,26,129,160,165
