5.867 5 ROTORCRAFT_FP 15 1776 -46830008 -28 -51 -8626 -12791 30 982 0 0 0 0 384 0
5.946 5 CIRCLE 0.03 -4. 3.
5.971 5 LINK_REPORT 5 -1 6 0 5143 121 0 985. 23. 1 -1.6590035872e+12
6.036 5 GPS_INT 485067971 -31587989 411659999 404501686 -37258832 692591 642354 8 12 15 947 85 382807000 176 11 3 1
6.037 5 SVINFO 5 14 4 4 18 9 323
6.052 5 INS 1768 38 46831768 31457 62914 17628906 82 -29 -376
6.116 5 ROTORCRAFT_FP 38 1768 -46832204 30 15 -8603 -12790 30 983 0 0 0 0 384 0
6.148 5 WP_MOVED_ENU 5 519 -1021 2560
6.196 5 CIRCLE 0.03 -4. 3.
6.212 5 I2C_ERRORS 0 0 26558 0 0 0 0 0 0 0 0 1
6.287 5 GPS_INT 485067959 -31587977 411659992 404501689 -37258818 692446 642209 -18 24 30 947 109 382807250 176 11 3 1
6.288 5 SVINFO 6 16 13 4 10 17 172
6.302 5 INS 1776 69 46833900 183500 115343 17581418 61 -18 -379
6.364 5 ROTORCRAFT_FP 69 1776 -46834320 56 89 -8580 -12790 30 983 0 0 0 0 384 0
6.365 5 ROTORCRAFT_NAV_STATUS 942 942 0. 0. 3 0 2
6.396 5 ROVER_STATUS 0 62 3 0 1 957 7.815369
6.444 5 IMU_MAG_RAW 0 0 0
6.446 5 CIRCLE 0.03 -4. 3.
6.492 5 DL_VALUE 16 0.
6.535 5 GPS_INT 485067929 -31587961 411659966 404501689 -37258802 692047 641810 6 5 -5 948 104 382807500 176 11 3 1
6.536 5 SVINFO 7 21 13 4 24 61 293
6.536 5 LIDAR 4.1 176 1
6.551 5 INS 1779 104 46836000 -41943 26214 17534168 71 -19 -422
6.599 5 INS_REF 485069569 -31588109 411660456 404501063 -37258851 707753 657517 0.
6.615 5 ROTORCRAFT_FP 104 1779 -46836428 12 -20 -8557 -12789 29 982 0 0 0 0 384 0
6.695 5 CIRCLE 0.03 -4. 3.
6.742 5 ENERGY 4 7.815369 0.275 2.149226 0.344481 2.624155
6.785 5 GPS_INT 485067921 -31587952 411659944 404501679 -37258792 691831 641595 16 -2 -30 949 118 382807749 176 11 3 1
6.944 5 CIRCLE 0.03 -4. 3.
6.972 5 LINK_REPORT 5 -1 7 0 6203 147 0 1060. 26. 1 -1.6590035872e+12
7.024 5 GPS_INT 485067905 -31587945 411659912 404501667 -37258785 691496 641260 1 -6 -28 950 102 382807999 192 11 3 1
7.056 5 INS 1715 140 46840208 -120586 -31457 17438908 60 -26 -346
7.104 5 ROTORCRAFT_FP 140 1715 -46840628 -15 -58 -8510 -12788 29 983 0 0 0 0 384 0
7.184 5 CIRCLE 0.03 -4. 3.
7.280 5 GPS_INT 485067915 -31587943 411659907 404501657 -37258782 691547 641310 -28 14 -11 951 110 382808250 186 11 3 1
7.285 5 SVINFO 10 27 13 7 29 54 111
7.296 5 INS 1689 148 46842308 52428 62914 17391422 44 -19 -346
7.359 5 ROTORCRAFT_FP 148 1689 -46842728 30 25 -8487 -12788 29 984 0 0 0 0 384 0
7.452 5 WP_MOVED_ENU 6 760 1031 2560
7.452 5 IMU_MAG_RAW 0 0 0
7.452 5 CIRCLE 0.03 -4. 3.
7.531 5 GPS_INT 485067919 -31587941 411659896 404501647 -37258780 691503 641266 -18 -6 -17 953 95 382808500 186 11 3 1
7.532 5 LIDAR 4.1 176 1
7.595 5 ROVER_STATUS 0 62 3 0 1 958 7.8242
7.595 5 DL_VALUE 17 1.
7.610 5 DATALINK_REPORT 955 0 24552 1079 0 0
7.691 5 ALIVE 53,218,81,70,62,199,115,110,109,98,53,234,26,129,160,165
7.691 5 CIRCLE 0.03 -4. 3.
7.781 5 GPS_INT 485067943 -31587945 411659894 404501632 -37258782 691676 641440 -3 -1 -27 955 98 382808750 186 11 3 1
7.782 5 SVINFO 12 32 4 4 20 20 101
7.798 5 INS 1615 145 46846508 -99614 -10485 17295262 83 -13 -380
7.861 5 ROTORCRAFT_FP 145 1615 -46846928 -5 -48 -8440 -12788 28 978 0 0 0 0 384 0
7.940 5 CIRCLE 0.03 -4. 3.
7.956 5 ROTORCRAFT_NAV_STATUS 943 943 0. 0. 3 0 2
7.973 5 LINK_REPORT 5 -1 8 0 7179 171 0 976. 24. 1 -1.6590035872e+12
8.031 5 GPS_INT 485067948 -31587943 411659882 404501621 -37258779 691632 641396 -23 3 -4 957 117 382809000 186 11 3 1
8.046 5 INS 1584 153 46848608 57671 5242 17247596 75 -34 -376
8.109 5 ROTORCRAFT_FP 153 1584 -46849028 2 28 -8417 -12788 28 980 0 0 0 0 384 0
8.189 5 CIRCLE 0.03 -4. 3.
8.279 5 GPS_INT 485067967 -31587942 411659880 404501609 -37258776 691762 641525 4 5 -29 958 101 382809250 186 11 3 1
8.295 5 INS 1548 158 46850708 -131071 26214 17199936 39 -31 -375
8.359 5 ROTORCRAFT_FP 158 1548 -46851128 12 -63 -8393 -12787 27 981 0 0 0 0 384 0
8.359 5 UART_ERRORS 0 7 38 1
8.360 5 UART_ERRORS 0 0 1 2
8.438 5 IMU_MAG_RAW 0 0 0
8.439 5 CIRCLE 0.03 -4. 3.
8.532 5 GPS_INT 485067998 -31587944 411659887 404501596 -37258777 692048 641812 0 3 -13 959 97 382809500 173 12 3 1
8.535 5 SVINFO 15 136 20 3 32 42 167
8.535 5 LIDAR 4.07 176 1
8.547 5 INS 1512 158 46852808 -52428 10485 17151836 71 -28 -376
8.607 5 ROTORCRAFT_FP 158 1512 -46853228 5 -25 -8370 -12787 27 981 0 0 0 0 384 0
8.687 5 CIRCLE 0.03 -4. 3.
8.687 5 DL_VALUE 18 1.
8.735 5 WP_MOVED_ENU 7 775 -1018 2560
8.750 5 STATE_FILTER_STATUS 6 3 0
8.780 5 GPS_INT 485068013 -31587944 411659889 404501588 -37258775 692169 641932 -15 -1 -5 960 109 382809750 173 12 3 1
8.781 5 SVINFO 16 65 13 4 22 28 42
8.796 5 INS 1489 161 46854908 26214 -10485 17104588 64 -19 -361
8.796 5 ROVER_STATUS 0 63 3 0 1 959 7.815369
8.857 5 ROTORCRAFT_FP 161 1489 -46855328 -5 12 -8347 -12786 27 976 0 0 0 0 384 0
8.936 5 CIRCLE 0.03 -4. 3.
8.974 5 LINK_REPORT 5 -1 9 0 8250 197 0 1071. 26. 1 -1.6590035872e+12
9.027 5 GPS_INT 485068022 -31587941 411659890 404501583 -37258771 692246 642010 -14 9 13 962 123 382810000 173 12 3 1
9.042 5 INS 1477 171 46857008 99614 41943 17057104 61 -27 -371
9.186 5 CIRCLE 0.03 -4. 3.
9.234 5 ENERGY 4 7.8242 0.275 2.151655 0.344674 2.625665
9.276 5 GPS_INT 485068031 -31587937 411659891 404501579 -37258766 692315 642078 -15 16 17 964 112 382810250 173 12 3 1
9.292 5 INS 1466 181 46859108 120586 73400 17009074 83 -15 -404
9.356 5 ROTORCRAFT_FP 181 1466 -46859528 35 58 -8300 -12785 26 979 0 0 0 0 384 0
9.435 5 IMU_MAG_RAW 0 0 0
9.436 5 CIRCLE 0.03 -4. 3.
9.526 5 GPS_INT 485068042 -31587931 411659897 404501577 -37258758 692441 642205 -17 23 16 965 108 382810500 173 12 3 1
9.526 5 LIDAR 4.12 176 1
9.541 5 INS 1459 199 46861204 125829 110100 16960876 28 -13 -370
9.557 5 ROTORCRAFT_NAV_STATUS 945 945 0. 0. 3 0 2
9.605 5 ROTORCRAFT_FP 199 1459 -46861624 53 61 -8276 -12785 26 980 0 0 0 0 384 0
9.684 5 CIRCLE 0.03 -4. 3.
9.764 5 SVINFO 20 79 13 4 22 28 236
9.780 5 ALIVE 53,218,81,70,62,199,115,110,109,98,53,234,26,129,160,165
9.796 5 INS 1438 212 46863304 -31457 41943 16911168 71 -20 -399
9.796 5 DL_VALUE 19 1.
9.854 5 ROTORCRAFT_FP 212 1438 -46863724 20 -15 -8252 -12784 26 981 0 0 0 0 384 0
9.933 5 CIRCLE 0.03 -4. 3.
9.975 5 LINK_REPORT 5 -1 10 0 9144 218 0 894. 21. 1 -1.6590035872e+12
9.981 5 ROVER_STATUS 0 62 3 0 1 960 7.8242
10.024 5 GPS_INT 485068075 -31587927 411659899 404501559 -37258750 692698 642462 13 -6 -5 969 124 382811000 213 10 3 1
10.024 5 WP_MOVED_ENU 8 -760 -1031 2560
10.039 5 INS 1410 215 46865404 -68157 -31457 16863080 65 -17 -376
10.056 5 AUTOPILOT_VERSION 60200 v6.2_unstable-101-g8a957fd0a-dirty
10.102 5 ROTORCRAFT_FP 215 1410 -46865824 -15 -33 -8229 -12784 26 982 0 0 0 0 384 0
10.182 5 CIRCLE 0.03 -4. 3.
10.273 5 GPS_INT 485068113 -31587934 411659916 404501549 -37258755 693106 642870 24 -17 14 971 103 382811250 192 11 3 1
10.274 5 SVINFO 22 81 13 7 31 57 15
10.289 5 INS 1379 204 46867504 -31457 -83886 16815970 50 -16 -356
10.352 5 ROTORCRAFT_FP 204 1379 -46867924 -40 -15 -8206 -12784 26 982 0 0 0 0 384 0
10.431 5 IMU_MAG_RAW 0 0 0
10.432 5 CIRCLE 0.03 -4. 3.
10.522 5 GPS_INT 485068107 -31587930 411659908 404501547 -37258752 693005 642769 12 -3 38 972 92 382811500 192 11 3 1
10.523 5 SVINFO 23 82 13 4 24 33 304
10.523 5 LIDAR 4.1 176 1
10.538 5 INS 1374 212 46869560 110100 -15728 16768263 92 -4 -376
10.601 5 ROTORCRAFT_FP 212 1374 -46869960 -7 53 -8182 -12783 26 983 0 0 0 0 384 0
10.680 5 CIRCLE 0.03 -4. 3.
10.770 5 GPS_INT 485068122 -31587932 411659909 404501539 -37258753 693131 642894 36 -19 3 974 114 382811750 192 11 3 1
10.771 5 SVINFO 24 88 13 4 9 24 76
10.786 5 INS 1351 209 46871560 -115343 -89128 16720081 45 -19 -352
10.850 5 ROTORCRAFT_FP 209 1351 -46871960 -43 -56 -8159 -12783 26 983 0 0 0 0 384 0
10.881 5 DL_VALUE 20 80.
10.929 5 CIRCLE 0.03 -4. 3.
10.976 5 LINK_REPORT 5 -1 11 0 10231 243 0 1087. 25. 2 -1.6590035922e+12
11.020 5 GPS_INT 485068131 -31587932 411659909 404501533 -37258752 693195 642959 18 -3 30 975 91 382812000 192 11 3 1
11.035 5 INS 1336 212 46873560 57671 -10485 16672224 69 28 -360
11.100 5 ROTORCRAFT_FP 212 1336 -46873960 -5 28 -8135 -12783 26 984 0 0 0 0 384 0
11.147 5 ROTORCRAFT_NAV_STATUS 946 946 0. 0. 3 0 2
11.179 5 CIRCLE 0.03 -4. 3.
11.179 5 ROVER_STATUS 0 61 3 0 1 961 7.8242
11.270 5 GPS_INT 485068141 -31587930 411659911 404501529 -37258749 693279 643042 13 8 48 977 91 382812250 192 11 3 1
11.286 5 INS 1323 217 46875560 146800 41943 16624005 52 -11 -390
11.319 5 WP_MOVED_ENU 9 -775 1018 2560
11.350 5 ROTORCRAFT_FP 217 1323 -46875960 20 71 -8112 -12782 26 984 0 0 0 0 384 0
11.439 5 IMU_MAG_RAW 0 0 0
11.440 5 CIRCLE 0.03 -4. 3.
11.440 5 UART_ERRORS 0 1 0 3
11.440 5 UART_ERRORS 0 0 0 4
11.519 5 GPS_INT 485068161 -31587931 411659918 404501522 -37258749 693483 643247 32 -12 45 978 92 382812500 192 11 3 1
11.520 5 LIDAR 4.09 176 1
11.534 5 INS 1303 220 46877560 68157 -52428 16575989 89 4 -390
11.598 5 ROTORCRAFT_FP 220 1303 -46877960 -25 33 -8089 -12782 26 984 0 0 0 0 384 0
11.677 5 INS_REF 485069569 -31588109 411660456 404501063 -37258851 707753 657517 0.
11.678 5 CIRCLE 0.03 -4. 3.
11.725 5 ENERGY 4 7.8242 0.225 1.760445 0.344866 2.627164
11.767 5 GPS_INT 485068185 -31587935 411659923 404501511 -37258752 693695 643459 57 -20 24 979 109 382812750 192 11 3 1
11.783 5 INS 1272 212 46879560 -104857 -89128 16528016 73 26 -360
11.847 5 ROTORCRAFT_FP 212 1272 -46879960 -43 -51 -8065 -12782 27 985 0 0 0 0 384 0
11.879 5 ALIVE 53,218,81,70,62,199,115,110,109,98,53,234,26,129,160,165
11.926 5 CIRCLE 0.03 -4. 3.
11.942 5 STATE_FILTER_STATUS 6 3 0
11.977 5 DL_VALUE 21 80.
11.977 5 LINK_REPORT 5 -1 12 0 11397 271 0 1166. 28. 2 -1.6590035922e+12
12.017 5 GPS_INT 485068214 -31587942 411659931 404501500 -37258758 693975 643738 58 -32 26 981 106 382813000 192 11 3 1
12.018 5 SVINFO 4 10 13 4 15 37 49
12.032 5 INS 1239 199 46881560 -104857 -152043 16481356 46 -36 -323
12.096 5 ROTORCRAFT_FP 199 1239 -46881960 -74 -51 -8042 -12781 27 985 0 0 0 0 384 0
12.175 5 CIRCLE 0.03 -4. 3.
12.266 5 GPS_INT 485068249 -31587949 411659955 404501496 -37258763 694393 644157 29 -6 55 982 91 382813250 192 11 3 1
12.267 5 SVINFO 5 14 4 4 19 9 323
12.282 5 INS 1228 186 46883560 115343 -26214 16433797 61 9 -346
12.346 5 ROTORCRAFT_FP 186 1228 -46883960 -12 56 -8019 -12781 27 985 0 0 0 0 384 0
12.378 5 ROVER_STATUS 0 62 3 0 1 963 7.8242
12.425 5 IMU_MAG_RAW 0 0 0
12.426 5 CIRCLE 0.03 -4. 3.
12.516 5 GPS_INT 485068287 -31587955 411659976 404501488 -37258768 694820 644583 57 -27 35 984 104 382813500 192 11 3 1
12.517 5 SVINFO 6 16 12 3 7 17 172
12.517 5 LIDAR 4.1 176 1
12.531 5 INS 1205 179 46885560 -62914 -125829 16385687 62 1 -398
12.595 5 ROTORCRAFT_FP 179 1205 -46885960 -61 -30 -7995 -12781 28 985 0 0 0 0 384 0
12.626 5 WP_MOVED_ENU 10 10160 10329 2560
12.674 5 CIRCLE 0.03 -4. 3.
12.674 5 DATALINK_REPORT 960 0 24682 1081 0 0
12.738 5 ROTORCRAFT_NAV_STATUS 948 948 0. 0. 3 0 2
12.784 5 GPS_INT 485068317 -31587959 411659985 404501476 -37258769 695109 644873 66 -17 23 985 110 382813750 192 11 3 1
12.785 5 SVINFO 7 21 13 4 17 61 293
12.785 5 INS 1172 174 46887560 -136314 -68157 16338126 54 -11 -351
12.843 5 ROTORCRAFT_FP 174 1172 -46887960 -33 -66 -7972 -12780 28 986 0 0 0 0 384 0
12.922 5 CIRCLE 0.03 -4. 3.
12.978 5 LINK_REPORT 5 -1 13 0 12487 297 0 1090. 26. 2 -1.6590035922e+12
13.013 5 GPS_INT 485068360 -31587967 411659998 404501459 -37258776 695524 645287 85 -34 26 986 111 382814000 213 10 3 1
13.029 5 INS 1126 161 46889560 -193986 -152043 16291701 67 18 -370
13.093 5 ROTORCRAFT_FP 161 1126 -46889960 -74 -94 -7950 -12780 28 986 0 0 0 0 384 0
13.093 5 DL_VALUE 22 0.
13.172 5 CIRCLE 0.03 -4. 3.
13.298 5 GPS_INT 485068393 -31587973 411660010 404501448 -37258780 695858 645622 66 -11 46 988 101 382814250 192 11 3 1
13.299 5 INS 1093 151 46891560 -47185 -36700 16243164 67 14 -370
13.342 5 ROTORCRAFT_FP 151 1093 -46891960 -17 -23 -7926 -12780 28 986 0 0 0 0 384 0
13.421 5 IMU_MAG_RAW 0 0 0
13.421 5 CIRCLE 0.03 -4. 3.
13.512 5 GPS_INT 485068438 -31587979 411660025 404501432 -37258783 696299 646063 82 -13 38 989 107 382814500 192 11 3 1
13.513 5 SVINFO 10 27 13 7 26 54 111
13.513 5 LIDAR 4.1 176 1
13.528 5 INS 1047 143 46893560 -131071 -41943 16195254 51 -7 -384
13.592 5 ROTORCRAFT_FP 143 1047 -46893960 -20 -63 -7903 -12779 28 986 0 0 0 0 384 0
13.607 5 ROVER_STATUS 0 62 3 0 1 964 7.815369
13.671 5 CIRCLE 0.03 -4. 3.
13.761 5 GPS_INT 485068467 -31587980 411660032 404501420 -37258783 696566 646330 63 -1 64 991 93 382814750 192 11 3 1
13.777 5 INS 1013 145 46895560 36700 15728 16147465 63 5 -379
13.840 5 ROTORCRAFT_FP 145 1013 -46895960 7 17 -7879 -12779 29 981 0 0 0 0 384 0
13.919 5 WP_MOVED_ENU 11 10329 -10160 2560
13.920 5 CIRCLE 0.03 -4. 3.
13.968 5 ALIVE 53,218,81,70,62,199,115,110,109,98,53,234,26,129,160,165
13.980 5 LINK_REPORT 5 -1 14 0 13510 320 0 1023. 23. 2 -1.6590035922e+12
14.010 5 GPS_INT 485068488 -31587980 411660048 404501418 -37258782 696832 646595 28 0 98 992 92 382815000 192 11 3 1
14.011 5 SVINFO 12 32 4 4 19 20 101
14.026 5 INS 1008 148 46897560 293601 5242 16099355 47 6 -360
14.090 5 ROTORCRAFT_FP 148 1008 -46897960 2 143 -7856 -12779 29 981 0 0 0 0 384 0
14.169 5 CIRCLE 0.03 -4. 3.
14.170 5 DL_VALUE 23 1.
14.217 5 ENERGY 4 7.8242 0.225 1.760445 0.345053 2.628626
14.259 5 GPS_INT 485068535 -31587988 411660074 404501409 -37258787 697361 647124 71 -19 65 994 96 382815250 192 11 3 1
14.275 5 INS 980 135 46899560 10485 -78643 16050296 51 -32 -395
14.339 5 ROTORCRAFT_FP 135 980 -46899960 -38 5 -7832 -12779 29 982 0 0 0 0 384 0
14.340 5 ROTORCRAFT_NAV_STATUS 950 950 0. 0. 3 0 2
14.418 5 IMU_MAG_RAW 0 0 0
14.419 5 CIRCLE 0.03 -4. 3.
14.509 5 GPS_INT 485068558 -31587991 411660076 404501397 -37258789 697546 647310 78 -20 48 995 103 382815500 192 11 3 1
14.510 5 LIDAR 4.13 176 1
14.537 5 INS 947 133 46901560 -78643 -78643 16002395 71 8 -332
14.537 5 UART_ERRORS 0 7 38 1
14.585 5 ROTORCRAFT_FP 133 947 -46901956 -38 -38 -7809 -12778 29 983 0 0 0 0 384 0
14.664 5 CIRCLE 0.03 -4. 3.
14.759 5 GPS_INT 485068596 -31588000 411660085 404501381 -37258797 697898 647662 98 -45 49 996 106 382815750 192 11 3 1
14.783 5 INS 901 115 46903516 -152043 -204472 15955380 68 2 -342
14.784 5 ROVER_STATUS 0 61 3 0 1 965 7.8242
14.831 5 ROTORCRAFT_FP 115 901 -46903900 -99 -74 -7785 -12778 29 983 0 0 0 0 384 0
14.910 5 CIRCLE 0.03 -4. 3.
14.980 5 LINK_REPORT 5 -1 15 0 14559 344 0 1049. 24. 2 -1.6590035922e+12
15.006 5 GPS_INT 485068634 -31588013 411660095 404501365 -37258809 698260 648024 97 -44 36 997 109 382816000 192 11 3 1
15.007 5 SVINFO 16 65 13 4 24 28 41
15.022 5 INS 855 89 46905420 -199229 -199229 15906906 47 -22 -380
15.086 5 ROTORCRAFT_FP 89 855 -46905808 -97 -97 -7762 -12778 29 984 0 0 0 0 384 0
15.133 5 STATE_FILTER_STATUS 6 3 0
15.165 5 CIRCLE 0.03 -4. 3.
15.213 5 WP_MOVED_ENU 12 -10160 -10329 2560
15.255 5 GPS_INT 485068664 -31588020 411660106 404501355 -37258814 698560 648324 67 -2 66 999 94 382816250 192 11 3 1
15.271 5 SVINFO 17 66 13 7 27 44 115
15.297 5 INS 826 76 46907332 31457 10485 15859331 48 14 -365
15.298 5 DL_VALUE 24 1.
15.332 5 ROTORCRAFT_FP 76 826 -46907712 5 15 -7739 -12778 30 979 0 0 0 0 384 0
15.409 5 IMU_MAG_RAW 0 0 0
15.409 5 CIRCLE 0.03 -4. 3.
15.505 5 GPS_INT 485068676 -31588022 411660113 404501352 -37258816 698703 648467 46 -16 75 1000 92 382816500 192 11 3 1
15.506 5 LIDAR 4.09 176 1
15.521 5 INS 819 71 46909232 136314 -68157 15811372 49 -14 -380
15.585 5 ROTORCRAFT_FP 71 819 -46909612 -33 66 -7715 -12778 30 979 0 0 0 0 384 0
15.664 5 CIRCLE 0.03 -4. 3.
15.755 5 GPS_INT 485068719 -31588031 411660131 404501338 -37258823 699146 648910 89 -17 22 1002 114 382816750 192 11 3 1
15.770 5 INS 783 56 46911132 -220200 -62914 15763930 39 -16 -395
15.839 5 ROTORCRAFT_FP 56 783 -46911512 -30 -107 -7692 -12778 30 981 0 0 0 0 384 0
15.914 5 CIRCLE 0.03 -4. 3.
15.930 5 ROTORCRAFT_NAV_STATUS 951 951 0. 0. 3 0 2
15.962 5 ROVER_STATUS 0 62 3 0 1 966 7.8242
15.981 5 LINK_REPORT 5 -1 16 0 15618 369 0 1059. 25. 3 -1.6590035972e+12
15.994 5 GPS_INT 485068758 -31588038 411660147 404501327 -37258829 699551 649314 76 -10 49 1003 102 382817000 212 10 3 1
16.026 5 INS 747 46 46913032 -68157 -31457 15716258 53 12 -355
16.058 5 ALIVE 53,218,81,70,62,199,115,110,109,98,53,234,26,129,160,165
16.090 5 ROTORCRAFT_FP 46 747 -46913412 -15 -33 -7669 -12777 30 982 0 0 0 0 384 0
16.153 5 CIRCLE 0.03 -4. 3.
16.250 5 GPS_INT 485068794 -31588045 411660168 404501320 -37258835 699965 649729 81 -18 62 1005 100 382817250 172 12 3 1
16.265 5 INS 729 33 46914932 -36700 -68157 15668928 53 -12 -361
16.329 5 ROTORCRAFT_FP 33 729 -46915312 -33 -17 -7646 -12777 30 982 0 0 0 0 384 0
16.361 5 DL_VALUE 25 0.
16.409 5 IMU_MAG_RAW 0 0 0
16.409 5 CIRCLE 0.03 -4. 3.
16.502 5 GPS_INT 485068823 -31588052 411660186 404501315 -37258840 700307 650071 76 -20 63 1006 99 382817500 172 12 3 1
16.503 5 WP_MOVED_ENU 13 -10329 10160 2560
16.531 5 LIDAR 4.14 176 1
16.532 5 INS 714 20 46916832 -15728 -83886 15620677 62 -8 -395
16.580 5 ROTORCRAFT_FP 20 714 -46917212 -40 -7 -7622 -12777 30 983 0 0 0 0 384 0
16.659 5 CIRCLE 0.03 -4. 3.
16.707 5 ENERGY 4 7.8242 0.35 2.73847 0.345251 2.630179
16.761 5 GPS_INT 485068869 -31588064 411660211 404501305 -37258852 700819 650582 94 -39 50 1008 106 382817750 172 12 3 1
16.762 5 SVINFO 23 82 13 4 22 33 304
16.762 5 INS_REF 485069569 -31588109 411660456 404501063 -37258851 707753 657517 0.
16.763 5 INS 686 -2 46918732 -131071 -173014 15573008 42 -33 -395
16.825 5 ROTORCRAFT_FP -2 686 -46919112 -84 -63 -7599 -12777 31 984 0 0 0 0 384 0
16.905 5 CIRCLE 0.03 -4. 3.
16.981 5 LINK_REPORT 5 -1 17 0 16696 393 0 1078. 24. 3 -1.6590035972e+12
17.000 5 GPS_INT 485068898 -31588073 411660229 404501301 -37258859 701161 650924 68 -20 74 1009 95 382818000 172 12 3 1
17.000 5 SVINFO 24 88 13 4 10 24 76
17.015 5 INS 673 -20 46920632 57671 -83886 15525205 40 -6 -395
17.079 5 ROTORCRAFT_FP -20 673 -46921012 -40 28 -7575 -12776 31 984 0 0 0 0 384 0
17.159 5 CIRCLE 0.03 -4. 3.
17.159 5 ROVER_STATUS 0 62 3 0 1 967 7.8242
17.329 5 ROTORCRAFT_FP -30 665 -46922912 -33 20 -7552 -12776 31 985 0 0 0 0 384 0
17.408 5 IMU_MAG_RAW 0 0 0
17.409 5 CIRCLE 0.03 -4. 3.
17.456 5 DL_VALUE 26 0.
17.499 5 GPS_INT 485068960 -31588083 411660275 404501295 -37258866 701940 651704 65 6 69 1012 93 382818500 172 12 3 1
17.499 5 SVINFO 1 3 4 4 19 9 207
17.499 5 LIDAR 4.1 176 6
17.529 5 INS 657 -35 46924432 52428 52428 15430296 53 -9 -376
17.530 5 ROTORCRAFT_NAV_STATUS 953 953 0. 0. 3 0 2
17.578 5 ROTORCRAFT_FP -35 657 -46924812 25 25 -7529 -12776 32 985 0 0 0 0 384 0
17.609 5 UART_ERRORS 0 0 1 2
17.609 5 UART_ERRORS 0 1 0 3
17.625 5 UART_ERRORS 0 0 0 4
17.657 5 CIRCLE 0.03 -4. 3.
17.747 5 GPS_INT 485069008 -31588090 411660301 404501285 -37258871 702474 652237 100 -16 58 1014 106 382818750 182 11 3 1
17.748 5 SVINFO 2 7 12 1 0 1 266
17.748 5 DATALINK_REPORT 965 0 24810 1074 0 0
17.763 5 INS 629 -46 46926332 -115343 -52428 15382641 21 -6 -399
17.810 5 WP_MOVED_ENU 0 0 0 2560
17.827 5 ROTORCRAFT_FP -46 629 -46926712 -25 -56 -7506 -12776 32 985 0 0 0 0 384 0
17.907 5 CIRCLE 0.03 -4. 3.
17.982 5 LINK_REPORT 5 -1 18 0 17724 420 0 1028. 27. 3 -1.6590035972e+12
17.997 5 GPS_INT 485069041 -31588096 411660313 404501274 -37258876 702808 652572 106 -25 60 1016 107 382819000 182 11 3 1
17.997 5 SVINFO 3 8 13 4 25 80 346
18.012 5 INS 596 -56 46928232 -131071 -99614 15335249 44 4 -380
18.156 5 ALIVE 53,218,81,70,62,199,115,110,109,98,53,234,26,129,160,165
18.157 5 CIRCLE 0.03 -4. 3.
18.247 5 GPS_INT 485069047 -31588095 411660319 404501274 -37258874 702887 652651 55 3 89 1017 91 382819250 182 11 3 1
18.248 5 SVINFO 4 10 13 4 19 37 49
18.262 5 INS 599 -51 46930132 167772 31457 15287318 54 18 -404
18.326 5 ROTORCRAFT_FP -51 599 -46930512 15 81 -7459 -12776 33 986 0 0 0 0 384 0
18.326 5 STATE_FILTER_STATUS 6 3 0
18.357 5 ROVER_STATUS 0 60 3 0 1 969 7.8242
18.405 5 IMU_MAG_RAW 0 0 0
18.405 5 CIRCLE 0.03 -4. 3.
18.495 5 GPS_INT 485069096 -31588103 411660342 404501261 -37258880 703411 653174 98 -19 37 1019 113 382819500 182 11 3 1
18.496 5 SVINFO 5 14 4 4 17 9 323
18.496 5 LIDAR 4.13 176 1
18.511 5 INS 560 -64 46932032 -193986 -68157 15239075 55 13 -366
18.575 5 ROTORCRAFT_FP -64 560 -46932412 -33 -94 -7436 -12775 33 986 0 0 0 0 384 0
18.576 5 DL_VALUE 27 0.
18.654 5 CIRCLE 0.03 -4. 3.
18.745 5 GPS_INT 485069137 -31588115 411660357 404501247 -37258891 703826 653590 93 -43 57 1021 105 382819750 172 12 3 1
18.746 5 SVINFO 6 16 13 4 8 17 172
18.760 5 INS 522 -89 46933932 -99614 -193986 15191822 56 24 -347
18.825 5 ROTORCRAFT_FP -89 522 -46934312 -94 -48 -7413 -12775 33 986 0 0 0 0 384 0
18.906 5 CIRCLE 0.03 -4. 3.
18.982 5 LINK_REPORT 5 -1 19 0 18730 445 0 1006. 25. 3 -1.6590035972e+12
18.994 5 GPS_INT 485069166 -31588125 411660364 404501235 -37258900 704100 653864 94 -33 52 1022 109 382820000 212 10 3 1
18.994 5 SVINFO 7 21 12 3 9 61 293
19.010 5 INS 486 -110 46935812 -120586 -141557 15144428 42 -4 -399
19.073 5 ROTORCRAFT_FP -110 486 -46936176 -69 -58 -7389 -12775 34 986 0 0 0 0 384 0
19.105 5 WP_MOVED_ENU 1 0 0 2560
19.121 5 ROTORCRAFT_NAV_STATUS 954 954 0. 0. 3 0 2
19.152 5 CIRCLE 0.03 -4. 3.
19.200 5 ENERGY 4 7.8242 0.35 2.73847 0.345454 2.631765
19.243 5 GPS_INT 485069217 -31588140 411660384 404501218 -37258913 704625 654389 91 -37 27 1024 116 382820250 182 11 3 1
19.258 5 INS 437 -138 46937616 -209715 -167772 15095984 56 14 -385
19.322 5 ROTORCRAFT_FP -138 437 -46937976 -81 -102 -7366 -12775 34 986 0 0 0 0 384 0
19.402 5 IMU_MAG_RAW 0 0 0
19.402 5 CIRCLE 0.03 -4. 3.
19.492 5 GPS_INT 485069245 -31588151 411660390 404501205 -37258925 704880 654644 68 -43 43 1025 104 382820500 191 11 3 1
19.493 5 LIDAR 4.1 176 1
19.508 5 INS 401 -161 46939416 -73400 -204472 15048085 48 46 -365
19.572 5 ROTORCRAFT_FP -161 401 -46939776 -99 -35 -7343 -12775 34 986 0 0 0 0 384 0
19.573 5 ROVER_STATUS 0 63 3 0 1 970 7.8242
19.651 5 CIRCLE 0.03 -4. 3.
19.652 5 DL_VALUE 28 1.
19.742 5 GPS_INT 485069293 -31588160 411660404 404501186 -37258931 705344 655108 101 -5 30 1026 119 382820750 191 11 3 1
19.743 5 SVINFO 10 27 13 6 24 54 111
19.757 5 INS 348 -176 46941216 -225443 5242 15001511 44 21 -371
19.821 5 ROTORCRAFT_FP -176 348 -46941576 2 -110 -7320 -12776 34 986 0 0 0 0 384 0
19.900 5 CIRCLE 0.03 -4. 3.
19.984 5 LINK_REPORT 5 -1 20 0 19806 470 0 1076. 25. 3 -1.6590035972e+12
19.994 5 GPS_INT 485069342 -31588166 411660425 404501172 -37258935 705856 655620 66 -3 40 1027 107 382821000 172 12 3 1
20.070 5 ROTORCRAFT_FP -184 307 -46943376 2 -33 -7297 -12775 35 986 0 0 0 0 384 0
20.150 5 CIRCLE 0.03 -4. 3.
20.229 5 SVINFO 12 32 4 4 16 20 101
20.246 5 ALIVE 53,218,81,70,62,199,115,110,109,98,53,234,26,129,160,165
20.262 5 INS 245 -199 46944816 -356515 -131071 14906673 29 -7 -390
20.320 5 ROTORCRAFT_FP -199 245 -46945176 -63 -174 -7273 -12775 35 986 0 0 0 0 384 0
20.410 5 WP_MOVED_ENU 2 7 -1024 2560
20.410 5 IMU_MAG_RAW 0 0 0
20.411 5 CIRCLE 0.03 -4. 3.
20.488 5 GPS_INT 485069443 -31588187 411660443 404501125 -37258951 706742 656505 100 -20 4 1029 127 382821500 172 12 3 1
20.504 5 LIDAR 4.11 176 1
20.504 5 INS 174 -222 46946616 -330301 -73400 14858860 -3 -6 -394
20.568 5 ROTORCRAFT_FP -222 174 -46946976 -35 -161 -7250 -12775 35 986 0 0 0 0 384 0
20.648 5 CIRCLE 0.03 -4. 3.
20.712 5 ROTORCRAFT_NAV_STATUS 956 956 0. 0. 3 0 2
20.743 5 GPS_INT 485069477 -31588193 411660448 404501108 -37258956 707038 656801 75 -9 32 1030 112 382821750 172 12 3 1
20.758 5 ROVER_STATUS 0 63 3 0 1 971 7.8242
20.759 5 DL_VALUE 29 1.
20.886 5 CIRCLE 0.03 -4. 3.
20.985 5 LINK_REPORT 5 -1 21 0 20618 490 0 812. 20. 4 -1.6590036022e+12
20.992 5 GPS_INT 485069522 -31588199 411660461 404501090 -37258960 707465 657229 89 -3 19 1031 123 382822000 172 12 3 1
21.015 5 SVINFO 15 136 20 7 33 42 167
21.015 5 INS 76 -238 46950216 -230686 10485 14762018 34 0 -423
21.067 5 ROTORCRAFT_FP -238 76 -46950576 5 -112 -7203 -12775 36 987 0 0 0 0 384 0
21.131 5 AUTOPILOT_VERSION 60200 v6.2_unstable-101-g8a957fd0a-dirty
21.146 5 CIRCLE 0.03 -4. 3.
21.227 5 SVINFO 16 65 13 4 25 28 41
21.259 5 INS 10 -248 46952016 -361758 -62914 14713364 30 -3 -356
21.317 5 ROTORCRAFT_FP -248 10 -46952376 -30 -176 -7179 -12775 36 987 0 0 0 0 384 0
21.396 5 IMU_MAG_RAW 0 0 0
21.396 5 CIRCLE 0.03 -4. 3.
21.486 5 GPS_INT 485069571 -31588206 411660455 404501058 -37258965 707802 657566 63 -12 66 1034 97 382822500 172 12 3 1
21.487 5 SVINFO 17 66 13 7 26 44 115
21.488 5 LIDAR 4.07 176 1
21.515 5 INS -17 -248 46953816 41943 -41943 14665882 57 5 -366
21.516 5 STATE_FILTER_STATUS 6 3 0
21.563 5 ROTORCRAFT_FP -248 -17 -46954176 -20 20 -7156 -12775 37 987 0 0 0 0 384 0
21.643 5 CIRCLE 0.03 -4. 3.
21.705 5 ENERGY 4 7.8242 0.225 1.760445 0.345641 2.633232
21.706 5 WP_MOVED_ENU 3 -762 -775 2560
21.734 5 GPS_INT 485069600 -31588215 411660459 404501043 -37258972 708053 657816 100 -42 33 1035 115 382822750 172 12 3 1
21.750 5 INS -58 -266 46955616 -220200 -188743 14618340 71 33 -342
21.827 5 ROTORCRAFT_FP -266 -58 -46955976 -92 -107 -7133 -12775 36 987 0 0 0 0 384 0
21.828 5 INS_REF 485069569 -31588109 411660456 404501063 -37258851 707753 657517 0.
21.848 5 DL_VALUE 30 0.
21.890 5 CIRCLE 0.03 -4. 3.
21.954 5 ROVER_STATUS 0 63 3 0 1 972 7.8242
21.983 5 GPS_INT 485069610 -31588216 411660452 404501032 -37258973 708086 657850 80 -7 64 1036 100 382823000 212 10 3 1
21.986 5 LINK_REPORT 5 -1 22 0 21801 518 0 1183. 28. 4 -1.6590036022e+12
21.999 5 INS -89 -268 46957416 -20971 -10485 14570856 33 0 -409
22.063 5 ROTORCRAFT_FP -268 -89 -46957776 -5 -10 -7109 -12775 36 983 0 0 0 0 384 0
22.142 5 CIRCLE 0.03 -4. 3.
22.233 5 GPS_INT 485069628 -31588220 411660459 404501027 -37258976 708272 658035 53 -22 57 1038 97 382823250 172 12 3 1
22.234 5 SVINFO 20 79 13 4 23 28 236
22.248 5 INS -104 -273 46959216 41943 -99614 14523168 38 0 -380
22.312 5 ROTORCRAFT_FP -273 -104 -46959576 -48 20 -7086 -12775 37 982 0 0 0 0 384 0
22.313 5 ROTORCRAFT_NAV_STATUS 958 958 0. 0. 3 0 2
22.349 5 ALIVE 53,218,81,70,62,199,115,110,109,98,53,234,26,129,160,165
22.392 5 IMU_MAG_RAW 0 0 0
22.392 5 CIRCLE 0.03 -4. 3.
22.482 5 GPS_INT 485069638 -31588221 411660449 404501014 -37258977 708284 658048 81 -16 31 1040 117 382823500 182 11 3 1
22.483 5 LIDAR 4.09 176 1
22.498 5 INS -140 -276 46961016 -157286 -57671 14476344 26 -18 -376
22.561 5 ROTORCRAFT_FP -276 -140 -46961376 -28 -76 -7063 -12775 37 983 0 0 0 0 384 0
22.641 5 CIRCLE 0.03 -4. 3.
22.731 5 GPS_INT 485069662 -31588225 411660451 404501001 -37258979 708475 658239 70 -11 28 1041 116 382823750 182 11 3 1
22.746 5 INS -176 -281 46962816 -131071 -36700 14428307 38 -1 -356
22.810 5 ROTORCRAFT_FP -281 -176 -46963176 -17 -63 -7040 -12775 37 984 0 0 0 0 384 0
22.826 5 DATALINK_REPORT 970 0 24938 1088 0 0
22.890 5 CIRCLE 0.03 -4. 3.
22.938 5 DL_VALUE 31 0.
22.970 5 SVINFO 23 82 13 4 21 33 304
22.986 5 WP_MOVED_ENU 4 -504 -1029 2560
22.986 5 LINK_REPORT 5 -1 23 0 22803 542 0 1002. 24. 4 -1.6590036022e+12
23.002 5 INS -202 -286 46964616 5242 15728 14380340 41 20 -366
23.060 5 ROTORCRAFT_FP -286 -202 -46964976 7 2 -7016 -12775 38 980 0 0 0 0 384 0
23.139 5 CIRCLE 0.03 -4. 3.
23.139 5 ROVER_STATUS 0 63 3 0 1 973 7.8242
23.219 5 SVINFO 24 88 13 4 12 24 76
23.251 5 INS -256 -302 46966408 -325058 -141557 14332397 48 7 -352
23.309 5 ROTORCRAFT_FP -302 -256 -46966748 -69 -158 -6993 -12775 38 979 0 0 0 0 384 0
23.389 5 IMU_MAG_RAW 0 0 0
23.389 5 CIRCLE 0.03 -4. 3.
23.485 5 LIDAR 4.12 176 1
23.501 5 INS -320 -304 46968108 -346029 57671 14283448 33 4 -380
23.559 5 ROTORCRAFT_FP -304 -320 -46968452 28 -168 -6969 -12775 38 981 0 0 0 0 384 0
23.638 5 CIRCLE 0.03 -4. 3.
23.729 5 GPS_INT 485069819 -31588248 411660494 404500938 -37258995 709964 659728 67 -16 41 1047 108 382824750 172 12 3 1
23.729 5 SVINFO 1 3 4 4 21 9 207
23.744 5 INS -355 -314 46969812 -68157 -62914 14234959 24 -6 -438
23.817 5 ROTORCRAFT_FP -314 -355 -46970152 -30 -33 -6946 -12775 38 982 0 0 0 0 384 0
23.818 5 UART_ERRORS 0 7 38 1
23.818 5 UART_ERRORS 0 0 1 2
23.818 5 UART_ERRORS 0 1 0 3
23.819 5 UART_ERRORS 0 0 0 4
23.881 5 CIRCLE 0.03 -4. 3.
23.897 5 ROTORCRAFT_NAV_STATUS 959 959 0. 0. 3 0 2
23.976 5 GPS_INT 485069842 -31588252 411660505 404500932 -37258997 710206 659970 55 0 57 1048 96 382825000 172 12 3 1
23.987 5 LINK_REPORT 5 -1 24 0 23741 566 0 938. 24. 4 -1.6590036022e+12
23.992 5 INS -373 -320 46971512 36700 15728 14187548 29 35 -398
24.056 5 ROTORCRAFT_FP -320 -373 -46971852 7 17 -6922 -12775 39 979 0 0 0 0 384 0
24.057 5 DL_VALUE 32 0.
24.135 5 CIRCLE 0.03 -4. 3.
24.226 5 GPS_INT 485069878 -31588257 411660526 404500926 -37259001 710623 660387 52 1 38 1049 103 382825250 172 12 3 1
24.242 5 INS -394 -327 46973212 -26214 20971 14139096 21 2 -390
24.289 5 WP_MOVED_ENU 5 519 -1021 2560
24.305 5 ROTORCRAFT_FP -327 -394 -46973552 10 -12 -6899 -12775 39 973 0 0 0 0 384 0
24.337 5 ROVER_STATUS 0 62 3 0 1 975 7.8242
24.385 5 IMU_MAG_RAW 0 0 0
24.386 5 CIRCLE 0.03 -4. 3.
24.433 5 ALIVE 53,218,81,70,62,199,115,110,109,98,53,234,26,129,160,165
24.475 5 GPS_INT 485069915 -31588262 411660550 404500920 -37259004 711060 660824 52 1 65 1050 93 382825500 172 12 3 1
24.476 5 SVINFO 4 10 13 4 17 36 49
24.476 5 LIDAR 4.09 176 1
24.491 5 INS -407 -335 46974912 78643 20971 14091100 17 -5 -352
24.555 5 ROTORCRAFT_FP -335 -407 -46975252 10 38 -6875 -12775 39 974 0 0 0 0 384 0
24.634 5 CIRCLE 0.03 -4. 3.
24.698 5 STATE_FILTER_STATUS 6 3 0
24.728 5 GPS_INT 485069948 -31588270 411660564 404500910 -37259011 711405 661168 89 -37 57 1051 106 382825750 172 12 3 1
24.729 5 SVINFO 5 14 4 4 18 9 323
24.743 5 INS -435 -350 46976612 -83886 -167772 14043130 45 -2 -404
24.804 5 ROTORCRAFT_FP -350 -435 -46976952 -81 -40 -6852 -12775 40 976 0 0 0 0 384 0
24.883 5 CIRCLE 0.03 -4. 3.
24.974 5 GPS_INT 485069962 -31588277 411660564 404500902 -37259018 711512 661276 90 -37 47 1052 110 382826000 191 11 3 1
24.988 5 LINK_REPORT 5 -1 25 0 24802 591 0 1061. 25. 4 -1.6590036022e+12
24.989 5 INS -460 -366 46978312 -131071 -167772 13994266 18 -19 -376
25.053 5 ROTORCRAFT_FP -366 -460 -46978652 -81 -63 -6828 -12775 40 979 0 0 0 0 384 0
25.133 5 CIRCLE 0.03 -4. 3.
25.133 5 DL_VALUE 33 0.
25.223 5 GPS_INT 485069994 -31588284 411660576 404500891 -37259023 711843 661607 95 -7 41 1053 113 382826250 172 12 3 1
25.223 5 SVINFO 7 21 12 3 7 61 294
25.302 5 ROTORCRAFT_FP -378 -491 -46980352 -2 -79 -6805 -12774 40 981 0 0 0 0 384 0
25.382 5 IMU_MAG_RAW 0 0 0
25.382 5 CIRCLE 0.03 -4. 3.
25.472 5 GPS_INT 485070021 -31588288 411660584 404500881 -37259026 712101 661865 101 -21 61 1054 108 382826500 191 11 3 1
25.473 5 LIDAR 4.1 176 1
25.488 5 INS -519 -384 46981712 -104857 -78643 13898749 36 30 -322
25.504 5 ROTORCRAFT_NAV_STATUS 961 961 0. 0. 3 0 2
25.552 5 ROTORCRAFT_FP -384 -519 -46982052 -38 -51 -6781 -12775 40 982 0 0 0 0 384 0
25.553 5 ROVER_STATUS 0 63 3 0 1 976 7.8242
25.583 5 WP_MOVED_ENU 6 760 1031 2560
25.631 5 CIRCLE 0.03 -4. 3.
25.742 5 GPS_INT 485070042 -31588296 411660602 404500880 -37259034 712383 662147 63 -23 97 1055 93 382826750 191 11 3 1
25.743 5 INS -522 -399 46983412 167772 -99614 13851169 22 7 -379
25.800 5 ROTORCRAFT_FP -399 -522 -46983752 -48 81 -6758 -12775 40 983 0 0 0 0 384 0
25.880 5 CIRCLE 0.03 -4. 3.
25.970 5 GPS_INT 485070057 -31588302 411660613 404500879 -37259040 712568 662332 85 -26 92 1057 97 382827000 172 12 3 1
25.986 5 INS -524 -412 46985112 68157 -110100 13803284 -2 1 -375
25.988 5 LINK_REPORT 5 -1 26 0 25823 614 0 1021. 23. 5 -1.6590036072e+12
26.051 5 ROTORCRAFT_FP -412 -524 -46985452 -53 33 -6735 -12775 40 984 0 0 0 0 384 0
26.130 5 CIRCLE 0.03 -4. 3.
26.220 5 GPS_INT 485070075 -31588306 411660631 404500881 -37259043 712820 662584 71 -3 86 1058 94 382827250 172 12 3 1
26.246 5 INS -519 -419 46986812 99614 5242 13756044 35 20 -332
26.246 5 DL_VALUE 34 0.
26.294 5 ROTORCRAFT_FP -419 -519 -46987152 2 48 -6712 -12774 40 985 0 0 0 0 384 0
26.373 5 IMU_MAG_RAW 0 0 0
26.373 5 CIRCLE 0.03 -4. 3.
26.468 5 GPS_INT 485070105 -31588314 411660649 404500875 -37259051 713170 662933 94 -30 50 1060 111 382827500 172 12 3 1
26.469 5 SVINFO 12 32 4 1 0 20 101
26.469 5 LIDAR 4.1 176 1
26.484 5 INS -535 -435 46988512 -131071 -125829 13707465 23 2 -375
26.532 5 ALIVE 53,218,81,70,62,199,115,110,109,98,53,234,26,129,160,165
26.548 5 ROTORCRAFT_FP -435 -535 -46988852 -61 -63 -6688 -12775 41 985 0 0 0 0 384 0
26.627 5 CIRCLE 0.03 -4. 3.
26.675 5 ENERGY 4 7.833031 0.275 2.154083 0.346026 2.636241
26.718 5 GPS_INT 485070108 -31588319 411660646 404500871 -37259056 713174 662937 86 -25 60 1061 105 382827750 172 12 3 1
26.743 5 INS -547 -448 46990212 -62914 -104857 13658470 23 -2 -360
26.744 5 ROVER_STATUS 0 63 3 0 1 977 7.8242
26.791 5 ROTORCRAFT_FP -448 -547 -46990552 -51 -30 -6664 -12775 41 986 0 0 0 0 384 0
26.897 5 WP_MOVED_ENU 7 775 -1018 2560
26.897 5 CIRCLE 0.03 -4. 3.
26.898 5 INS_REF 485069569 -31588109 411660456 404501063 -37258851 707753 657517 0.
26.977 5 INS -563 -460 46991912 -57671 -110100 13610578 34 -5 -390
26.989 5 LINK_REPORT 5 -1 27 0 26855 638 0 1032. 24. 5 -1.6590036072e+12
27.041 5 ROTORCRAFT_FP -460 -563 -46992252 -53 -28 -6641 -12775 41 986 0 0 0 0 384 0
27.089 5 ROTORCRAFT_NAV_STATUS 962 962 0. 0. 3 0 2
27.120 5 CIRCLE 0.03 -4. 3.
27.233 5 INS -565 -478 46993612 94371 -52428 13563295 10 0 -418
27.297 5 ROTORCRAFT_FP -478 -565 -46993952 -25 46 -6617 -12775 41 987 0 0 0 0 384 0
27.329 5 DL_VALUE 35 1.293442
27.376 5 IMU_MAG_RAW 0 0 0
27.377 5 CIRCLE 0.03 -4. 3.
27.467 5 GPS_INT 485070167 -31588344 411660686 404500863 -37259080 713892 663656 65 -21 69 1065 98 382828500 172 12 3 1
27.468 5 SVINFO 16 65 13 4 24 28 41
27.468 5 LIDAR 4.11 176 1
27.482 5 INS -570 -501 46995304 47185 -89128 13514863 32 -5 -366
27.546 5 ROTORCRAFT_FP -501 -570 -46995628 -43 23 -6594 -12774 41 987 0 0 0 0 384 0
27.625 5 CIRCLE 0.03 -4. 3.
27.795 5 ROTORCRAFT_FP -517 -576 -46997232 -51 -2 -6570 -12774 41 987 0 0 0 0 384 0
27.874 5 CIRCLE 0.03 -4. 3.
27.890 5 STATE_FILTER_STATUS 6 3 0
27.906 5 DATALINK_REPORT 975 0 25066 1064 0 0
27.922 5 ROVER_STATUS 0 63 3 0 1 978 7.8242
27.965 5 GPS_INT 485070200 -31588357 411660708 404500859 -37259094 714293 664056 60 -7 59 1066 98 382829000 191 11 3 1
27.980 5 INS -583 -529 46998512 26214 -20971 13417575 12 11 -398
27.990 5 LINK_REPORT 5 -1 28 0 27702 659 0 847. 21. 5 -1.6590036072e+12
28.044 5 ROTORCRAFT_FP -529 -583 -46998832 -10 12 -6546 -12774 42 984 0 0 0 0 384 0
28.123 5 CIRCLE 0.03 -4. 3.
28.171 5 WP_MOVED_ENU 8 -760 -1031 2560
28.213 5 GPS_INT 485070215 -31588360 411660722 404500859 -37259095 714506 664270 49 5 67 1069 92 382829250 194 10 3 1
28.229 5 INS -581 -535 47000112 99614 41943 13369551 21 -5 -399
28.293 5 ROTORCRAFT_FP -535 -581 -47000432 20 48 -6523 -12774 42 982 0 0 0 0 384 0
28.372 5 IMU_MAG_RAW 0 0 0
28.373 5 CIRCLE 0.03 -4. 3.
28.420 5 DL_VALUE 36 2.787055
28.452 5 SVINFO 20 79 13 4 24 28 236
28.468 5 LIDAR 4.12 176 1
28.484 5 INS -578 -540 47001712 125829 -10485 13321628 19 24 -379
28.543 5 ROTORCRAFT_FP -540 -578 -47002032 -5 61 -6499 -12774 42 983 0 0 0 0 384 0
28.622 5 ALIVE 53,218,81,70,62,199,115,110,109,98,53,234,26,129,160,165
28.623 5 CIRCLE 0.03 -4. 3.
28.686 5 ROTORCRAFT_NAV_STATUS 964 964 0. 0. 3 0 2
28.716 5 GPS_INT 485070249 -31588367 411660753 404500860 -37259101 714970 664734 76 -17 67 1071 100 382829750 191 11 3 1
28.732 5 INS -578 -547 47003312 5242 -68157 13273991 12 7 -370
28.791 5 ROTORCRAFT_FP -547 -578 -47003632 -33 2 -6476 -12774 42 984 0 0 0 0 384 0
28.870 5 CIRCLE 0.03 -4. 3.
28.961 5 GPS_INT 485070293 -31588378 411660783 404500855 -37259112 715499 665262 82 -24 55 1073 105 382830000 191 11 3 1
28.977 5 INS -593 -568 47004912 -68157 -99614 13225874 6 10 -370
28.990 5 LINK_REPORT 5 -1 29 0 28659 681 0 957. 22. 5 -1.6590036072e+12
29.040 5 ROTORCRAFT_FP -568 -593 -47005232 -48 -33 -6453 -12774 42 985 0 0 0 0 384 0
29.119 5 CIRCLE 0.03 -4. 3.
29.119 5 ROVER_STATUS 0 62 3 0 1 979 7.8242
29.167 5 ENERGY 4 7.8242 0.3 2.34726 0.346217 2.637729
29.209 5 GPS_INT 485070287 -31588378 411660781 404500857 -37259112 715446 665210 68 -9 72 1075 97 382830250 172 12 3 1
29.210 5 SVINFO 23 82 13 4 22 33 304
29.225 5 INS -586 -568 47006512 52428 -26214 13177687 22 5 -390
29.289 5 ROTORCRAFT_FP -568 -586 -47006832 -12 25 -6429 -12774 42 986 0 0 0 0 384 0
29.368 5 IMU_MAG_RAW 0 0 0
29.368 5 CIRCLE 0.03 -4. 3.
29.459 5 GPS_INT 485070295 -31588385 411660786 404500856 -37259119 715539 665303 81 -43 54 1077 109 382830500 172 12 3 1
29.460 5 SVINFO 24 88 13 4 13 24 76
29.463 5 WP_MOVED_ENU 9 -775 1018 2560
29.474 5 LIDAR 4.11 176 5
29.490 5 INS -591 -586 47008112 -73400 -199229 13130687 23 -1 -352
29.539 5 ROTORCRAFT_FP -586 -591 -47008432 -97 -35 -6406 -12774 43 986 0 0 0 0 384 0
29.540 5 DL_VALUE 37 1400.
29.618 5 CIRCLE 0.03 -4. 3.
29.708 5 GPS_INT 485070307 -31588390 411660795 404500855 -37259124 715691 665455 56 9 49 1078 96 382830750 172 12 3 1
29.724 5 INS -593 -596 47009712 5242 62914 13082592 22 -16 -385
29.788 5 ROTORCRAFT_FP -596 -593 -47010032 30 2 -6383 -12774 42 986 0 0 0 0 384 0
29.867 5 CIRCLE 0.03 -4. 3.
29.958 5 GPS_INT 485070305 -31588394 411660798 404500857 -37259129 715697 665461 46 -21 69 1079 96 382831000 172 12 3 1
29.983 5 INS -586 -606 47011312 110100 -94371 13035630 10 16 -394
29.984 5 UART_ERRORS 0 7 38 1
29.984 5 UART_ERRORS 0 0 1 2
29.984 5 UART_ERRORS 0 1 0 3
29.991 5 LINK_REPORT 5 -1 30 0 29767 708 0 1108. 27. 5 -1.6590036072e+12
30.032 5 ROTORCRAFT_FP -606 -586 -47011632 -46 53 -6360 -12774 42 987 0 0 0 0 384 0
30.111 5 CIRCLE 0.03 -4. 3.
30.206 5 GPS_INT 485070297 -31588394 411660807 404500868 -37259130 715690 665454 15 10 77 1080 97 382831250 172 12 3 1
30.222 5 INS -555 -609 47012912 256900 52428 12988171 28 -15 -342
30.286 5 ROTORCRAFT_NAV_STATUS 966 966 0. 0. 3 0 2
30.318 5 ROVER_STATUS 0 60 3 0 1 981 7.8242
30.365 5 IMU_MAG_RAW 0 0 0
30.366 5 CIRCLE 0.03 -4. 3.
30.446 5 SVINFO 3 8 13 6 27 80 346
30.462 5 LIDAR 4.1 176 1
30.478 5 INS -565 -627 47014512 -89128 -15728 12939715 47 5 -366
30.536 5 ROTORCRAFT_FP -627 -565 -47014832 -7 -43 -6313 -12774 42 987 0 0 0 0 384 0
30.615 5 CIRCLE 0.03 -4. 3.
30.616 5 DL_VALUE 38 10.
30.695 5 SVINFO 4 10 13 4 12 36 49
30.711 5 ALIVE 53,218,81,70,62,199,115,110,109,98,53,234,26,129,160,165
30.759 5 WP_MOVED_ENU 10 10160 10329 2560
30.855 5 CIRCLE 0.03 -4. 3.
30.934 5 SVINFO 5 14 4 4 19 9 323
30.967 5 INS -573 -650 47017712 110100 -57671 12844864 35 6 -371
30.992 5 LINK_REPORT 5 -1 31 0 30459 728 0 692. 20. 6 -1.6590036122e+12
31.031 5 ROTORCRAFT_FP -650 -573 -47018032 -28 53 -6267 -12774 43 988 0 0 0 0 384 0
31.078 5 STATE_FILTER_STATUS 6 3 0
31.110 5 CIRCLE 0.03 -4. 3.
31.203 5 GPS_INT 485070330 -31588418 411660825 404500860 -37259155 716074 665838 54 -7 37 1082 104 382832250 172 12 3 1
31.203 5 SVINFO 6 16 13 4 11 17 172
31.218 5 INS -576 -663 47019312 -41943 -20971 12797881 17 22 -365
31.282 5 ROTORCRAFT_FP -663 -576 -47019632 -10 -20 -6244 -12774 43 984 0 0 0 0 384 0
31.364 5 IMU_MAG_RAW 0 0 0
31.365 5 CIRCLE 0.03 -4. 3.
31.452 5 GPS_INT 485070355 -31588427 411660831 404500850 -37259164 716305 666068 83 -13 21 1084 118 382832500 172 12 3 1
31.453 5 SVINFO 7 21 13 4 12 61 294
31.453 5 LIDAR 4.1 176 1
31.468 5 INS -606 -683 47020912 -204472 -41943 12749833 24 10 -384
31.532 5 ROTORCRAFT_FP -683 -606 -47021232 -20 -99 -6220 -12774 43 983 0 0 0 0 384 0
31.533 5 ROVER_STATUS 0 62 3 0 1 982 7.8242
31.611 5 CIRCLE 0.03 -4. 3.
31.659 5 ENERGY 4 7.8242 0.3 2.34726 0.346412 2.639261
31.704 5 GPS_INT 485070356 -31588430 411660836 404500853 -37259167 716344 666108 47 0 72 1085 94 382832750 172 12 3 1
31.727 5 INS -599 -691 47022512 125829 15728 12701593 7 11 -394
31.728 5 DL_VALUE 39 100.
31.855 5 CIRCLE 0.03 -4. 3.
31.871 5 ROTORCRAFT_NAV_STATUS 967 967 0. 0. 3 0 2
31.950 5 GPS_INT 485070360 -31588437 411660840 404500852 -37259175 716412 666176 66 -33 49 1086 106 382833000 172 12 3 1
31.976 5 INS_REF 485069569 -31588109 411660456 404501063 -37258851 707753 657517 0.
31.977 5 INS -599 -706 47024024 -36700 -152043 12653704 22 -10 -371
31.992 5 LINK_REPORT 5 -1 32 0 31500 753 0 1041. 25. 6 -1.6590036122e+12
32.056 5 ROTORCRAFT_FP -706 -599 -47024328 -74 -17 -6173 -12774 44 985 0 0 0 0 384 0
32.057 5 WP_MOVED_ENU 11 10329 -10160 2560
32.104 5 CIRCLE 0.03 -4. 3.
32.221 5 AUTOPILOT_VERSION 60200 v6.2_unstable-101-g8a957fd0a-dirty
32.222 5 GPS_INT 485070368 -31588446 411660842 404500849 -37259185 716485 666249 63 -24 43 1088 107 382833250 172 12 3 1
32.223 5 SVINFO 10 27 13 4 26 53 112
32.223 5 INS -609 -729 47025532 -52428 -104857 12606356 33 -13 -380
32.279 5 ROTORCRAFT_FP -729 -609 -47025832 -51 -25 -6151 -12774 44 986 0 0 0 0 384 0
32.358 5 IMU_MAG_RAW 0 0 0
32.366 5 CIRCLE 0.03 -4. 3.
32.449 5 GPS_INT 485070392 -31588457 411660857 404500845 -37259196 716768 666532 59 -22 41 1089 106 382833500 172 12 3 1
32.449 5 LIDAR 4.1 176 1
32.464 5 INS -622 -752 47027032 -41943 -99614 12559723 18 -16 -385
32.528 5 ROTORCRAFT_FP -752 -622 -47027332 -48 -20 -6127 -12774 44 986 0 0 0 0 384 0
32.608 5 CIRCLE 0.03 -4. 3.
32.698 5 GPS_INT 485070402 -31588460 411660861 404500842 -37259199 716871 666635 53 8 32 1090 102 382833750 172 12 3 1
32.724 5 INS -629 -760 47028532 -52428 57671 12512190 3 -14 -385
32.724 5 ROVER_STATUS 0 63 3 0 1 983 7.833031
32.772 5 ROTORCRAFT_FP -760 -629 -47028832 28 -25 -6104 -12773 44 987 0 0 0 0 384 0
32.804 5 ALIVE 53,218,81,70,62,199,115,110,109,98,53,234,26,129,160,165
32.804 5 DL_VALUE 40 0.
32.851 5 CIRCLE 0.03 -4. 3.
32.947 5 GPS_INT 485070439 -31588469 411660882 404500834 -37259207 717299 667063 62 -9 23 1091 113 382834000 172 12 3 1
32.963 5 INS -652 -775 47030032 -125829 -26214 12465331 9 18 -394
32.978 5 DATALINK_REPORT 980 0 25196 1096 0 0
32.993 5 LINK_REPORT 5 -1 33 0 32599 778 0 1099. 25. 6 -1.6590036122e+12
33.026 5 ROTORCRAFT_FP -775 -652 -47030332 -12 -61 -6081 -12773 44 987 0 0 0 0 384 0
33.058 5 UART_ERRORS 0 0 0 4
33.106 5 CIRCLE 0.03 -4. 3.
33.196 5 GPS_INT 485070466 -31588481 411660892 404500825 -37259219 717566 667330 70 -34 17 1091 119 382834250 172 12 3 1
33.212 5 INS -678 -801 47031532 -178257 -157286 12417437 2 -36 -347
33.276 5 ROTORCRAFT_FP -801 -678 -47031832 -76 -87 -6058 -12773 44 987 0 0 0 0 384 0
33.366 5 WP_MOVED_ENU 12 -10160 -10329 2560
33.367 5 IMU_MAG_RAW 0 0 0
33.367 5 CIRCLE 0.03 -4. 3.
33.445 5 GPS_INT 485070469 -31588487 411660884 404500818 -37259226 717549 667312 62 -14 13 1093 122 382834500 172 12 3 1
33.446 5 LIDAR 4.1 176 1
33.460 5 INS -698 -816 47033032 -162529 -52428 12369514 20 -4 -376
33.476 5 ROTORCRAFT_NAV_STATUS 969 969 0. 0. 3 0 2
33.524 5 ROTORCRAFT_FP -816 -698 -47033332 -25 -79 -6035 -12773 44 988 0 0 0 0 384 0
33.604 5 CIRCLE 0.03 -4. 3.
33.694 5 GPS_INT 485070456 -31588485 411660875 404500819 -37259225 717389 667153 19 17 31 1094 87 382834750 172 12 3 1
33.695 5 SVINFO 16 65 13 4 22 28 41
33.710 5 INS -696 -814 47034532 62914 94371 12321569 11 9 -403
33.869 5 CIRCLE 0.03 -4. 3.
33.917 5 ROVER_STATUS 0 63 3 0 1 984 7.8242
33.918 5 DL_VALUE 41 0.
33.944 5 GPS_INT 485070439 -31588481 411660861 404500819 -37259222 717168 666932 26 1 9 1093 110 382835000 191 11 3 1
33.959 5 INS -693 -806 47036032 -52428 10485 12274988 15 -1 -356
33.994 5 LINK_REPORT 5 -1 34 0 33569 801 0 970. 23. 6 -1.6590036122e+12
34.023 5 ROTORCRAFT_FP -806 -693 -47036332 5 -25 -5988 -12773 44 988 0 0 0 0 384 0
34.103 5 CIRCLE 0.03 -4. 3.
34.151 5 ENERGY 4 7.8242 0.3 2.34726 0.346596 2.640696
34.193 5 GPS_INT 485070441 -31588488 411660865 404500821 -37259229 717210 666974 11 -24 38 1094 99 382835250 191 11 3 1
34.209 5 INS -691 -824 47037532 104857 -125829 12227409 15 14 -351
34.273 5 ROTORCRAFT_FP -824 -691 -47037832 -61 51 -5965 -12773 44 988 0 0 0 0 384 0
34.274 5 STATE_FILTER_STATUS 6 3 0
34.352 5 IMU_MAG_RAW 0 0 0
34.353 5 CIRCLE 0.03 -4. 3.
34.448 5 GPS_INT 485070452 -31588495 411660869 404500817 -37259236 717325 667089 37 -6 6 1096 120 382835500 191 11 3 1
34.449 5 LIDAR 4.1 176 1
34.464 5 INS -701 -839 47039032 -104857 -20971 12178713 8 -22 -385
34.522 5 ROTORCRAFT_FP -839 -701 -47039332 -10 -51 -5941 -12773 44 988 0 0 0 0 384 0
34.602 5 CIRCLE 0.03 -4. 3.
34.649 5 WP_MOVED_ENU 13 -10329 10160 2560
34.691 5 GPS_INT 485070451 -31588499 411660870 404500818 -37259242 717330 667094 16 -14 41 1097 97 382835750 191 11 3 1
34.707 5 INS -698 -849 47040532 104857 -68157 12130348 25 -3 -371
34.755 5 I2C_ERRORS 0 0 62824 0 0 0 0 0 0 0 0 1
34.772 5 ROTORCRAFT_FP -849 -698 -47040832 -33 51 -5918 -12773 44 988 0 0 0 0 384 0
34.851 5 CIRCLE 0.03 -4. 3.
