4.741 5 ROTORCRAFT_FP -2247 3456 -29040682 15728 10485 123811456 -12768 47 -1572 0 0 0 0 0 0
4.741 5 AUTOPILOT_VERSION 60200 v6.2_unstable-101-g8a957fd0a-dirty
4.756 5 DL_VALUE 5 1.
4.804 5 WP_MOVED_ENU 0 0 0 2560
4.804 5 IMU_MAG_RAW 0 0 0
4.897 5 GPS_INT 485069388 -31588970 411662094 404502259 -37259877 717427 667191 -43 23 -35 957 94 383508250 179 7 3 1
4.898 5 LIDAR 4.11 168 1
4.927 5 INS 3397 -2229 29028596 10485 104857 -123853776 -6 10 -419
4.927 5 STATE_FILTER_STATUS 6 3 0
4.971 5 LINK_REPORT 5 -1 5 0 3873 87 0 1044. 24. 0 0.
4.977 5 ROTORCRAFT_FP -2229 3397 -29025572 104857 10485 123864520 -12767 47 -1572 0 0 0 0 0 0
4.978 5 ROVER_STATUS 2 0 3 4 0 1660 7.797707
5.147 5 GPS_INT 485069410 -31588966 411662088 404502242 -37259871 717558 667321 -50 12 -29 949 93 383508500 179 7 3 1
5.147 5 SVINFO 1 3 15 4 22 14 208
5.162 5 INS 3348 -2216 29013478 52428 41943 -123906904 -9 -25 -424
5.226 5 ROTORCRAFT_FP -2216 3348 -29010452 41943 52428 123917616 -12767 47 -1573 0 0 0 0 0 0
5.411 5 GPS_INT 485069441 -31588965 411662088 404502224 -37259866 717786 667550 -40 21 -33 942 93 383508750 179 7 3 1
5.412 5 SVINFO 2 8 15 7 27 84 11
5.414 5 DATALINK_REPORT 1657 0 39794 985 0 0
5.414 5 INS 3297 -2209 28998344 5242 94371 -123960416 -12 -5 -414
5.475 5 ROTORCRAFT_FP -2209 3297 -28995314 94371 5242 123971104 -12768 47 -1574 0 0 0 0 0 0
5.649 5 GPS_INT 485069469 -31588962 411662084 404502204 -37259861 717974 667738 -31 15 -41 936 92 383509000 179 7 3 1
5.650 5 SVINFO 3 10 15 6 27 32 47
5.664 5 INS 3243 -2196 28983194 -57671 62914 -124013456 -11 12 -428
5.726 5 ROTORCRAFT_FP -2196 3243 -28980164 62914 -57671 124024352 -12767 47 -1575 0 0 0 0 0 0
5.727 5 ROTORCRAFT_NAV_STATUS 1024 1024 0. 0. 3 0 2
5.805 5 IMU_MAG_RAW 0 0 0
5.853 5 DL_VALUE 6 4.
5.895 5 GPS_INT 485069500 -31588963 411662078 404502183 -37259860 718169 667933 -11 0 -40 930 96 383509250 179 7 3 1
5.896 5 SVINFO 4 14 15 4 26 12 321
5.896 5 LIDAR 4.1 168 1
5.911 5 INS 3179 -2193 28968044 -125829 -5242 -124066832 -22 12 -437
5.972 5 LINK_REPORT 5 -1 6 0 4855 109 0 982. 22. 1 -1.65900428955e+12
5.975 5 ROTORCRAFT_FP -2193 3179 -28965014 -5242 -125829 124077360 -12767 47 -1575 0 0 0 0 0 0
6.102 5 WP_MOVED_ENU 1 0 0 2560
6.135 5 GPS_INT 485069529 -31588964 411662077 404502165 -37259859 718385 668149 -28 6 -26 924 91 383509500 179 7 3 1
6.166 5 INS 3130 -2191 28952894 -10485 20971 -124119760 -2 34 -422
6.225 5 ROTORCRAFT_FP -2191 3130 -28949864 20971 -10485 124130752 -12767 47 -1574 0 0 0 0 0 0
6.394 5 GPS_INT 485069548 -31588963 411662071 404502150 -37259856 718487 668251 -20 6 -28 919 92 383509750 179 7 3 1
6.395 5 SVINFO 6 21 15 4 18 64 303
6.410 5 INS 3087 -2186 28937742 -47185 20971 -124172232 -1 -3 -390
6.554 5 ALIVE 53,218,81,70,62,199,115,110,109,98,53,234,26,129,160,165
6.634 5 GPS_INT 485069567 -31588960 411662065 404502135 -37259851 718597 668361 -23 15 -26 914 92 383510000 179 7 3 1
6.649 5 INS 3043 -2176 28922586 -26214 68157 -124225424 7 -12 -399
6.714 5 ROTORCRAFT_FP -2176 3043 -28919554 68157 -26214 124236432 -12767 47 -1572 0 0 0 0 0 0
6.793 5 IMU_MAG_RAW 0 0 0
6.889 5 GPS_INT 485069589 -31588956 411662063 404502121 -37259845 718744 668507 -26 10 -20 909 92 383510250 179 7 3 1
6.890 5 LIDAR 4.12 168 1
6.905 5 INS 3005 -2160 28907428 10485 41943 -124279208 6 26 -418
6.969 5 ROTORCRAFT_FP -2160 3005 -28904394 41943 10485 124290032 -12767 47 -1571 0 0 0 0 0 0
6.970 5 DL_VALUE 7 1.
6.972 5 LINK_REPORT 5 -1 7 0 5754 127 0 899. 18. 1 -1.65900428955e+12
7.097 5 ENERGY 0 7.806538 0.4 3.122615 0.412515 3.155811
7.141 5 GPS_INT 485069603 -31588950 411662057 404502108 -37259837 718813 668577 -26 14 -21 905 93 383510500 179 7 3 1
7.142 5 SVINFO 9 27 15 7 29 49 117
7.157 5 INS 2969 -2145 28892254 5242 62914 -124332288 10 9 -408
7.317 5 ROTORCRAFT_NAV_STATUS 1024 1024 0. 0. 3 0 2
7.381 5 GPS_INT 485069624 -31588946 411662053 404502094 -37259831 718941 668705 -19 8 -30 901 93 383510750 179 7 3 1
7.396 5 WP_MOVED_ENU 2 7 -1024 2560
7.412 5 INS 2928 -2129 28877062 -57671 31457 -124384872 12 12 -399
7.413 5 UART_ERRORS 0 7 38 1
7.470 5 ROTORCRAFT_FP -2129 2928 -28874024 31457 -57671 124395168 -12767 47 -1572 0 0 0 0 0 0
7.640 5 GPS_INT 485069639 -31588942 411662045 404502080 -37259825 718996 668759 -18 12 -20 898 93 383511000 179 7 3 1
7.641 5 SVINFO 11 32 4 4 19 22 96
7.656 5 INS 2887 -2117 28861864 -20971 52428 -124437880 22 -12 -429
7.718 5 ROTORCRAFT_FP -2117 2887 -28858824 52428 -20971 124448256 -12767 47 -1573 0 0 0 0 0 0
7.797 5 IMU_MAG_RAW 0 0 0
7.888 5 GPS_INT 485069656 -31588939 411662039 404502066 -37259820 719085 668849 -21 5 -30 895 93 383511250 179 7 3 1
7.889 5 LIDAR 4.13 168 1
7.903 5 INS 2849 -2106 28846664 -52428 15728 -124490320 -8 -11 -415
7.968 5 ROTORCRAFT_FP -2106 2849 -28843624 15728 -52428 124500952 -12768 47 -1573 0 0 0 0 0 0
7.973 5 LINK_REPORT 5 -1 8 0 6637 146 0 883. 19. 1 -1.65900428955e+12
8.047 5 DL_VALUE 8 4.
8.111 5 STATE_FILTER_STATUS 6 3 0
8.140 5 GPS_INT 485069665 -31588934 411662026 404502052 -37259814 719076 668839 -27 9 -17 892 94 383511500 179 7 3 1
8.157 5 INS 2808 -2094 28831464 20971 36700 -124542720 18 -12 -405
8.216 5 ROTORCRAFT_FP -2094 2808 -28828424 36700 20971 124553200 -12768 47 -1572 0 0 0 0 0 0
8.387 5 GPS_INT 485069682 -31588933 411662014 404502034 -37259811 719124 668888 -6 -11 -43 888 99 383511750 179 7 3 1
8.402 5 INS 2757 -2086 28816264 -157286 -62914 -124594912 -25 12 -423
8.466 5 ROTORCRAFT_FP -2086 2757 -28813224 -62914 -157286 124605304 -12767 47 -1572 0 0 0 0 0 0
8.561 5 ROVER_STATUS 2 0 3 4 0 1663 7.797707
8.635 5 GPS_INT 485069702 -31588933 411662010 404502019 -37259809 719250 669013 -24 6 -21 886 94 383512000 179 7 3 1
8.636 5 SVINFO 15 65 12 4 24 25 36
8.662 5 ALIVE 53,218,81,70,62,199,115,110,109,98,53,234,26,129,160,165
8.663 5 INS 2716 -2083 28801064 -5242 20971 -124647472 -3 3 -438
8.693 5 WP_MOVED_ENU 3 -762 -775 2560
8.720 5 ROTORCRAFT_FP -2083 2716 -28798022 20971 -5242 124657800 -12768 47 -1571 0 0 0 0 0 0
8.783 5 IMU_MAG_RAW 0 0 0
8.894 5 GPS_INT 485069712 -31588927 411661993 404502002 -37259801 719208 668972 -24 11 -39 883 94 383512250 179 7 3 1
8.896 5 SVINFO 16 66 12 6 27 48 107
8.897 5 LIDAR 4.14 168 1
8.909 5 INS 2667 -2065 28785858 -73400 47185 -124698968 6 -18 -353
8.910 5 ROTORCRAFT_NAV_STATUS 1024 1024 0. 0. 3 0 2
8.958 5 ROTORCRAFT_FP -2065 2667 -28782816 47185 -73400 124709552 -12767 47 -1571 0 0 0 0 0 0
8.975 5 LINK_REPORT 5 -1 9 0 7626 168 0 989. 22. 1 -1.65900428955e+12
9.133 5 GPS_INT 485069729 -31588923 411661993 404501992 -37259795 719336 669100 -32 15 -12 881 97 383512500 179 7 3 1
9.158 5 INS 2639 -2053 28770632 62914 62914 -124751680 -10 27 -447
9.159 5 DL_VALUE 9 0.
9.207 5 ROTORCRAFT_FP -2053 2639 -28767586 62914 62914 124762352 -12767 47 -1572 0 0 0 0 0 0
9.382 5 GPS_INT 485069744 -31588916 411661985 404501978 -37259786 719395 669159 -13 5 -26 879 96 383512750 179 7 3 1
9.398 5 INS 2600 -2032 28755392 -62914 20971 -124804968 28 2 -428
9.473 5 ROTORCRAFT_FP -2032 2600 -28752342 20971 -62914 124815600 -12767 47 -1573 0 0 0 0 0 0
9.473 5 INS_REF 485069569 -31588109 411660456 404501063 -37258851 707753 657517 0.
9.584 5 ENERGY 0 7.797707 0.3 2.339312 0.412789 3.157945
9.632 5 GPS_INT 485069753 -31588908 411661966 404501961 -37259776 719338 669102 -9 4 -33 877 98 383513000 179 7 3 1
9.633 5 SVINFO 19 79 12 4 26 23 232
9.648 5 INS 2549 -2012 28740144 -104857 15728 -124857368 -7 5 -428
9.712 5 ROTORCRAFT_FP -2012 2549 -28737094 15728 -104857 124867920 -12767 47 -1574 0 0 0 0 0 0
9.744 5 ROVER_STATUS 2 0 3 4 0 1665 7.797707
9.792 5 IMU_MAG_RAW 0 0 0
9.881 5 GPS_INT 485069764 -31588901 411661953 404501945 -37259767 719339 669103 -15 8 -36 876 96 383513250 179 7 3 1
9.882 5 LIDAR 4.1 168 1
9.897 5 INS 2506 -1991 28724896 -94371 36700 -124909520 -16 34 -432
9.961 5 ROTORCRAFT_FP -1991 2506 -28721846 36700 -94371 124920048 -12767 47 -1575 0 0 0 0 0 0
9.975 5 LINK_REPORT 5 -1 10 0 8572 187 0 946. 19. 1 -1.65900428955e+12
9.993 5 WP_MOVED_ENU 4 -504 -1029 2560
10.121 5 GPS_INT 485069776 -31588895 411661944 404501932 -37259759 719364 669127 -24 6 -26 874 93 383513500 179 7 3 1
10.152 5 INS 2470 -1973 28709646 -20971 20971 -124962392 2 1 -409
10.211 5 ROTORCRAFT_FP -1973 2470 -28706596 20971 -20971 124973136 -12767 47 -1573 0 0 0 0 0 0
10.242 5 DL_VALUE 10 6.
10.380 5 GPS_INT 485069793 -31588889 411661946 404501924 -37259751 719501 669265 -26 11 -19 873 93 383513750 179 7 3 1
10.381 5 SVINFO 22 82 12 4 19 37 310
10.396 5 INS 2444 -1955 28694394 10485 47185 -125016344 13 -24 -404
10.458 5 ROTORCRAFT_FP -1955 2444 -28691344 47185 10485 125026336 -12767 46 -1573 0 0 0 0 0 0
10.490 5 UART_ERRORS 0 0 1 2
10.506 5 UART_ERRORS 0 1 0 3
10.506 5 UART_ERRORS 0 0 0 4
10.506 5 ROTORCRAFT_NAV_STATUS 1024 1024 0. 0. 3 0 2
10.628 5 GPS_INT 485069806 -31588883 411661944 404501915 -37259742 719591 669354 -28 14 -22 871 93 383514000 179 7 3 1
10.644 5 INS 2421 -1937 28679142 5242 62914 -125067800 30 8 -452
10.708 5 ROTORCRAFT_FP -1937 2421 -28676090 62914 5242 125078168 -12767 47 -1574 0 0 0 0 0 0
10.739 5 ALIVE 53,218,81,70,62,199,115,110,109,98,53,234,26,129,160,165
10.787 5 IMU_MAG_RAW 0 0 0
10.878 5 GPS_INT 485069823 -31588876 411661944 404501906 -37259733 719713 669476 -15 8 -24 870 94 383514250 179 7 3 1
10.878 5 LIDAR 4.11 168 1
10.893 5 INS 2393 -1917 28663882 -47185 36700 -125119880 -2 5 -414
10.957 5 ROTORCRAFT_FP -1917 2393 -28660826 36700 -47185 125130608 -12767 47 -1575 0 0 0 0 0 0
10.958 5 ROVER_STATUS 2 0 3 4 0 1666 7.797707
10.975 5 LINK_REPORT 5 -1 11 0 9583 210 0 1011. 23. 2 -1.65900429455e+12
11.149 5 INS 2378 -1899 28648602 47185 47185 -125172592 15 -19 -404
11.207 5 ROTORCRAFT_FP -1899 2378 -28645546 47185 47185 125183320 -12767 47 -1575 0 0 0 0 0 0
11.286 5 WP_MOVED_ENU 5 519 -1021 2560
11.302 5 STATE_FILTER_STATUS 6 3 0
11.334 5 DL_VALUE 11 0.
11.366 5 SVINFO 1 3 15 4 20 14 208
11.398 5 INS 2324 -1868 28633316 -104857 36700 -125225280 -20 -10 -419
11.456 5 ROTORCRAFT_FP -1868 2324 -28630258 36700 -104857 125235872 -12767 47 -1576 0 0 0 0 0 0
11.626 5 GPS_INT 485069825 -31588850 411661888 404501867 -37259703 719349 669112 -50 3 -54 871 106 383515000 179 7 3 1
11.627 5 SVINFO 2 8 15 7 25 84 12
11.642 5 INS 2283 -1850 28618020 -47185 -5242 -125278032 -24 -8 -419
11.705 5 ROTORCRAFT_FP -1850 2283 -28614960 -5242 -47185 125288232 -12767 47 -1575 0 0 0 0 0 0
11.784 5 IMU_MAG_RAW 0 0 0
11.874 5 GPS_INT 485069827 -31588846 411661869 404501853 -37259698 719240 669004 -42 4 -61 872 104 383515250 179 7 3 1
11.875 5 LIDAR 4.11 168 1
11.890 5 INS 2245 -1840 28602720 -104857 5242 -125330552 -16 26 -413
11.954 5 ROTORCRAFT_FP -1840 2245 -28599660 5242 -104857 125341424 -12767 47 -1575 0 0 0 0 0 0
11.977 5 LINK_REPORT 5 -1 12 0 10350 227 0 767. 17. 2 -1.65900429455e+12
12.082 5 ENERGY 0 7.797707 0.275 2.144369 0.413056 3.16003
12.098 5 ROTORCRAFT_NAV_STATUS 1024 1024 0. 0. 3 0 2
12.144 5 GPS_INT 485069825 -31588841 411661845 404501838 -37259692 719063 668827 -55 7 -64 872 102 383515500 179 7 3 1
12.145 5 SVINFO 4 14 15 6 27 12 321
12.145 5 INS 2201 -1827 28587420 -68157 15728 -125382968 12 15 -418
12.145 5 ROVER_STATUS 2 0 3 4 0 1667 7.797707
12.204 5 ROTORCRAFT_FP -1827 2201 -28584360 15728 -68157 125393384 -12766 47 -1575 0 0 0 0 0 0
12.374 5 GPS_INT 485069832 -31588839 411661834 404501827 -37259689 719048 668812 -47 5 -47 873 103 383515750 179 7 3 1
12.389 5 INS 2168 -1822 28572118 -31457 5242 -125437104 6 13 -394
12.452 5 ROTORCRAFT_FP -1822 2168 -28569056 5242 -31457 125447552 -12766 47 -1574 0 0 0 0 0 0
12.453 5 DL_VALUE 12 0.
12.580 5 WP_MOVED_ENU 6 760 1031 2560
12.622 5 GPS_INT 485069843 -31588838 411661819 404501810 -37259686 719031 668794 -5 -19 -49 875 113 383516000 179 7 3 1
12.623 5 SVINFO 6 21 15 4 15 64 303
12.638 5 INS 2122 -1817 28556810 -183500 -104857 -125488944 -7 -21 -376
12.703 5 ROTORCRAFT_FP -1817 2122 -28553746 -104857 -183500 125499600 -12766 47 -1574 0 0 0 0 0 0
12.781 5 IMU_MAG_RAW 0 0 0
12.829 5 ALIVE 53,218,81,70,62,199,115,110,109,98,53,234,26,129,160,165
12.871 5 GPS_INT 485069858 -31588838 411661805 404501792 -37259685 719061 668824 3 -7 -48 876 112 383516250 179 7 3 1
12.872 5 LIDAR 4.11 168 1
12.887 5 INS 2068 -1815 28541500 -204472 -36700 -125541952 1 -13 -404
12.952 5 ROTORCRAFT_FP -1815 2068 -28538434 -36700 -204472 125552688 -12767 47 -1575 0 0 0 0 0 0
12.976 5 LINK_REPORT 5 -1 13 0 11356 249 0 1006. 22. 2 -1.65900429455e+12
13.121 5 GPS_INT 485069860 -31588832 411661771 404501767 -37259679 718852 668615 -9 1 -62 877 110 383516500 179 7 3 1
13.137 5 INS 1999 -1799 28526162 -220200 0 -125594384 23 -11 -438
13.200 5 ROTORCRAFT_FP -1799 1999 -28523096 0 -220200 125604808 -12767 47 -1575 0 0 0 0 0 0
13.343 5 ROVER_STATUS 2 0 3 4 0 1668 7.797707
13.374 5 GPS_INT 485069865 -31588827 411661741 404501744 -37259672 718682 668446 -10 -5 -69 878 111 383516750 179 7 3 1
13.374 5 SVINFO 9 27 15 7 27 49 117
13.389 5 INS 1932 -1786 28510822 -246415 -31457 -125646688 19 2 -409
13.533 5 DL_VALUE 13 0.
13.613 5 GPS_INT 485069866 -31588821 411661720 404501729 -37259665 718560 668324 -43 14 -55 881 109 383517000 179 7 3 1
13.629 5 INS 1891 -1771 28495474 -73400 57671 -125698960 2 -14 -404
13.693 5 ROTORCRAFT_NAV_STATUS 1024 1024 0. 0. 3 0 2
13.773 5 IMU_MAG_RAW 0 0 0
13.868 5 GPS_INT 485069874 -31588815 411661715 404501721 -37259658 718582 668345 -52 11 -40 882 108 383517250 179 7 3 1
13.868 5 SVINFO 11 32 4 4 17 22 96
13.869 5 WP_MOVED_ENU 7 775 -1018 2560
13.897 5 LIDAR 4.12 168 1
13.898 5 INS 1868 -1753 28480124 15728 36700 -125750720 23 -11 -409
13.977 5 LINK_REPORT 5 -1 14 0 12085 266 0 729. 17. 2 -1.65900429455e+12
14.117 5 GPS_INT 485069870 -31588806 411661683 404501702 -37259647 718333 668097 -28 11 -67 884 109 383517500 179 7 3 1
14.133 5 INS 1815 -1730 28464774 -173014 47185 -125804296 -18 -20 -390
14.196 5 ROTORCRAFT_FP -1730 1815 -28461704 47185 -173014 125814872 -12766 47 -1575 0 0 0 0 0 0
14.367 5 GPS_INT 485069882 -31588800 411661674 404501689 -37259639 718370 668134 -26 12 -41 886 107 383517750 179 7 3 1
14.382 5 INS 1779 -1715 28449422 -73400 52428 -125857128 -17 -4 -428
14.446 5 ROTORCRAFT_FP -1715 1779 -28446350 52428 -73400 125868056 -12766 47 -1575 0 0 0 0 0 0
14.493 5 STATE_FILTER_STATUS 6 3 0
14.525 5 INS_REF 485069569 -31588109 411660456 404501063 -37258851 707753 657517 0.
14.541 5 ROVER_STATUS 2 0 3 4 0 1669 7.806538
14.573 5 ENERGY 0 7.806538 0.475 3.708105 0.413334 3.162202
14.616 5 GPS_INT 485069884 -31588794 411661646 404501669 -37259632 718196 667959 -18 -4 -60 888 111 383518000 179 7 3 1
14.617 5 SVINFO 14 136 12 7 31 42 167
14.632 5 DL_VALUE 14 0.
14.696 5 ROTORCRAFT_FP -1699 1720 -28430988 -31457 -183500 125922312 -12766 47 -1576 0 0 0 0 0 0
14.775 5 IMU_MAG_RAW 0 0 0
14.856 5 GPS_INT 485069899 -31588791 411661643 404501658 -37259627 718290 668054 -20 7 -38 889 107 383518250 179 7 3 1
14.871 5 LIDAR 4.14 168 1
14.919 5 ALIVE 53,218,81,70,62,199,115,110,109,98,53,234,26,129,160,165
14.978 5 LINK_REPORT 5 -1 15 0 12909 284 0 824. 18. 2 -1.65900429455e+12
15.111 5 GPS_INT 485069909 -31588783 411661636 404501648 -37259617 718319 668082 -23 21 -31 891 104 383518500 179 7 3 1
15.112 5 SVINFO 16 66 12 6 28 48 107
15.175 5 WP_MOVED_ENU 8 -760 -1031 2560
15.287 5 ROTORCRAFT_NAV_STATUS 1024 1024 0. 0. 3 0 2
15.382 5 INS 1600 -1643 28387910 -241172 -10485 -126071240 20 28 -394
15.444 5 ROTORCRAFT_FP -1643 1600 -28384832 -10485 -241172 126082040 -12766 46 -1576 0 0 0 0 0 0
15.539 5 DATALINK_REPORT 1667 0 40005 961 0 0
15.613 5 GPS_INT 485069908 -31588765 411661568 404501602 -37259596 717862 667626 -29 6 -69 896 112 383519000 202 6 3 1
15.692 5 ROTORCRAFT_FP -1620 1533 -28369434 20971 -178257 126135488 -12766 46 -1577 0 0 0 0 0 0
15.724 5 ROVER_STATUS 2 0 3 4 0 1671 7.797707
15.724 5 DL_VALUE 15 0.
15.771 5 IMU_MAG_RAW 0 0 0
15.804 5 AUTOPILOT_VERSION 60200 v6.2_unstable-101-g8a957fd0a-dirty
15.862 5 GPS_INT 485069918 -31588761 411661560 404501591 -37259590 717885 667648 -36 7 -44 898 109 383519250 179 7 3 1
15.862 5 SVINFO 19 79 12 4 23 23 232
15.863 5 LIDAR 4.11 168 1
15.877 5 INS 1500 -1607 28357114 -52428 20971 -126177592 -1 5 -409
15.942 5 ROTORCRAFT_FP -1607 1500 -28354034 20971 -52428 126188472 -12766 47 -1577 0 0 0 0 0 0
15.978 5 LINK_REPORT 5 -1 16 0 13688 302 0 779. 18. 3 -1.65900429955e+12
16.112 5 GPS_INT 485069935 -31588756 411661569 404501588 -37259583 718064 667828 -36 18 -19 899 107 383519500 179 7 3 1
16.127 5 INS 1489 -1592 28341714 47185 78643 -126232216 -30 -24 -438
16.191 5 ROTORCRAFT_FP -1592 1489 -28338634 78643 47185 126242568 -12766 47 -1577 0 0 0 0 0 0
16.350 5 SVINFO 21 81 12 7 31 56 26
16.382 5 INS 1482 -1576 28326314 41943 36700 -126284632 -11 9 -419
16.440 5 ROTORCRAFT_FP -1576 1482 -28323232 36700 41943 126294832 -12767 47 -1577 0 0 0 0 0 0
16.471 5 WP_MOVED_ENU 9 -775 1018 2560
16.610 5 GPS_INT 485069955 -31588741 411661554 404501567 -37259564 718116 667880 -4 1 -34 903 114 383520000 179 7 3 1
16.611 5 SVINFO 22 82 12 4 11 37 310
16.625 5 INS 1428 -1551 28310906 -125829 0 -126337488 17 -2 -433
16.699 5 ROTORCRAFT_FP -1551 1428 -28307820 0 -125829 126348032 -12766 47 -1577 0 0 0 0 0 0
16.700 5 UART_ERRORS 0 7 38 1
16.700 5 UART_ERRORS 0 0 1 2
16.700 5 UART_ERRORS 0 1 0 3
16.700 5 UART_ERRORS 0 0 0 4
16.763 5 IMU_MAG_RAW 0 0 0
16.826 5 DL_VALUE 16 0.
16.858 5 GPS_INT 485069967 -31588734 411661554 404501560 -37259555 718201 667965 -26 17 -14 905 106 383520250 179 7 3 1
16.859 5 LIDAR 4.1 168 1
16.874 5 INS 1410 -1530 28295478 31457 78643 -126389480 -1 -7 -390
16.889 5 ROTORCRAFT_NAV_STATUS 1024 1024 0. 0. 3 0 2
16.941 5 ROTORCRAFT_FP -1530 1410 -28292390 78643 31457 126400192 -12766 47 -1577 0 0 0 0 0 0
16.941 5 ROVER_STATUS 2 0 3 4 0 1672 7.797707
16.979 5 LINK_REPORT 5 -1 17 0 14640 325 0 952. 23. 3 -1.65900429955e+12
17.017 5 ALIVE 53,218,81,70,62,199,115,110,109,98,53,234,26,129,160,165
17.065 5 ENERGY 0 7.797707 0.425 3.314025 0.413578 3.164098
17.107 5 GPS_INT 485069985 -31588729 411661573 404501563 -37259548 718467 668230 -40 24 15 906 111 383520500 179 7 3 1
17.123 5 INS 1418 -1515 28280038 199229 110100 -126441680 19 28 -389
17.187 5 ROTORCRAFT_FP -1515 1418 -28276948 110100 199229 126452352 -12766 47 -1577 0 0 0 0 0 0
17.283 5 I2C_ERRORS 0 0 15660 0 0 0 0 0 0 0 0 1
17.357 5 GPS_INT 485069982 -31588720 411661558 404501554 -37259537 718331 668095 -28 10 -15 908 108 383520750 179 7 3 1
17.373 5 INS 1395 -1492 28264588 36700 41943 -126495040 5 -18 -442
17.437 5 ROTORCRAFT_FP -1492 1395 -28261498 41943 36700 126505648 -12766 47 -1577 0 0 0 0 0 0
17.607 5 GPS_INT 485069964 -31588707 411661514 404501535 -37259524 717910 667674 -23 2 -55 910 113 383521000 179 7 3 1
17.608 5 SVINFO 1 3 15 4 21 14 208
17.623 5 INS 1341 -1464 28249138 -141557 0 -126548688 2 -11 -452
17.686 5 ROTORCRAFT_FP -1464 1341 -28246048 0 -141557 126559680 -12766 47 -1578 0 0 0 0 0 0
17.687 5 STATE_FILTER_STATUS 6 3 0
17.766 5 WP_MOVED_ENU 10 10160 10329 2560
17.766 5 IMU_MAG_RAW 0 0 0
17.858 5 GPS_INT 485069981 -31588707 411661517 404501527 -37259522 718052 667816 -7 3 -18 912 111 383521250 179 7 3 1
17.859 5 SVINFO 2 8 15 4 22 84 12
17.859 5 LIDAR 4.11 168 1
17.874 5 INS 1318 -1459 28233688 -52428 10485 -126601616 -3 1 -419
17.935 5 ROTORCRAFT_FP -1459 1318 -28230598 10485 -52428 126612168 -12766 47 -1577 0 0 0 0 0 0
17.936 5 DL_VALUE 17 1.
17.980 5 LINK_REPORT 5 -1 18 0 15649 347 0 1009. 22. 3 -1.65900429955e+12
18.105 5 GPS_INT 485069976 -31588701 411661504 404501521 -37259516 717929 667693 -43 13 -13 913 110 383521500 179 7 3 1
18.106 5 SVINFO 3 10 15 7 25 32 47
18.131 5 INS 1303 -1446 28218236 94371 52428 -126654248 -30 11 -375
18.131 5 ROVER_STATUS 2 0 3 4 0 1673 7.797707
18.189 5 ROTORCRAFT_FP -1446 1303 -28215146 52428 94371 126664488 -12766 47 -1576 0 0 0 0 0 0
18.348 5 GPS_INT 485069985 -31588696 411661510 404501521 -37259509 718033 667797 -19 21 -1 914 105 383521750 179 7 3 1
18.380 5 INS 1297 -1431 28202782 62914 99614 -126706992 -21 -1 -457
18.428 5 ROTORCRAFT_FP -1431 1297 -28199688 99614 62914 126717672 -12766 47 -1577 0 0 0 0 0 0
18.476 5 ROTORCRAFT_NAV_STATUS 1024 1024 0. 0. 3 0 2
18.603 5 GPS_INT 485069988 -31588689 411661510 404501519 -37259500 718052 667815 -29 11 4 916 114 383522000 179 7 3 1
18.618 5 INS 1295 -1413 28187318 115343 47185 -126759800 16 36 -427
18.682 5 ROTORCRAFT_FP -1413 1295 -28184224 47185 115343 126769936 -12766 47 -1577 0 0 0 0 0 0
18.762 5 IMU_MAG_RAW 0 0 0
18.852 5 GPS_INT 485069990 -31588683 411661503 404501513 -37259493 718026 667790 -6 13 -5 918 99 383522250 179 7 3 1
18.853 5 SVINFO 6 21 15 4 10 64 303
18.853 5 LIDAR 4.1 168 1
18.868 5 INS 1277 -1397 28171842 0 62914 -126811848 -8 3 -414
18.931 5 ROTORCRAFT_FP -1397 1277 -28168742 62914 0 126822256 -12766 47 -1577 0 0 0 0 0 0
18.980 5 LINK_REPORT 5 -1 19 0 16547 365 0 898. 18. 3 -1.65900429955e+12
19.010 5 DL_VALUE 18 1.
19.058 5 WP_MOVED_ENU 11 10329 -10160 2560
19.101 5 GPS_INT 485069987 -31588677 411661484 404501502 -37259486 717870 667634 -5 -2 -18 920 116 383522500 179 7 3 1
19.116 5 ALIVE 53,218,81,70,62,199,115,110,109,98,53,234,26,129,160,165
19.117 5 INS 1246 -1382 28156348 -57671 -15728 -126863968 3 4 -399
19.180 5 ROTORCRAFT_FP -1382 1246 -28153248 -15728 -57671 126874712 -12766 47 -1577 0 0 0 0 0 0
19.324 5 ROVER_STATUS 2 0 3 4 0 1674 7.797707
19.350 5 GPS_INT 485069982 -31588673 411661450 404501482 -37259483 717616 667380 17 -18 -29 921 118 383522750 179 7 3 1
19.366 5 INS 1190 -1372 28140852 -178257 -89128 -126916936 11 7 -395
19.430 5 ROTORCRAFT_FP -1372 1190 -28137752 -89128 -178257 126927376 -12766 47 -1577 0 0 0 0 0 0
19.558 5 ENERGY 0 7.806538 0.35 2.732288 0.413836 3.166113
19.600 5 GPS_INT 485069993 -31588672 411661447 404501474 -37259480 717672 667435 1 6 -6 923 95 383523000 179 7 3 1
19.600 5 INS_REF 485069569 -31588109 411660456 404501063 -37258851 707753 657517 0.
19.615 5 INS 1164 -1369 28125352 -26214 31457 -126970064 -1 6 -390
19.678 5 ROTORCRAFT_FP -1369 1164 -28122252 31457 -26214 126980536 -12766 47 -1576 0 0 0 0 0 0
19.758 5 IMU_MAG_RAW 0 0 0
19.848 5 GPS_INT 485069998 -31588669 411661449 404501472 -37259475 717731 667495 -22 10 10 925 114 383523250 179 7 3 1
19.849 5 LIDAR 4.12 168 1
19.865 5 INS 1162 -1359 28109852 115343 41943 -127022840 -1 8 -442
19.928 5 ROTORCRAFT_FP -1359 1162 -28106752 41943 115343 127033448 -12766 47 -1576 0 0 0 0 0 0
19.981 5 LINK_REPORT 5 -1 20 0 17528 385 0 981. 20. 3 -1.65900429955e+12
20.072 5 ROTORCRAFT_NAV_STATUS 1024 1024 0. 0. 3 0 2
20.103 5 GPS_INT 485069991 -31588663 411661436 404501467 -37259470 717585 667349 -31 6 -6 926 107 383523500 179 7 3 1
20.104 5 SVINFO 11 32 4 4 22 22 96
20.119 5 DL_VALUE 19 1.
20.343 5 GPS_INT 485069990 -31588660 411661429 404501463 -37259466 717532 667295 -24 8 -7 928 108 383523750 179 7 3 1
20.373 5 WP_MOVED_ENU 12 -10160 -10329 2560
20.374 5 INS 1136 -1338 28078846 52428 31457 -127129912 3 17 -432
20.422 5 ROTORCRAFT_FP -1338 1136 -28075744 31457 52428 127140664 -12765 47 -1577 0 0 0 0 0 0
20.517 5 ROVER_STATUS 2 0 3 4 0 1675 7.797707
20.597 5 GPS_INT 485069984 -31588655 411661410 404501454 -37259461 717360 667124 -22 7 -20 929 108 383524000 179 7 3 1
20.623 5 INS 1111 -1326 28063332 -5242 26214 -127182248 -8 16 -446
20.623 5 DATALINK_REPORT 1672 0 40115 999 0 0
20.673 5 ROTORCRAFT_FP -1326 1111 -28060226 26214 -5242 127192704 -12766 47 -1576 0 0 0 0 0 0
20.750 5 IMU_MAG_RAW 0 0 0
20.846 5 GPS_INT 485069966 -31588648 411661372 404501439 -37259454 716976 666740 -23 -4 -41 931 114 383524250 179 7 3 1
20.846 5 SVINFO 14 136 12 7 32 42 167
20.847 5 LIDAR 4.12 168 4
20.876 5 INS 1067 -1313 28047796 -89128 -31457 -127235056 -5 9 -399
20.877 5 STATE_FILTER_STATUS 6 3 0
20.925 5 ROTORCRAFT_FP -1313 1067 -28044688 -31457 -89128 127245784 -12766 47 -1575 0 0 0 0 0 0
20.981 5 LINK_REPORT 5 -1 21 0 18391 405 0 863. 20. 4 -1.65900430455e+12
21.095 5 GPS_INT 485069972 -31588646 411661371 404501435 -37259452 717008 666772 -22 6 -2 934 110 383524500 179 7 3 1
21.096 5 SVINFO 15 65 12 4 25 25 36
21.111 5 INS 1054 -1305 28032250 62914 20971 -127288088 14 -10 -390
21.175 5 ROTORCRAFT_FP -1305 1054 -28029140 20971 62914 127298632 -12766 46 -1576 0 0 0 0 0 0
21.206 5 ALIVE 53,218,81,70,62,199,115,110,109,98,53,234,26,129,160,165
21.207 5 DL_VALUE 20 80.
21.345 5 GPS_INT 485069954 -31588637 411661336 404501421 -37259442 716641 666405 -16 3 -22 935 110 383524750 179 7 3 1
21.346 5 SVINFO 16 66 12 6 26 48 107
21.361 5 INS 1018 -1285 28016702 -36700 5242 -127342112 26 6 -414
21.424 5 ROTORCRAFT_FP -1285 1018 -28013592 5242 -36700 127352920 -12766 46 -1575 0 0 0 0 0 0
21.594 5 GPS_INT 485069963 -31588635 411661342 404501421 -37259439 716750 666514 -16 9 16 936 118 383525000 179 7 3 1
21.594 5 SVINFO 17 67 4 4 20 20 164
21.609 5 INS 1013 -1280 28001152 115343 36700 -127394984 -17 -5 -404
21.656 5 WP_MOVED_ENU 13 -10329 10160 2560
21.683 5 ROTORCRAFT_FP -1280 1013 -27998040 36700 115343 127405984 -12766 47 -1574 0 0 0 0 0 0
21.684 5 ROTORCRAFT_NAV_STATUS 1024 1024 0. 0. 3 0 2
21.714 5 ROVER_STATUS 2 0 3 4 0 1677 7.797707
21.747 5 IMU_MAG_RAW 0 0 0
21.843 5 GPS_INT 485069958 -31588632 411661328 404501414 -37259436 716619 666383 -3 -7 -13 938 113 383525250 179 7 3 1
21.844 5 LIDAR 4.1 168 9
21.859 5 INS 995 -1272 27985600 -47185 -41943 -127448648 -11 -17 -423
21.923 5 ROTORCRAFT_FP -1272 995 -27982490 -41943 -47185 127458688 -12766 47 -1575 0 0 0 0 0 0
21.982 5 LINK_REPORT 5 -1 22 0 19384 427 0 993. 22. 4 -1.65900430455e+12
22.050 5 ENERGY 0 7.806538 0.4 3.122615 0.414107 3.168231
22.092 5 GPS_INT 485069948 -31588626 411661301 404501402 -37259429 716367 666130 0 4 -16 940 116 383525500 179 7 3 1
22.093 5 SVINFO 19 79 12 4 22 23 232
22.172 5 ROTORCRAFT_FP -1259 960 -27966936 15728 -68157 127511992 -12766 47 -1576 0 0 0 0 0 0
22.300 5 DL_VALUE 21 80.
22.332 5 GPS_INT 485069956 -31588624 411661302 404501398 -37259426 716429 666193 -3 17 6 942 100 383525750 179 7 3 1
22.364 5 INS 949 -1251 27954488 36700 83886 -127554184 -2 7 -414
22.587 5 GPS_INT 485069971 -31588625 411661323 404501403 -37259426 716681 666444 -9 9 38 944 122 383526000 179 7 3 1
22.603 5 INS 965 -1251 27939538 183500 41943 -127605712 -8 -7 -419
22.667 5 ROTORCRAFT_FP -1251 965 -27935796 41943 183500 127618216 -12766 47 -1576 0 0 0 0 0 0
22.747 5 IMU_MAG_RAW 0 0 0
22.840 5 GPS_INT 485069974 -31588624 411661327 404501404 -37259425 716727 666491 -8 4 21 945 115 383526250 179 7 3 1
22.841 5 SVINFO 22 82 12 0 0 37 310
22.841 5 LIDAR 4.11 168 1
22.855 5 UART_ERRORS 0 7 38 1
22.856 5 UART_ERRORS 0 0 1 2
22.856 5 UART_ERRORS 0 1 0 3
22.920 5 ROTORCRAFT_FP -1249 967 -27920206 15728 110100 127670856 -12766 47 -1577 0 0 0 0 0 0
22.921 5 ROVER_STATUS 2 0 3 4 0 1678 7.797707
22.951 5 WP_MOVED_ENU 0 0 0 2560
22.982 5 LINK_REPORT 5 -1 23 0 20223 447 0 839. 20. 4 -1.65900430455e+12
23.089 5 GPS_INT 485069975 -31588622 411661311 404501393 -37259423 716632 666396 37 -12 0 947 110 383526500 179 7 3 1
23.105 5 INS 936 -1244 27907726 -131071 -52428 -127712368 15 -4 -414
23.168 5 ROTORCRAFT_FP -1244 936 -27904606 -52428 -131071 127723064 -12765 47 -1577 0 0 0 0 0 0
23.264 5 ROTORCRAFT_NAV_STATUS 1024 1024 0. 0. 3 0 2
23.296 5 ALIVE 53,218,81,70,62,199,115,110,109,98,53,234,26,129,160,165
23.338 5 GPS_INT 485069988 -31588625 411661318 404501390 -37259426 716783 666546 12 -5 35 949 112 383526750 179 7 3 1
23.353 5 INS 926 -1249 27892126 94371 -26214 -127764912 -1 -2 -414
23.418 5 ROTORCRAFT_FP -1249 926 -27889006 -26214 94371 127775912 -12765 47 -1577 0 0 0 0 0 0
23.419 5 DL_VALUE 22 0.
23.588 5 GPS_INT 485069989 -31588626 411661307 404501382 -37259426 716718 666482 23 -18 18 950 103 383527000 179 7 3 1
23.603 5 INS 903 -1251 27876526 -10485 -89128 -127817584 -5 11 -404
23.837 5 GPS_INT 485069996 -31588629 411661314 404501382 -37259429 716813 666577 8 -5 45 951 114 383527250 179 7 3 1
23.838 5 LIDAR 4.12 168 1
23.853 5 INS 906 -1259 27860926 146800 -26214 -127869808 0 23 -389
23.916 5 ROTORCRAFT_FP -1259 906 -27857806 -26214 146800 127880664 -12765 47 -1577 0 0 0 0 0 0
23.983 5 LINK_REPORT 5 -1 24 0 21007 462 0 784. 15. 4 -1.65900430455e+12
24.059 5 STATE_FILTER_STATUS 6 3 0
24.089 5 GPS_INT 485069995 -31588629 411661306 404501377 -37259430 716758 666522 37 -18 41 953 107 383527500 179 7 3 1
24.089 5 SVINFO 2 8 15 4 20 84 12
24.104 5 ROVER_STATUS 2 0 3 4 0 1679 7.797707
24.248 5 WP_MOVED_ENU 1 0 0 2560
24.338 5 GPS_INT 485070004 -31588630 411661311 404501376 -37259430 716860 666624 31 2 48 956 112 383527750 179 7 3 1
24.353 5 INS 888 -1259 27829712 83886 20971 -127975864 1 -13 -414
24.415 5 ROTORCRAFT_FP -1259 888 -27826586 20971 83886 127986344 -12765 47 -1577 0 0 0 0 0 0
24.494 5 DL_VALUE 23 1.
24.542 5 ENERGY 0 7.797707 0.275 2.144369 0.414385 3.170392
24.585 5 GPS_INT 485070007 -31588628 411661301 404501367 -37259428 716812 666576 46 -5 35 957 107 383528000 179 7 3 1
24.600 5 INS 862 -1254 27814086 -20971 -15728 -128029608 11 0 -442
24.663 5 ROTORCRAFT_FP -1254 862 -27810960 -15728 -20971 128040312 -12765 47 -1576 0 0 0 0 0 0
24.679 5 INS_REF 485069569 -31588109 411660456 404501063 -37258851 707753 657517 0.
24.743 5 IMU_MAG_RAW 0 0 0
24.833 5 GPS_INT 485070005 -31588630 411661290 404501361 -37259429 716727 666491 14 -16 27 958 107 383528250 179 7 3 1
24.834 5 LIDAR 4.12 168 1
24.849 5 INS 844 -1259 27798444 52428 -83886 -128082880 5 11 -385
24.865 5 ROTORCRAFT_NAV_STATUS 1024 1024 0. 0. 3 0 2
24.913 5 ROTORCRAFT_FP -1259 844 -27795316 -83886 52428 128093136 -12765 47 -1575 0 0 0 0 0 0
24.984 5 LINK_REPORT 5 -1 25 0 21904 482 0 897. 20. 4 -1.65900430455e+12
25.083 5 GPS_INT 485070021 -31588641 411661319 404501370 -37259441 717041 666804 7 -11 58 959 113 383528500 179 7 3 1
25.083 5 SVINFO 6 21 15 4 11 64 303
25.098 5 INS 872 -1285 27782796 204472 -57671 -128134784 0 -2 -433
25.163 5 ROTORCRAFT_FP -1285 872 -27779668 -57671 204472 128145744 -12765 47 -1576 0 0 0 0 0 0
25.290 5 ROVER_STATUS 2 0 3 4 0 1680 7.797707
25.322 5 GPS_INT 485070005 -31588645 411661295 404501363 -37259447 716765 666529 31 -14 19 961 108 383528750 179 7 3 1
25.354 5 INS 852 -1297 27767150 -36700 -62914 -128187968 -3 -11 -414
25.386 5 ALIVE 53,218,81,70,62,199,115,110,109,98,53,234,26,129,160,165
25.416 5 ROTORCRAFT_FP -1297 852 -27764020 -62914 -36700 128198352 -12765 47 -1576 0 0 0 0 0 0
25.543 5 WP_MOVED_ENU 2 7 -1024 2560
25.585 5 GPS_INT 485069992 -31588649 411661269 404501353 -37259454 716502 666266 36 -15 2 962 108 383529000 179 7 3 1
25.601 5 INS 824 -1310 27751500 -120586 -68157 -128240152 20 5 -385
25.601 5 DL_VALUE 24 1.
25.660 5 ROTORCRAFT_FP -1310 824 -27748368 -68157 -120586 128250224 -12765 47 -1577 0 0 0 0 0 0
25.691 5 DATALINK_REPORT 1677 0 40222 973 0 0
25.740 5 IMU_MAG_RAW 0 0 0
25.830 5 GPS_INT 485069981 -31588653 411661243 404501342 -37259459 716250 666014 16 -12 1 963 107 383529250 179 7 3 1
25.831 5 SVINFO 9 27 15 7 30 49 117
25.831 5 LIDAR 4.08 168 1
25.846 5 INS 791 -1323 27735846 -57671 -57671 -128292160 -10 0 -399
25.910 5 ROTORCRAFT_FP -1323 791 -27732716 -57671 -57671 128302496 -12766 47 -1577 0 0 0 0 0 0
25.942 5 UART_ERRORS 0 0 0 4
25.985 5 LINK_REPORT 5 -1 26 0 22892 504 0 988. 22. 5 -1.65900430955e+12
26.080 5 GPS_INT 485069986 -31588659 411661254 404501346 -37259465 716365 666129 4 8 34 964 114 383529500 179 7 3 1
26.095 5 INS 803 -1336 27720196 120586 41943 -128344112 20 20 -398
26.159 5 ROTORCRAFT_FP -1336 803 -27717064 41943 120586 128354608 -12765 47 -1577 0 0 0 0 0 0
26.328 5 GPS_INT 485069976 -31588662 411661237 404501340 -37259470 716181 665945 26 -7 17 965 107 383529750 179 7 3 1
26.329 5 SVINFO 11 32 4 4 21 22 96
26.344 5 INS 785 -1346 27704536 -26214 -31457 -128396488 0 -3 -404
26.408 5 ROTORCRAFT_FP -1346 785 -27701402 -31457 -26214 128407120 -12765 47 -1576 0 0 0 0 0 0
26.456 5 ROTORCRAFT_NAV_STATUS 1024 1024 0. 0. 3 0 2
26.487 5 ROVER_STATUS 2 0 3 4 0 1681 7.797707
26.578 5 GPS_INT 485069955 -31588663 411661201 404501328 -37259472 715781 665545 36 -13 -6 966 111 383530000 179 7 3 1
26.593 5 INS 750 -1351 27688860 -152043 -57671 -128448240 7 0 -399
26.656 5 ROTORCRAFT_FP -1351 750 -27685722 -57671 -152043 128459008 -12765 47 -1575 0 0 0 0 0 0
26.688 5 DL_VALUE 25 0.
26.736 5 IMU_MAG_RAW 0 0 0
26.826 5 GPS_INT 485069934 -31588664 411661167 404501317 -37259475 715407 665170 6 -2 -8 966 116 383530250 179 7 3 1
26.827 5 WP_MOVED_ENU 3 -762 -775 2560
26.857 5 LIDAR 4.12 168 1
26.857 5 INS 719 -1359 27673170 -57671 -10485 -128501520 -44 5 -414
26.859 5 AUTOPILOT_VERSION 60200 v6.2_unstable-101-g8a957fd0a-dirty
26.905 5 ROTORCRAFT_FP -1359 719 -27670030 -10485 -57671 128512384 -12765 47 -1576 0 0 0 0 0 0
26.986 5 LINK_REPORT 5 -1 27 0 23865 524 0 973. 20. 5 -1.65900430955e+12
27.032 5 ENERGY 0 7.797707 0.4 3.119083 0.414652 3.172477
27.076 5 GPS_INT 485069935 -31588668 411661167 404501316 -37259480 715423 665187 18 -1 24 966 109 383530500 179 7 3 1
27.091 5 INS 716 -1369 27657470 31457 0 -128554784 -16 30 -394
27.155 5 ROTORCRAFT_FP -1369 716 -27654330 0 31457 128565456 -12765 46 -1575 0 0 0 0 0 0
27.251 5 STATE_FILTER_STATUS 6 3 0
27.325 5 GPS_INT 485069937 -31588673 411661173 404501318 -37259486 715473 665237 13 1 36 966 113 383530750 179 7 3 1
27.341 5 INS 724 -1379 27641770 99614 5242 -128607936 15 4 -452
27.404 5 ROTORCRAFT_FP -1379 724 -27638630 5242 99614 128618272 -12765 46 -1574 0 0 0 0 0 0
27.483 5 ALIVE 53,218,81,70,62,199,115,110,109,98,53,234,26,129,160,165
27.574 5 GPS_INT 485069928 -31588678 411661162 404501315 -37259493 715337 665101 9 -12 16 967 108 383531000 179 7 3 1
27.574 5 SVINFO 16 66 12 7 27 48 107
27.589 5 INS 716 -1395 27626070 26214 -62914 -128659744 -29 -9 -433
27.653 5 ROTORCRAFT_FP -1395 716 -27622930 -62914 26214 128669808 -12764 47 -1575 0 0 0 0 0 0
27.684 5 ROVER_STATUS 2 0 3 4 0 1683 7.797707
27.733 5 IMU_MAG_RAW 0 0 0
27.780 5 DL_VALUE 26 0.
27.823 5 GPS_INT 485069924 -31588684 411661151 404501311 -37259499 715239 665003 15 -14 1 967 111 383531250 179 7 3 1
27.823 5 LIDAR 4.13 168 1
27.986 5 LINK_REPORT 5 -1 28 0 24693 542 0 828. 18. 5 -1.65900430955e+12
28.046 5 ROTORCRAFT_NAV_STATUS 1024 1024 0. 0. 3 0 2
28.076 5 GPS_INT 485069921 -31588687 411661149 404501311 -37259504 715207 664970 -3 11 28 968 123 383531500 179 7 3 1
28.092 5 INS 704 -1418 27594666 120586 52428 -128766368 4 -9 -352
28.124 5 WP_MOVED_ENU 4 -504 -1029 2560
28.156 5 ROTORCRAFT_FP -1418 704 -27591522 52428 120586 128776872 -12764 47 -1576 0 0 0 0 0 0
28.326 5 GPS_INT 485069924 -31588692 411661159 404501316 -37259508 715297 665060 1 1 32 969 124 383531750 179 7 3 1
28.326 5 SVINFO 19 79 12 4 21 23 232
28.341 5 INS 716 -1431 27578948 120586 5242 -128818552 10 7 -442
28.401 5 ROTORCRAFT_FP -1431 716 -27575804 5242 120586 128829184 -12764 46 -1576 0 0 0 0 0 0
28.561 5 GPS_INT 485069908 -31588687 411661149 404501318 -37259505 715100 664863 -5 5 42 970 123 383532000 179 7 3 1
28.593 5 INS 724 -1420 27563218 183500 20971 -128871264 6 7 -423
28.651 5 ROTORCRAFT_FP -1420 724 -27560070 20971 183500 128882064 -12764 46 -1577 0 0 0 0 0 0
28.731 5 IMU_MAG_RAW 0 0 0
28.821 5 GPS_INT 485069901 -31588686 411661148 404501322 -37259504 715046 664810 15 12 32 970 114 383532250 179 7 3 1
28.822 5 LIDAR 4.13 168 1
28.837 5 INS 734 -1420 27547476 78643 62914 -128922744 -2 17 -428
28.900 5 ROTORCRAFT_FP -1420 734 -27544326 62914 78643 128933600 -12764 46 -1577 0 0 0 0 0 0
28.900 5 ROVER_STATUS 2 0 3 4 0 1684 7.806538
28.901 5 DL_VALUE 27 0.
28.988 5 LINK_REPORT 5 -1 29 0 25614 561 0 921. 19. 5 -1.65900430955e+12
29.027 5 UART_ERRORS 0 7 38 1
29.043 5 UART_ERRORS 0 0 1 2
29.069 5 GPS_INT 485069898 -31588684 411661146 404501322 -37259502 715008 664772 41 2 29 970 106 383532500 179 7 3 1
29.335 5 INS 709 -1418 27515978 -157286 -99614 -129028752 9 16 -385
29.398 5 ROTORCRAFT_FP -1418 709 -27512828 -99614 -157286 129039176 -12765 46 -1575 0 0 0 0 0 0
29.583 5 ALIVE 53,218,81,70,62,199,115,110,109,98,53,234,26,129,160,165
29.584 5 INS 711 -1425 27500228 36700 0 -129080976 -2 11 -409
29.647 5 ROTORCRAFT_FP -1425 711 -27497078 0 36700 129092000 -12764 46 -1574 0 0 0 0 0 0
29.648 5 ROTORCRAFT_NAV_STATUS 1024 1024 0. 0. 3 0 2
29.727 5 IMU_MAG_RAW 0 0 0
29.759 5 INS_REF 485069569 -31588109 411660456 404501063 -37258851 707753 657517 0.
29.816 5 SVINFO 0 1 15 7 29 38 273
29.817 5 LIDAR 4.12 168 1
29.833 5 INS 686 -1428 27484474 -99614 -146800 -129134968 8 -5 -395
29.892 5 LINK_REPORT 5 -1 1 0 160 4 0 160. 4. 0 0.
29.988 5 LINK_REPORT 5 -1 30 0 26021 571 0 407. 10. 5 -1.65900430955e+12
30.069 5 SVINFO 1 3 15 4 22 14 208
30.085 5 INS 660 -1441 27468716 -235929 -131071 -129188552 15 -12 -428
30.086 5 ROVER_STATUS 2 0 3 4 0 1685 7.797707
30.145 5 ROTORCRAFT_FP -1441 660 -27465564 -131071 -235929 129199080 -12765 46 -1575 0 0 0 0 0 0
30.315 5 GPS_INT 485069828 -31588687 411661049 404501296 -37259510 713850 663613 2 2 25 972 127 383533750 179 7 3 1
30.316 5 SVINFO 2 8 15 4 23 84 13
30.331 5 INS 663 -1433 27452946 89128 10485 -129243400 -12 4 -438
30.395 5 ROTORCRAFT_FP -1433 663 -27449788 10485 89128 129253824 -12765 46 -1575 0 0 0 0 0 0
30.442 5 STATE_FILTER_STATUS 6 3 0
30.567 5 GPS_INT 485069807 -31588684 411661030 404501296 -37259508 713559 663323 17 -2 6 971 104 383534000 179 7 3 1
30.567 5 SVINFO 3 10 15 4 22 32 47
30.580 5 INS 660 -1431 27437156 -36700 -5242 -129295920 33 11 -414
30.643 5 ROTORCRAFT_FP -1431 660 -27433996 -5242 -36700 129306400 -12765 46 -1575 0 0 0 0 0 0
30.723 5 WP_MOVED_ENU 6 760 1031 2560
30.723 5 IMU_MAG_RAW 0 0 0
30.755 5 DATALINK_REPORT 1683 0 40328 965 0 0
30.813 5 SVINFO 4 14 15 4 25 12 321
30.813 5 LIDAR 4.12 168 1
30.892 5 LINK_REPORT 5 -1 2 0 554 12 0 394. 8. 0 0.
30.988 5 LINK_REPORT 5 -1 31 0 26346 581 0 325. 10. 6 -1.65900431455e+12
31.242 5 ROTORCRAFT_NAV_STATUS 1024 1024 0. 0. 3 0 2
31.274 5 ROVER_STATUS 2 0 3 4 0 1686 7.797707
31.315 5 SVINFO 6 21 15 4 10 64 303
31.332 5 INS 655 -1448 27389760 26214 31457 -129453320 -9 25 -418
31.391 5 ROTORCRAFT_FP -1448 655 -27386600 31457 26214 129464016 -12764 46 -1575 0 0 0 0 0 0
31.560 5 GPS_INT 485069754 -31588689 411660984 404501295 -37259518 712862 662626 4 -12 -4 964 101 383535000 179 7 3 1
31.576 5 INS 657 -1451 27373960 -36700 -62914 -129506152 -11 -7 -433
31.810 5 GPS_INT 485069724 -31588688 411660957 404501294 -37259520 712460 662223 1 -13 -33 961 111 383535250 179 7 3 1
31.811 5 LIDAR 4.13 168 1
31.826 5 INS 655 -1454 27358156 -141557 -68157 -129560480 6 7 -423
31.893 5 LINK_REPORT 5 -1 3 0 692 15 0 138. 3. 0 0.
31.989 5 LINK_REPORT 5 -1 32 0 26658 588 0 312. 7. 6 -1.65900431455e+12
32.017 5 WP_MOVED_ENU 7 775 -1018 2560
32.138 5 UART_ERRORS 0 1 0 3
32.138 5 UART_ERRORS 0 0 0 4
32.170 5 DL_VALUE 30 0.
32.388 5 ROTORCRAFT_FP -1472 680 -27323346 -26214 -120586 129677024 -12765 45 -1576 0 0 0 0 0 0
32.467 5 ROVER_STATUS 2 0 3 4 0 1687 7.806538
32.558 5 GPS_INT 485069660 -31588687 411660931 404501314 -37259523 711812 661576 0 11 7 950 96 383536000 179 7 3 1
32.558 5 SVINFO 11 32 4 4 18 22 96
32.717 5 IMU_MAG_RAW 0 0 0
32.807 5 GPS_INT 485069633 -31588684 411660927 404501326 -37259521 711571 661334 8 -1 20 946 98 383536250 179 7 3 1
32.808 5 LIDAR 4.14 168 1
32.839 5 INS 747 -1459 27294832 47185 -5242 -129771504 10 11 -409
32.839 5 ROTORCRAFT_NAV_STATUS 1024 1024 0. 0. 3 0 2
32.887 5 ROTORCRAFT_FP -1459 747 -27291662 -5242 47185 129782120 -12765 46 -1576 0 0 0 0 0 0
32.893 5 LINK_REPORT 5 -1 4 0 909 21 0 217. 6. 0 0.
32.990 5 LINK_REPORT 5 -1 33 0 26973 596 0 315. 8. 6 -1.65900431455e+12
33.057 5 GPS_INT 485069605 -31588685 411660922 404501340 -37259525 711334 661097 9 -1 -4 942 101 383536500 179 7 3 1
33.072 5 INS 785 -1466 27278982 -47185 -5242 -129824288 -2 11 -438
33.136 5 ROTORCRAFT_FP -1466 785 -27275812 -5242 -47185 129835256 -12765 46 -1575 0 0 0 0 0 0
33.263 5 DL_VALUE 31 0.
33.305 5 SVINFO 14 136 12 7 33 42 167
33.306 5 WP_MOVED_ENU 8 -760 -1031 2560
33.385 5 ROTORCRAFT_FP -1464 826 -27259962 -15728 5242 129888448 -12765 46 -1573 0 0 0 0 0 0
33.571 5 INS 862 -1466 27247278 -68157 5242 -129930968 -4 5 -428
33.634 5 ROTORCRAFT_FP -1466 862 -27244108 5242 -68157 129941224 -12765 46 -1573 0 0 0 0 0 0
33.635 5 STATE_FILTER_STATUS 6 3 0
33.666 5 ROVER_STATUS 2 0 3 4 0 1689 7.797707
33.713 5 IMU_MAG_RAW 0 0 0
33.761 5 ALIVE 53,218,81,70,62,199,115,110,109,98,53,234,26,129,160,165
33.804 5 GPS_INT 485069523 -31588678 411660915 404501383 -37259523 710656 660420 17 1 34 930 94 383537250 179 7 3 1
33.804 5 SVINFO 16 66 12 6 26 48 107
33.805 5 LIDAR 4.1 168 1
33.819 5 INS 908 -1461 27231426 73400 10485 -129983024 8 -22 -404
33.883 5 ROTORCRAFT_FP -1461 908 -27228252 10485 73400 129993480 -12765 45 -1574 0 0 0 0 0 0
33.894 5 LINK_REPORT 5 -1 5 0 1409 32 0 500. 11. 0 0.
33.990 5 LINK_REPORT 5 -1 34 0 27245 603 0 272. 7. 6 -1.65900431455e+12
34.057 5 GPS_INT 485069494 -31588678 411660912 404501398 -37259526 710421 660185 17 -16 4 925 91 383537500 179 7 3 1
34.058 5 SVINFO 17 67 4 4 21 20 164
34.073 5 INS 949 -1466 27215562 -47185 -78643 -130036080 28 -10 -390
34.133 5 ROTORCRAFT_FP -1466 949 -27212388 -78643 -47185 130047264 -12766 45 -1575 0 0 0 0 0 0
34.303 5 GPS_INT 485069471 -31588680 411660913 404501411 -37259529 710254 660018 19 -16 13 921 87 383537750 179 7 3 1
34.319 5 INS 990 -1477 27199682 -20971 -78643 -130089832 28 11 -399
34.382 5 ROTORCRAFT_FP -1477 990 -27196506 -78643 -20971 130100360 -12765 45 -1575 0 0 0 0 0 0
34.382 5 DL_VALUE 32 0.
34.429 5 ROTORCRAFT_NAV_STATUS 1024 1024 0. 0. 3 0 2
34.509 5 ENERGY 0 7.806538 0.325 2.537125 0.415481 3.178945
34.551 5 GPS_INT 485069458 -31588680 411660913 404501420 -37259530 710156 659920 33 -17 -7 917 100 383538000 179 7 3 1
34.711 5 IMU_MAG_RAW 0 0 0
34.801 5 GPS_INT 485069443 -31588677 411660911 404501426 -37259528 710022 659786 44 -13 8 913 92 383538250 179 7 3 1
34.801 5 LIDAR 4.13 168 1
34.828 5 INS 1031 -1472 27167892 -120586 -57671 -130196232 0 20 -422
34.829 5 INS_REF 485069569 -31588109 411660456 404501063 -37258851 707753 657517 0.
34.887 5 ROTORCRAFT_FP -1472 1031 -27164712 -57671 -120586 130206968 -12765 45 -1576 0 0 0 0 0 0
34.887 5 ROVER_STATUS 2 0 3 4 0 1690 7.806538
34.895 5 LINK_REPORT 5 -1 6 0 1409 32 0 0. 0. 1 -1.65900431847e+12
34.991 5 LINK_REPORT 5 -1 35 0 28099 621 0 854. 18. 6 -1.65900431455e+12
35.046 5 GPS_INT 485069396 -31588661 411660890 404501440 -37259513 709525 659289 15 9 28 909 92 383538500 179 7 3 1
35.062 5 INS 1070 -1441 27151992 57671 47185 -130250152 17 -3 -433
35.126 5 ROTORCRAFT_FP -1441 1070 -27148812 47185 57671 130260592 -12765 45 -1576 0 0 0 0 0 0
35.206 5 UART_ERRORS 0 7 38 1
35.299 5 GPS_INT 485069358 -31588649 411660881 404501457 -37259501 709176 658939 16 -4 38 905 90 383538750 179 7 3 1
35.314 5 INS 1118 -1415 27136092 94371 -15728 -130302784 -3 15 -432
35.379 5 ROTORCRAFT_FP -1415 1118 -27132912 -15728 94371 130313408 -12765 44 -1577 0 0 0 0 0 0
35.458 5 DL_VALUE 33 0.
35.548 5 GPS_INT 485069318 -31588638 411660869 404501472 -37259491 708783 658546 23 -1 12 901 86 383539000 179 7 3 1
35.564 5 INS 1162 -1395 27120192 -31457 0 -130356440 17 -15 -428
35.628 5 ROTORCRAFT_FP -1395 1162 -27117012 0 -31457 130367240 -12765 45 -1576 0 0 0 0 0 0
35.708 5 IMU_MAG_RAW 0 0 0
35.798 5 GPS_INT 485069284 -31588630 411660859 404501486 -37259485 708456 658220 25 -10 19 896 85 383539250 179 7 3 1
35.799 5 LIDAR 4.11 168 1
35.814 5 INS 1200 -1379 27104282 -15728 -47185 -130409224 -52 -2 -433
35.829 5 DATALINK_REPORT 1688 0 40433 967 0 0
35.862 5 ALIVE 53,218,81,70,62,199,115,110,109,98,53,234,26,129,160,165
35.878 5 ROTORCRAFT_FP -1379 1200 -27101100 -47185 -15728 130419624 -12765 45 -1574 0 0 0 0 0 0
35.895 5 LINK_REPORT 5 -1 7 1 1409 32 0 0. 0. 1 -1.65900431847e+12
35.909 5 WP_MOVED_ENU 10 10160 10329 2560
35.991 5 LINK_REPORT 5 -1 36 0 29021 640 0 922. 19. 7 -1.65900431955e+12
36.021 5 ROTORCRAFT_NAV_STATUS 1024 1024 0. 0. 3 0 2
36.036 5 SVINFO 0 1 15 7 33 38 273
36.069 5 INS 1244 -1361 27088366 10485 -36700 -130462304 8 -12 -423
36.069 5 ROVER_STATUS 2 0 3 4 0 1691 7.806538
36.127 5 ROTORCRAFT_FP -1361 1244 -27085182 -36700 10485 130472768 -12765 45 -1573 0 0 0 0 0 0
36.297 5 GPS_INT 485069204 -31588614 411660834 404501516 -37259472 707684 657447 25 -12 14 889 85 383539750 179 7 3 1
36.298 5 SVINFO 1 3 15 5 27 14 208
36.376 5 ROTORCRAFT_FP -1351 1285 -27069242 -57671 -36700 130526128 -12765 45 -1572 0 0 0 0 0 0
36.549 5 GPS_INT 485069169 -31588608 411660819 404501526 -37259467 707312 657076 26 -9 2 885 92 383540000 179 7 3 1
36.549 5 SVINFO 2 8 15 4 26 84 13
36.564 5 INS 1315 -1341 27056486 -83886 -41943 -130568624 46 -6 -399
36.565 5 DL_VALUE 34 0.
36.625 5 ROTORCRAFT_FP -1341 1315 -27053296 -41943 -83886 130578664 -12765 45 -1573 0 0 0 0 0 0
36.795 5 SVINFO 3 10 15 4 21 32 47
36.795 5 LIDAR 4.12 168 1
36.825 5 INS 1346 -1338 27040536 -83886 -115343 -130619616 17 0 -438
36.825 5 STATE_FILTER_STATUS 6 3 0
36.896 5 LINK_REPORT 5 -1 8 2 1409 32 0 0. 0. 1 -1.65900431847e+12
36.991 5 LINK_REPORT 5 -1 37 0 29711 657 0 690. 17. 7 -1.65900431955e+12
37.043 5 GPS_INT 485069090 -31588599 411660787 404501551 -37259463 706500 656263 14 -20 6 878 83 383540500 179 7 3 1
37.044 5 SVINFO 4 14 15 4 24 12 321
37.059 5 INS 1384 -1333 27024588 -31457 -104857 -130673384 22 -2 -419
37.123 5 ROTORCRAFT_FP -1333 1384 -27022036 -104857 -31457 130681984 -12766 45 -1575 0 0 0 0 0 0
37.202 5 WP_MOVED_ENU 11 10329 -10160 2560
37.250 5 ROVER_STATUS 2 0 3 4 0 1692 7.806538
37.309 5 INS 1436 -1315 27008636 15728 26214 -130725920 -2 -23 -428
37.542 5 GPS_INT 485069017 -31588585 411660771 404501583 -37259453 705833 655597 27 -12 14 871 85 383541000 179 7 3 1
37.543 5 SVINFO 6 21 15 4 22 64 303
37.621 5 ROTORCRAFT_FP -1308 1477 -26989490 -57671 -41943 130789408 -12766 45 -1574 0 0 0 0 0 0
37.622 5 ROTORCRAFT_NAV_STATUS 1024 1024 0. 0. 3 0 2
37.795 5 GPS_INT 485068976 -31588581 411660760 404501599 -37259450 705455 655219 19 -13 9 868 85 383541250 179 7 3 1
37.795 5 LIDAR 4.1 168 1
37.810 5 INS 1523 -1305 26976724 -36700 -62914 -130832104 23 11 -398
37.870 5 ROTORCRAFT_FP -1305 1523 -26973532 -62914 -36700 130842376 -12766 44 -1575 0 0 0 0 0 0
37.897 5 LINK_REPORT 5 -1 9 0 1865 41 0 456. 9. 1 -1.65900431847e+12
37.934 5 AUTOPILOT_VERSION 60200 v6.2_unstable-101-g8a957fd0a-dirty
37.951 5 ALIVE 53,218,81,70,62,199,115,110,109,98,53,234,26,129,160,165
37.992 5 LINK_REPORT 5 -1 38 0 29994 664 0 283. 7. 7 -1.65900431955e+12
38.040 5 GPS_INT 485068942 -31588578 411660750 404501613 -37259450 705126 654890 33 -20 -13 865 99 383541500 179 7 3 1
38.290 5 GPS_INT 485068904 -31588573 411660740 404501628 -37259446 704771 654535 21 -4 4 861 88 383541750 179 7 3 1
38.290 5 SVINFO 9 27 15 7 32 49 117
38.317 5 UART_ERRORS 0 0 1 2
38.317 5 UART_ERRORS 0 1 0 3
38.318 5 UART_ERRORS 0 0 0 4
38.365 5 ROTORCRAFT_FP -1297 1605 -26941572 -15728 -57671 130947056 -12766 45 -1576 0 0 0 0 0 0
38.461 5 ROVER_STATUS 2 0 3 4 0 1693 7.806538
38.493 5 WP_MOVED_ENU 12 -10160 -10329 2560
38.538 5 GPS_INT 485068865 -31588565 411660732 404501645 -37259441 704415 654179 35 -5 10 857 87 383542000 179 7 3 1
38.554 5 INS 1653 -1282 26928772 -83886 -15728 -130988600 -16 18 -427
38.618 5 ROTORCRAFT_FP -1282 1653 -26925572 -15728 -83886 130999056 -12766 44 -1576 0 0 0 0 0 0
38.698 5 IMU_MAG_RAW 0 0 0
38.745 5 DL_VALUE 36 0.
38.788 5 GPS_INT 485068838 -31588563 411660728 404501658 -37259440 704190 653953 55 -19 2 854 92 383542250 179 7 3 1
38.789 5 SVINFO 11 32 4 3 9 22 96
38.789 5 LIDAR 4.12 168 1
38.804 5 INS 1692 -1282 26912772 -183500 -83886 -131041392 8 13 -433
38.867 5 ROTORCRAFT_FP -1282 1692 -26909572 -83886 -183500 131051872 -12766 44 -1577 0 0 0 0 0 0
38.898 5 LINK_REPORT 5 -1 10 0 2154 47 0 289. 6. 1 -1.65900431847e+12
38.993 5 LINK_REPORT 5 -1 39 0 30562 678 0 568. 14. 7 -1.65900431955e+12
39.037 5 GPS_INT 485068791 -31588555 411660722 404501683 -37259434 703785 653549 30 0 39 851 84 383542500 179 7 3 1
39.116 5 ROTORCRAFT_FP -1269 1758 -26893572 5242 52428 131105080 -12766 44 -1577 0 0 0 0 0 0
39.212 5 ROTORCRAFT_NAV_STATUS 1024 1024 0. 0. 3 0 2
39.493 5 ENERGY 0 7.806538 0.375 2.927452 0.415871 3.181986
39.535 5 SVINFO 14 136 12 7 35 42 167
39.551 5 INS 1868 -1241 26864770 -83886 -5242 -131199352 -1 -12 -400
39.646 5 ROVER_STATUS 2 0 3 4 0 1695 7.806538
39.693 5 IMU_MAG_RAW 0 0 0
39.784 5 GPS_INT 485068681 -31588531 411660710 404501739 -37259415 702861 652624 27 -11 8 842 88 383543250 179 7 3 1
39.785 5 SVINFO 15 65 12 4 17 25 36
39.785 5 WP_MOVED_ENU 13 -10329 10160 2560
39.813 5 LIDAR 4.12 168 1
39.814 5 INS 1920 -1226 26848762 -62914 -52428 -131252672 1 -8 -380
39.862 5 ROTORCRAFT_FP -1226 1920 -26845558 -52428 -62914 131263168 -12767 44 -1578 0 0 0 0 0 0
39.863 5 DL_VALUE 37 1400.
39.893 5 INS_REF 485069569 -31588109 411660456 404501063 -37258851 707753 657517 0.
39.899 5 LINK_REPORT 5 -1 11 0 2596 58 0 442. 11. 2 -1.65900432347e+12
39.994 5 LINK_REPORT 5 -1 40 0 30761 683 0 199. 5. 7 -1.65900431955e+12
40.005 5 STATE_FILTER_STATUS 6 3 0
40.036 5 GPS_INT 485068638 -31588520 411660699 404501757 -37259405 702463 652227 14 6 13 840 81 383543500 179 7 3 1
40.037 5 SVINFO 16 66 12 4 25 49 107
40.037 5 ALIVE 53,218,81,70,62,199,115,110,109,98,53,234,26,129,160,165
40.052 5 INS 1971 -1205 26832734 5242 31457 -131305616 13 -7 -399
40.113 5 ROTORCRAFT_FP -1205 1971 -26829526 31457 5242 131316240 -12767 44 -1577 0 0 0 0 0 0
40.272 5 SVINFO 17 67 4 4 20 20 164
40.305 5 INS 2027 -1182 26816694 73400 0 -131359128 32 -9 -390
40.548 5 INS 2094 -1157 26800644 178257 5242 -131413024 1 -7 -452
40.611 5 ROTORCRAFT_FP -1157 2094 -26797434 5242 178257 131423152 -12767 44 -1577 0 0 0 0 0 0
40.691 5 IMU_MAG_RAW 0 0 0
40.780 5 SVINFO 19 79 12 4 25 22 231
40.797 5 INS 2163 -1126 26784596 125829 83886 -131465944 31 12 -419
40.813 5 ROTORCRAFT_NAV_STATUS 1024 1024 0. 0. 3 0 2
40.860 5 ROVER_STATUS 2 0 3 4 0 1696 7.806538
40.900 5 LINK_REPORT 5 -1 12 0 2933 66 0 337. 8. 2 -1.65900432347e+12
40.940 5 DL_VALUE 38 10.
40.994 5 LINK_REPORT 5 -1 41 0 31037 691 0 276. 8. 8 -1.65900432455e+12
41.046 5 INS 2222 -1088 26768546 73400 62914 -131519424 -6 1 -419
41.094 5 WP_MOVED_ENU 0 0 0 2560
41.110 5 ROTORCRAFT_FP -1088 2222 -26765336 62914 73400 131530264 -12767 44 -1577 0 0 0 0 0 0
41.608 5 ROTORCRAFT_FP -1041 2314 -26733230 15728 47185 131635264 -12767 44 -1576 0 0 0 0 0 0
41.901 5 LINK_REPORT 5 -1 13 0 3004 67 0 71. 1. 2 -1.65900432347e+12
41.994 5 LINK_REPORT 5 -1 42 0 31183 694 0 146. 3. 8 -1.65900432455e+12
42.355 5 ROTORCRAFT_FP -962 2452 -26684988 78643 15728 131796176 -12767 44 -1575 0 0 0 0 0 0
42.684 5 IMU_MAG_RAW 0 0 0
42.776 5 GPS_INT 485068166 -31588371 411660592 404501964 -37259266 698108 647871 -11 -6 0 807 78 383546250 179 7 3 1
42.777 5 SVINFO 2 8 15 6 29 84 13
42.777 5 LIDAR 4.13 168 1
42.791 5 INS 2560 -903 26656010 31457 -36700 -131893120 -4 -10 -423
42.855 5 ROTORCRAFT_FP -903 2560 -26652790 -36700 31457 131903664 -12767 43 -1576 0 0 0 0 0 0
42.901 5 LINK_REPORT 5 -1 14 0 3004 67 0 0. 0. 2 -1.65900432347e+12
