5.863 4 GPS_INT 637813700 0 0 0 0 0 -17000 0 0 0 649797120 100000 109750 9999 0 0 1
5.864 4 SVINFO 0 4 16 1 0 -91 0
5.864 4 LIDAR 6.41 16 1
5.878 4 INS 0 0 0 0 0 0 1 15 -567
5.943 4 ROTORCRAFT_FP 0 0 0 0 0 0 -12860 -3 -7960 0 0 0 0 0 0
5.960 4 LINK_REPORT 4 -1 6 0 2071 49 0 1087. 27. 1 16.2
6.112 4 GPS_INT 637813700 0 0 0 0 0 -17000 0 0 0 649798400 100000 110000 9999 0 0 1
6.113 4 SVINFO 0 4 16 1 0 -91 0
6.128 4 INS 0 0 0 0 0 0 9 -4 -577
6.176 4 WP_MOVED_ENU 12 -10160 -10329 2560
6.192 4 ROTORCRAFT_FP 0 0 0 0 0 0 -12860 -3 -7961 0 0 0 0 0 0
6.288 4 ROTORCRAFT_NAV_STATUS 0 0 0. 0. 0 0 0
6.362 4 GPS_INT 637813700 0 0 0 0 0 -17000 0 0 0 649799680 100000 110250 9999 0 0 1
6.362 4 SVINFO 0 4 16 1 0 -91 0
6.377 4 INS 0 0 0 0 0 0 22 17 -529
6.441 4 ROTORCRAFT_FP 0 0 0 0 0 0 -12860 -3 -7962 0 0 0 0 0 0
6.612 4 GPS_INT 637813700 0 0 0 0 0 -17000 0 0 0 649801024 100000 110500 9999 0 0 1
6.612 4 SVINFO 0 4 16 1 0 -91 0
6.627 4 INS 0 0 0 0 0 0 -3 -20 -544
6.690 4 ROTORCRAFT_FP 0 0 0 0 0 0 -12860 -3 -7963 0 0 0 0 0 0
6.722 4 ROVER_STATUS 2 0 0 3 0 111 8.21276
6.770 4 IMU_MAG_RAW 0 0 0
6.860 4 GPS_INT 637813700 0 0 0 0 0 -17000 0 0 0 649802240 100000 110750 9999 0 0 1
6.861 4 SVINFO 0 4 16 1 0 -91 0
6.862 4 LIDAR 6.43 16 1
6.876 4 INS 0 0 0 0 0 0 4 38 -534
6.940 4 ROTORCRAFT_FP 0 0 0 0 0 0 -12860 -4 -7964 0 0 0 0 0 0
6.941 4 DL_VALUE 42 100.
6.961 4 LINK_REPORT 4 -1 7 0 3055 71 0 984. 22. 1 16.2
7.083 4 STATE_FILTER_STATUS 6 3 0
7.113 4 GPS_INT 637813700 0 0 0 0 0 -17000 0 0 0 649803520 100000 111000 9999 0 0 1
7.114 4 SVINFO 0 4 16 1 0 -91 0
7.128 4 INS 0 0 0 0 0 0 -10 39 -582
7.190 4 ROTORCRAFT_FP 0 0 0 0 0 0 -12860 -4 -7965 0 0 0 0 0 0
7.359 4 GPS_INT 637813700 0 0 0 0 0 -17000 0 0 0 649804800 100000 111250 9999 0 0 1
7.360 4 SVINFO 0 4 16 1 0 -91 0
7.375 4 INS 0 0 0 0 0 0 -5 16 -587
7.438 4 ROTORCRAFT_FP 0 0 0 0 0 0 -12860 -4 -7967 0 0 0 0 0 0
7.470 4 WP_MOVED_ENU 13 -10329 10160 2560
7.608 4 GPS_INT 637813700 0 0 0 0 0 -17000 0 0 0 649806080 100000 111500 9999 0 0 1
7.609 4 SVINFO 0 4 16 1 0 -91 0
7.623 4 INS 0 0 0 0 0 0 -15 3 -534
7.688 4 ROTORCRAFT_FP 0 0 0 0 0 0 -12860 -4 -7968 0 0 0 0 0 0
7.719 4 ALIVE 115,86,116,25,135,139,191,218,133,132,114,68,46,15,123,213
7.767 4 IMU_MAG_RAW 0 0 0
7.857 4 GPS_INT 637813700 0 0 0 0 0 -17000 0 0 0 649807424 100000 111750 9999 0 0 1
7.858 4 SVINFO 0 4 16 1 0 -91 0
7.858 4 LIDAR 6.43 16 1
7.873 4 INS 0 0 0 0 0 0 -6 15 -520
7.891 4 ROTORCRAFT_NAV_STATUS 0 0 0. 0. 0 0 0
7.936 4 ROTORCRAFT_FP 0 0 0 0 0 0 -12860 -4 -7969 0 0 0 0 0 0
7.937 4 ROVER_STATUS 2 0 0 3 0 112 8.21276
7.961 4 LINK_REPORT 4 -1 8 0 4068 94 0 1013. 23. 1 16.2
7.984 4 INS_REF 485065295 -31589301 411664541 404506309 -37260580 702390 650000 0.
8.016 4 DL_VALUE 43 1.
8.064 4 ENERGY 0 8.21276 0.275 2.258509 0.008459 0.069492
8.106 4 GPS_INT 637813700 0 0 0 0 0 -17000 0 0 0 649808704 100000 112000 9999 0 0 1
8.107 4 SVINFO 0 4 16 1 0 -91 0
8.122 4 INS 0 0 0 0 0 0 0 2 -591
8.186 4 ROTORCRAFT_FP 0 0 0 0 0 0 -12860 -4 -7970 0 0 0 0 0 0
8.355 4 GPS_INT 637813700 0 0 0 0 0 -17000 0 0 0 649809920 100000 112250 9999 0 0 1
8.356 4 SVINFO 0 4 16 1 0 -91 0
8.381 4 INS 0 0 0 0 0 0 5 -15 -558
8.381 4 UART_ERRORS 0 0 0 5
8.381 4 UART_ERRORS 0 0 0 6
8.429 4 ROTORCRAFT_FP 0 0 0 0 0 0 -12860 -4 -7971 0 0 0 0 0 0
8.605 4 GPS_INT 637813700 0 0 0 0 0 -17000 0 0 0 649811264 100000 112500 9999 0 0 1
8.606 4 SVINFO 0 4 16 1 0 -91 0
8.620 4 INS 0 0 0 0 0 0 2 -8 -567
8.684 4 ROTORCRAFT_FP 0 0 0 0 0 0 -12860 -4 -7973 0 0 0 0 0 0
8.764 4 WP_MOVED_ENU 0 0 0 2560
8.764 4 IMU_MAG_RAW 0 0 0
8.855 4 GPS_INT 637813700 0 0 0 0 0 -17000 0 0 0 649812608 100000 112750 9999 0 0 1
8.855 4 SVINFO 0 4 16 1 0 -91 0
8.856 4 LIDAR 6.41 16 1
8.870 4 INS 0 0 0 0 0 0 -29 20 -558
8.934 4 ROTORCRAFT_FP 0 0 0 0 0 0 -12860 -4 -7974 0 0 0 0 0 0
8.962 4 LINK_REPORT 4 -1 9 0 5119 118 0 1051. 24. 1 16.2
8.982 4 DATALINK_REPORT 4 35 2635 1024 0 0
9.104 4 GPS_INT 637813700 0 0 0 0 0 -17000 0 0 0 649813824 100000 113000 9999 0 0 1
9.105 4 SVINFO 0 4 16 1 0 -91 0
9.129 4 INS 0 0 0 0 0 0 -29 -10 -615
9.130 4 ROVER_STATUS 2 0 0 3 0 113 8.21276
9.130 4 DL_VALUE 44 1.
9.178 4 ROTORCRAFT_FP 0 0 0 0 0 0 -12860 -4 -7975 0 0 0 0 0 0
9.352 4 GPS_INT 637813700 0 0 0 0 0 -17000 0 0 0 649815168 100000 113250 9999 0 0 1
9.356 4 SVINFO 0 4 16 1 0 -91 0
9.368 4 INS 0 0 0 0 0 0 -15 3 -601
9.432 4 ROTORCRAFT_FP 0 0 0 0 0 0 -12860 -4 -7976 0 0 0 0 0 0
9.480 4 ROTORCRAFT_NAV_STATUS 0 0 0. 0. 0 0 0
9.602 4 GPS_INT 637813700 0 0 0 0 0 -17000 0 0 0 649816512 100000 113500 9999 0 0 1
9.602 4 SVINFO 0 4 16 1 0 -91 0
9.617 4 INS 0 0 0 0 0 0 5 0 -587
9.681 4 ROTORCRAFT_FP 0 0 0 0 0 0 -12860 -4 -7977 0 0 0 0 0 0
9.760 4 IMU_MAG_RAW 0 0 0
9.808 4 ALIVE 115,86,116,25,135,139,191,218,133,132,114,68,46,15,123,213
9.850 4 GPS_INT 637813700 0 0 0 0 0 -17000 0 0 0 649817792 100000 113750 9999 0 0 1
9.851 4 SVINFO 0 4 16 1 0 -91 0
9.851 4 LIDAR 6.41 16 1
9.866 4 INS 0 0 0 0 0 0 -12 12 -567
9.930 4 ROTORCRAFT_FP 0 0 0 0 0 0 -12860 -4 -7978 0 0 0 0 0 0
9.963 4 LINK_REPORT 4 -1 10 0 6131 141 0 1012. 23. 1 16.2
10.057 4 WP_MOVED_ENU 1 0 0 2560
10.100 4 GPS_INT 637813700 0 0 0 0 0 -17000 0 0 0 649819072 100000 114000 9999 0 0 1
10.101 4 SVINFO 0 4 16 1 0 -91 0
10.116 4 INS 0 0 0 0 0 0 -44 21 -587
10.180 4 ROTORCRAFT_FP 0 0 0 0 0 0 -12860 -3 -7979 0 0 0 0 0 0
10.211 4 DL_VALUE 45 0.
10.275 4 STATE_FILTER_STATUS 6 3 0
10.323 4 ROVER_STATUS 2 0 0 3 0 114 8.21276
10.349 4 GPS_INT 637813700 0 0 0 0 0 -17000 0 0 0 649820480 100000 114250 9999 0 0 1
10.350 4 SVINFO 0 4 16 1 0 -91 0
10.365 4 INS 0 0 0 0 0 0 -20 28 -563
10.429 4 ROTORCRAFT_FP 0 0 0 0 0 0 -12860 -3 -7981 0 0 0 0 0 0
10.476 4 PONG 
10.557 4 ENERGY 0 8.21276 0.225 1.847871 0.008657 0.071118
10.599 4 GPS_INT 637813700 0 0 0 0 0 -17000 0 0 0 649821760 100000 114500 9999 0 0 1
10.600 4 SVINFO 0 4 16 1 0 -91 0
10.616 4 INS 0 0 0 0 0 0 -15 15 -520
10.679 4 ROTORCRAFT_FP 0 0 0 0 0 0 -12860 -3 -7982 0 0 0 0 0 0
10.758 4 IMU_MAG_RAW 0 0 0
10.848 4 GPS_INT 637813700 0 0 0 0 0 -17000 0 0 0 649823040 100000 114750 9999 0 0 1
10.849 4 SVINFO 0 4 16 1 0 -91 0
10.850 4 LIDAR 6.41 16 1
10.864 4 INS 0 0 0 0 0 0 9 22 -558
10.928 4 ROTORCRAFT_FP 0 0 0 0 0 0 -12860 -3 -7983 0 0 0 0 0 0
10.964 4 LINK_REPORT 4 -1 11 0 7151 165 0 1020. 24. 2 16.45
11.072 4 ROTORCRAFT_NAV_STATUS 0 0 0. 0. 0 0 0
11.116 4 GPS_INT 637813700 0 0 0 0 0 -17000 0 0 0 649824384 100000 115000 9999 0 0 1
11.117 4 SVINFO 0 4 16 1 0 -91 0
11.118 4 INS 0 0 0 0 0 0 -5 16 -520
11.177 4 ROTORCRAFT_FP 0 0 0 0 0 0 -12860 -4 -7984 0 0 0 0 0 0
11.304 4 DL_VALUE 46 0.
11.346 4 GPS_INT 637813700 0 0 0 0 0 -17000 0 0 0 649825728 100000 115250 9999 0 0 1
11.349 4 SVINFO 0 4 16 1 0 -91 0
11.349 4 WP_MOVED_ENU 2 7 -1024 2560
11.362 4 INS 0 0 0 0 0 0 8 11 -515
11.426 4 ROTORCRAFT_FP 0 0 0 0 0 0 -12860 -4 -7986 0 0 0 0 0 0
11.458 4 UART_ERRORS 0 0 0 1
11.458 4 UART_ERRORS 0 0 0 2
11.474 4 UART_ERRORS 0 0 0 3
11.506 4 ROVER_STATUS 2 0 0 3 0 115 8.21276
11.596 4 GPS_INT 637813700 0 0 0 0 0 -17000 0 0 0 649827072 100000 115500 9999 0 0 1
11.596 4 SVINFO 0 4 16 1 0 -91 0
11.611 4 INS 0 0 0 0 0 0 -35 7 -563
11.676 4 ROTORCRAFT_FP 0 0 0 0 0 0 -12860 -4 -7987 0 0 0 0 0 0
11.755 4 IMU_MAG_RAW 0 0 0
11.845 4 GPS_INT 637813700 0 0 0 0 0 -17000 0 0 0 649828352 100000 115750 9999 0 0 1
11.846 4 SVINFO 0 4 16 1 0 -91 0
11.846 4 LIDAR 6.42 16 1
11.861 4 INS 0 0 0 0 0 0 -29 9 -544
11.909 4 ALIVE 115,86,116,25,135,139,191,218,133,132,114,68,46,15,123,213
11.925 4 ROTORCRAFT_FP 0 0 0 0 0 0 -12860 -3 -7988 0 0 0 0 0 0
11.965 4 LINK_REPORT 4 -1 12 0 8225 191 0 1074. 26. 2 16.45
12.095 4 GPS_INT 637813700 0 0 0 0 0 -17000 0 0 0 649829696 100000 116000 9999 0 0 1
12.096 4 SVINFO 0 4 16 1 0 -91 0
12.110 4 INS 0 0 0 0 0 0 -7 27 -558
12.174 4 ROTORCRAFT_FP 0 0 0 0 0 0 -12860 -4 -7989 0 0 0 0 0 0
12.343 4 GPS_INT 637813700 0 0 0 0 0 -17000 0 0 0 649831104 100000 116250 9999 0 0 1
12.344 4 SVINFO 0 4 16 1 0 -91 0
12.359 4 INS 0 0 0 0 0 0 11 -21 -544
12.423 4 ROTORCRAFT_FP 0 0 0 0 0 0 -12860 -4 -7991 0 0 0 0 0 0
12.424 4 DL_VALUE 47 65405.
12.593 4 GPS_INT 637813700 0 0 0 0 0 -17000 0 0 0 649832448 100000 116500 9999 0 0 1
12.593 4 SVINFO 0 4 16 1 0 -91 0
12.608 4 INS 0 0 0 0 0 0 -5 -36 -591
12.640 4 WP_MOVED_ENU 3 -762 -775 2560
12.682 4 ROTORCRAFT_FP 0 0 0 0 0 0 -12861 -4 -7992 0 0 0 0 0 0
12.683 4 ROTORCRAFT_NAV_STATUS 0 0 0. 0. 0 0 0
12.714 4 ROVER_STATUS 2 0 0 3 0 117 8.21276
12.746 4 IMU_MAG_RAW 0 0 0
12.778 4 AUTOPILOT_VERSION 60200 v6.2_unstable-101-g8a957fd0a
12.841 4 GPS_INT 637813700 0 0 0 0 0 -17000 0 0 0 649833728 100000 116750 9999 0 0 1
12.842 4 SVINFO 0 4 16 1 0 -91 0
12.842 4 LIDAR 6.42 16 1
12.860 4 INS 0 0 0 0 0 0 -4 25 -539
12.921 4 ROTORCRAFT_FP 0 0 0 0 0 0 -12861 -4 -7993 0 0 0 0 0 0
12.966 4 LINK_REPORT 4 -1 13 0 9255 214 0 1030. 23. 2 16.45
13.048 4 INS_REF 485065295 -31589301 411664541 404506309 -37260580 702390 650000 0.
13.064 4 ENERGY 0 8.21276 0.35 2.874466 0.008849 0.072698
13.091 4 GPS_INT 637813700 0 0 0 0 0 -17000 0 0 0 649835072 100000 117000 9999 0 0 1
13.092 4 SVINFO 0 4 16 1 0 -91 0
13.106 4 INS 0 0 0 0 0 0 24 29 -563
13.170 4 ROTORCRAFT_FP 0 0 0 0 0 0 -12861 -4 -7995 0 0 0 0 0 0
13.340 4 GPS_INT 637813700 0 0 0 0 0 -17000 0 0 0 649836480 100000 117250 9999 0 0 1
13.341 4 SVINFO 0 4 16 1 0 -91 0
13.356 4 INS 0 0 0 0 0 0 -16 8 -558
13.419 4 ROTORCRAFT_FP 0 0 0 0 0 0 -12861 -4 -7996 0 0 0 0 0 0
13.466 4 STATE_FILTER_STATUS 6 3 0
13.498 4 DL_VALUE 48 0.
13.589 4 GPS_INT 637813700 0 0 0 0 0 -17000 0 0 0 649837824 100000 117500 9999 0 0 1
13.589 4 SVINFO 0 4 16 1 0 -91 0
13.604 4 INS 0 0 0 0 0 0 -29 -11 -563
13.669 4 ROTORCRAFT_FP 0 0 0 0 0 0 -12861 -4 -7997 0 0 0 0 0 0
13.748 4 IMU_MAG_RAW 0 0 0
