75.474 4 GPS_INT 637813700 0 0 0 0 0 -17000 0 0 0 649536192 100000 375501750 9999 0 0 1
75.475 4 SVINFO 0 0 0 0 0 0 0
75.475 4 WP_MOVED_ENU 1 0 0 2560
75.475 4 LIDAR 0. 0 1
75.476 4 INS 0 0 0 0 0 0 0 0 10045
75.537 4 ROTORCRAFT_FP 0 0 0 0 0 0 0 0 0 0 0 0 0 0 0
75.538 4 PONG 
75.725 4 INS_REF 485065295 -31589301 411664541 404506309 -37260580 702390 650000 0.
75.726 4 GPS_INT 637813700 0 0 0 0 0 -17000 0 0 0 649536320 100000 375502000 9999 0 0 1
75.727 4 SVINFO 0 0 0 0 0 0 0
75.727 4 INS 0 0 0 0 0 0 0 0 10045
75.727 4 ROVER_STATUS 2 0 0 3 0 4 0.035324
75.786 4 ROTORCRAFT_FP 0 0 0 0 0 0 0 0 0 0 0 0 0 0 0
75.914 4 DL_VALUE 1 5.
75.956 4 GPS_INT 637813700 0 0 0 0 0 -17000 0 0 0 649536384 100000 375502250 9999 0 0 1
75.957 4 SVINFO 0 0 0 0 0 0 0
75.972 4 INS 0 0 0 0 0 0 0 0 10045
76.035 4 ROTORCRAFT_FP 0 0 0 0 0 0 0 0 0 0 0 0 0 0 0
76.052 4 LINK_REPORT 4 -1 76 0 9323 217 0 1106. 26. 3 50.42
77.053 4 LINK_REPORT 4 -1 77 0 9323 217 0 0. 0. 3 50.42
78.056 4 LINK_REPORT 4 -1 78 1 9323 217 0 0. 0. 3 50.42
79.055 4 LINK_REPORT 4 -1 79 2 9323 217 0 0. 0. 3 50.42
80.057 4 LINK_REPORT 4 -1 80 3 9323 217 0 0. 0. 3 50.42
81.058 4 LINK_REPORT 4 -1 81 4 9323 217 0 0. 0. 4 -4950.09
82.059 4 LINK_REPORT 4 -1 82 5 9323 217 0 0. 0. 4 -4950.09
83.060 4 LINK_REPORT 4 -1 83 6 9323 217 0 0. 0. 4 -4950.09
84.061 4 LINK_REPORT 4 -1 84 7 9323 217 0 0. 0. 4 -4950.09
85.062 4 LINK_REPORT 4 -1 85 8 9323 217 0 0. 0. 4 -4950.09
86.063 4 LINK_REPORT 4 -1 86 9 9323 217 0 0. 0. 4 -9950.85
87.064 4 LINK_REPORT 4 -1 87 10 9323 217 0 0. 0. 4 -9950.85
88.065 4 LINK_REPORT 4 -1 88 11 9323 217 0 0. 0. 4 -9950.85
89.067 4 LINK_REPORT 4 -1 89 12 9323 217 0 0. 0. 4 -9950.85
90.068 4 LINK_REPORT 4 -1 90 13 9323 217 0 0. 0. 4 -9950.85
90.332 4 AUTOPILOT_VERSION 60200 v6.2_unstable-101-g8a957fd0a
90.375 4 GPS_INT 637813700 0 0 0 0 0 -17000 0 0 0 649519040 100000 0 9999 0 0 1
90.375 4 SVINFO 0 0 0 0 0 0 0
90.390 4 INS 0 0 0 0 0 0 0 0 10045
90.451 4 ROTORCRAFT_FP 0 0 0 0 0 0 0 0 0 0 0 0 0 0 0
90.514 4 PONG 
90.531 4 IMU_MAG_RAW 0 0 0
90.621 4 GPS_INT 637813700 0 0 0 0 0 -17000 0 0 0 649519040 100000 4000 9999 0 0 1
90.622 4 SVINFO 0 0 0 0 0 0 0
90.622 4 LIDAR 4.7 72 1
90.649 4 INS 0 0 0 0 0 0 0 0 10045
90.649 4 UART_ERRORS 0 0 0 1
90.650 4 UART_ERRORS 0 0 0 2
90.650 4 UART_ERRORS 0 0 0 3
90.697 4 ROTORCRAFT_FP 0 0 0 0 0 0 0 0 0 0 0 0 0 0 0
90.702 4 ROVER_STATUS 2 0 0 3 0 4 8.221591
90.870 4 GPS_INT 637813700 0 0 0 0 0 -17000 0 0 0 649519424 100000 4250 9999 0 0 1
90.871 4 SVINFO 0 0 0 0 0 0 0
90.886 4 INS 0 0 0 0 0 0 0 0 10045
90.949 4 ROTORCRAFT_FP 0 0 0 0 0 0 0 0 0 0 0 0 0 0 0
90.981 4 DL_VALUE 0 0.
91.069 4 LINK_REPORT 4 -1 91 0 10161 238 0 838. 21. 5 25.33
91.119 4 GPS_INT 637813700 0 0 0 0 0 -17000 0 0 0 649519488 100000 4500 9999 0 0 1
91.120 4 SVINFO 0 0 0 0 0 0 0
91.134 4 INS 0 0 0 0 0 0 0 0 10045
91.199 4 ROTORCRAFT_FP 0 0 0 0 0 0 0 0 0 0 0 0 0 0 0
91.326 4 ENERGY 0 8.230422 0.35 2.880648 8.6e-05 0.000708
91.368 4 GPS_INT 637813700 0 0 0 0 0 -17000 0 0 0 649519616 100000 4750 9999 0 0 1
91.369 4 SVINFO 0 0 0 0 0 0 0
91.384 4 ALIVE 115,86,116,25,135,139,191,218,133,132,114,68,46,15,123,213
91.385 4 INS 0 0 0 0 0 0 0 0 10045
91.447 4 ROTORCRAFT_FP 0 0 0 0 0 0 0 0 0 0 0 0 0 0 0
91.448 4 ROTORCRAFT_NAV_STATUS 0 0 0. 0. 0 0 0
91.527 4 IMU_MAG_RAW 0 0 0
91.617 4 GPS_INT 637813700 0 0 0 0 0 -17000 0 0 0 649519616 100000 4750 9999 0 0 1
91.618 4 SVINFO 0 0 0 0 0 0 0
91.618 4 WP_MOVED_ENU 1 0 0 2560
91.647 4 LIDAR 2.03 72 1
91.648 4 INS 0 0 0 0 0 0 0 0 10045
91.696 4 ROTORCRAFT_FP 0 0 0 0 0 0 0 0 0 0 0 0 0 0 0
91.884 4 INS_REF 485065295 -31589301 411664541 404506309 -37260580 702390 650000 0.
91.884 4 GPS_INT 637813700 0 0 0 0 0 -17000 0 0 0 649519680 100000 5250 9999 0 0 1
91.885 4 SVINFO 0 0 0 0 0 0 0
91.885 4 INS 0 0 0 0 0 0 0 0 10045
91.885 4 ROVER_STATUS 2 0 0 3 0 5 8.230422
91.946 4 ROTORCRAFT_FP 0 0 0 0 0 0 0 0 0 0 0 0 0 0 0
92.070 4 LINK_REPORT 4 -1 92 0 11236 262 0 1075. 24. 5 25.33
92.074 4 DL_VALUE 1 5.
92.116 4 GPS_INT 637813700 0 0 0 0 0 -17000 0 0 0 649519744 100000 5500 9999 0 0 1
92.117 4 SVINFO 0 0 0 0 0 0 0
92.132 4 INS 0 0 0 0 0 0 0 0 10045
92.195 4 ROTORCRAFT_FP 0 0 0 0 0 0 0 0 0 0 0 0 0 0 0
92.242 4 STATE_FILTER_STATUS 6 2 0
92.366 4 GPS_INT 637813700 0 0 0 0 0 -17000 0 0 0 649519872 100000 5750 9999 0 0 1
92.366 4 SVINFO 0 0 0 0 0 0 0
92.381 4 INS 0 0 0 0 0 0 0 0 10045
92.445 4 ROTORCRAFT_FP 0 0 0 0 0 0 0 0 0 0 0 0 0 0 0
92.524 4 IMU_MAG_RAW 0 0 0
92.556 4 AUTOPILOT_VERSION 60200 v6.2_unstable-101-g8a957fd0a
92.615 4 GPS_INT 637813700 0 0 0 0 0 -17000 0 0 0 649519872 100000 6000 9999 0 0 1
92.616 4 SVINFO 0 0 0 0 0 0 0
92.616 4 LIDAR 1.89 72 1
92.630 4 INS 0 0 0 0 0 0 0 0 10045
92.694 4 ROTORCRAFT_FP 0 0 0 0 0 0 0 0 0 0 0 0 0 0 0
92.864 4 GPS_INT 637813700 0 0 0 0 0 -17000 0 0 0 649519936 100000 6250 9999 0 0 1
92.865 4 SVINFO 0 0 0 0 0 0 0
92.865 4 DATALINK_REPORT 2 1 65 421 0 0
92.880 4 INS 0 0 0 0 0 0 0 0 10045
92.927 4 WP_MOVED_ENU 2 7 -1024 2560
92.944 4 ROTORCRAFT_FP 0 0 0 0 0 0 0 0 0 0 0 0 0 0 0
93.039 4 ROTORCRAFT_NAV_STATUS 0 0 0. 0. 0 0 0
93.071 4 ROVER_STATUS 2 0 0 3 0 6 8.009649
93.071 4 LINK_REPORT 4 -1 93 0 12307 287 0 1071. 25. 5 25.33
93.113 4 GPS_INT 637813700 0 0 0 0 0 -17000 0 0 0 649520064 100000 6500 9999 0 0 1
93.114 4 SVINFO 0 0 0 0 0 0 0
93.128 4 INS 0 0 0 0 0 0 0 0 10045
93.195 4 ROTORCRAFT_FP 0 0 0 0 0 0 0 0 0 0 0 0 0 0 0
93.196 4 DL_VALUE 2 5.
93.363 4 GPS_INT 637813700 0 0 0 0 0 -17000 0 0 0 649520128 100000 6750 9999 0 0 1
93.363 4 SVINFO 0 0 0 0 0 0 0
93.378 4 INS 0 0 0 0 0 0 0 0 10045
93.441 4 ROTORCRAFT_FP 0 0 0 0 0 0 0 0 0 0 0 0 0 0 0
93.473 4 ALIVE 115,86,116,25,135,139,191,218,133,132,114,68,46,15,123,213
93.521 4 IMU_MAG_RAW 0 0 0
93.611 4 GPS_INT 637813700 0 0 0 0 0 -17000 0 0 0 649520192 100000 7000 9999 0 0 1
93.612 4 SVINFO 0 0 0 0 0 0 0
93.612 4 LIDAR 1.89 80 1
93.627 4 INS 0 0 0 0 0 0 0 0 10045
93.691 4 ROTORCRAFT_FP 0 0 0 0 0 0 0 0 0 0 0 0 0 0 0
93.722 4 UART_ERRORS 0 0 3 4
93.723 4 UART_ERRORS 0 0 0 5
93.738 4 UART_ERRORS 0 0 0 6
93.819 4 ENERGY 0 8.230422 0.25 2.057606 0.000365 0.002978
93.860 4 GPS_INT 637813700 0 0 0 0 0 -17000 0 0 0 649520256 100000 7250 9999 0 0 1
93.861 4 SVINFO 0 0 0 0 0 0 0
93.876 4 INS 0 0 0 0 0 0 0 0 10045
93.940 4 ROTORCRAFT_FP 0 0 0 0 0 0 0 0 0 0 0 0 0 0 0
94.072 4 LINK_REPORT 4 -1 94 0 13337 311 0 1030. 24. 5 25.33
94.110 4 GPS_INT 637813700 0 0 0 0 0 -17000 0 0 0 649520320 100000 7500 9999 0 0 1
94.111 4 SVINFO 0 0 0 0 0 0 0
94.126 4 INS 0 0 0 0 0 0 0 0 10045
94.189 4 ROTORCRAFT_FP 0 0 0 0 0 0 0 0 0 0 0 0 0 0 0
94.220 4 WP_MOVED_ENU 3 -762 -775 2560
94.268 4 ROVER_STATUS 2 0 0 3 0 7 8.221591
94.284 4 DL_VALUE 3 0.
94.358 4 GPS_INT 637813700 0 0 0 0 0 -17000 0 0 0 649520384 100000 7750 9999 0 0 1
94.359 4 SVINFO 0 0 0 0 0 0 0
94.608 4 SVINFO 0 0 0 0 0 0 0
94.608 4 LIDAR 1.82 80 1
94.624 4 INS 0 0 0 0 0 0 0 0 10045
94.640 4 ROTORCRAFT_NAV_STATUS 0 0 0. 0. 0 0 0
94.857 4 SVINFO 0 0 0 0 0 0 0
95.072 4 LINK_REPORT 4 -1 95 0 13665 319 0 328. 8. 5 25.33
95.107 4 GPS_INT 637813700 0 0 0 0 0 -17000 0 0 0 649520768 100000 8500 9999 0 0 1
95.108 4 SVINFO 0 0 0 0 0 0 0
95.123 4 INS 0 0 0 0 0 0 0 0 10045
95.140 4 LINK_REPORT 4 -1 1 0 180 6 0 180. 6. 0 0.
95.186 4 ROTORCRAFT_FP 0 0 0 0 0 0 0 0 0 0 0 0 0 0 0
95.356 4 GPS_INT 637813700 0 0 0 0 0 -17000 0 0 0 649520768 100000 8750 9999 0 0 1
95.360 4 SVINFO 0 0 0 0 0 0 0
95.381 4 INS 0 0 0 0 0 0 0 0 10045
95.382 4 DL_VALUE 4 1.
95.439 4 ROTORCRAFT_FP 0 0 0 0 0 0 0 0 0 0 0 0 0 0 0
95.440 4 STATE_FILTER_STATUS 6 2 0
95.471 4 ROVER_STATUS 2 0 0 3 0 9 8.230422
95.519 4 WP_MOVED_ENU 4 -504 -1029 2560
95.519 4 IMU_MAG_RAW 0 0 0
95.520 4 PONG 
95.567 4 ALIVE 115,86,116,25,135,139,191,218,133,132,114,68,46,15,123,213
95.609 4 GPS_INT 637813700 0 0 0 0 0 -17000 0 0 0 649520960 100000 9000 9999 0 0 1
95.610 4 SVINFO 0 0 0 0 0 0 0
95.610 4 LIDAR 6.23 80 1
95.625 4 INS 0 0 0 0 0 0 0 0 10045
95.684 4 ROTORCRAFT_FP 0 0 0 0 0 0 0 0 0 0 0 0 0 0 0
95.853 4 GPS_INT 637813700 0 0 0 0 0 -17000 0 0 0 649521024 100000 9250 9999 0 0 1
95.854 4 SVINFO 0 0 0 0 0 0 0
95.869 4 INS 0 0 0 0 0 0 0 0 10045
95.933 4 ROTORCRAFT_FP 0 0 0 0 0 0 0 0 0 0 0 0 0 0 0
96.073 4 LINK_REPORT 4 -1 96 0 14681 343 0 1016. 24. 6 30.15
96.103 4 GPS_INT 637813700 0 0 0 0 0 -17000 0 0 0 649521152 100000 9500 9999 0 0 1
96.104 4 SVINFO 0 0 0 0 0 0 0
96.119 4 INS 0 0 0 0 0 0 0 0 10045
96.140 4 LINK_REPORT 4 -1 2 0 180 6 0 0. 0. 0 0.
96.183 4 ROTORCRAFT_FP 0 0 0 0 0 0 0 0 0 0 0 0 0 0 0
96.230 4 ROTORCRAFT_NAV_STATUS 0 0 0. 0. 0 0 0
96.310 4 ENERGY 0 8.221591 0.275 2.260938 0.000619 0.005069
96.352 4 GPS_INT 637813700 0 0 0 0 0 -17000 0 0 0 649521280 100000 9750 9999 0 0 1
96.353 4 SVINFO 0 0 0 0 0 0 0
96.368 4 INS 0 0 0 0 0 0 8 17 -644
96.432 4 ROTORCRAFT_FP 0 0 0 0 0 0 -12857 -7 -7645 0 0 0 0 0 0
96.464 4 DL_VALUE 5 1.
96.602 4 SVINFO 0 0 0 0 0 0 0
96.602 4 LIDAR 6.44 88 1
96.618 4 INS 0 0 0 0 0 0 -40 10 -630
96.683 4 ROTORCRAFT_FP 0 0 0 0 0 0 -12857 -8 -7644 0 0 0 0 0 0
96.683 4 ROVER_STATUS 2 0 0 3 0 10 8.221591
96.808 4 WP_MOVED_ENU 5 519 -1021 2560
96.808 4 UART_ERRORS 0 0 0 1
96.824 4 UART_ERRORS 0 0 0 2
96.851 4 GPS_INT 637813700 0 0 0 0 0 -17000 0 0 0 649521472 100000 10250 9999 0 0 1
96.852 4 SVINFO 0 0 0 0 0 0 0
96.930 4 ROTORCRAFT_FP 0 0 0 0 0 0 -12857 -7 -7644 0 0 0 0 0 0
96.932 4 INS_REF 485065295 -31589301 411664541 404506309 -37260580 702390 650000 0.
97.073 4 LINK_REPORT 4 -1 97 0 15299 356 0 618. 13. 6 30.15
97.100 4 GPS_INT 637813700 0 0 0 0 0 -17000 0 0 0 649521600 100000 10500 9999 0 0 1
97.101 4 SVINFO 0 0 0 0 0 0 0
97.116 4 INS 0 0 0 0 0 0 -22 11 -625
97.141 4 LINK_REPORT 4 -1 3 0 521 16 0 341. 10. 0 0.
97.349 4 SVINFO 0 0 0 0 0 0 0
97.365 4 INS 0 0 0 0 0 0 23 -25 -639
97.428 4 ROTORCRAFT_FP 0 0 0 0 0 0 -12856 -7 -7645 0 0 0 0 0 0
97.508 4 IMU_MAG_RAW 0 0 0
97.599 4 GPS_INT 637813700 0 0 0 0 0 -17000 0 0 0 649521856 100000 11000 9999 0 0 1
97.599 4 SVINFO 0 0 0 0 0 0 0
97.600 4 LIDAR 6.42 88 1
97.662 4 ALIVE 115,86,116,25,135,139,191,218,133,132,114,68,46,15,123,213
97.688 4 UBLOX_INFO 38400 0 0 0 0 7 3
97.873 4 SVINFO 0 0 0 0 0 0 0
97.874 4 INS 0 0 0 0 0 0 -3 -1 -596
97.874 4 ROVER_STATUS 2 0 0 3 0 11 8.230422
97.922 4 ROTORCRAFT_FP 0 0 0 0 0 0 -12855 -7 -7645 0 0 0 0 0 0
98.075 4 LINK_REPORT 4 -1 98 0 15745 367 0 446. 11. 6 30.15
98.098 4 GPS_INT 637813700 0 0 0 0 0 -17000 0 0 0 649522112 100000 11500 9999 0 0 1
98.098 4 SVINFO 0 0 0 0 0 0 0
98.099 4 WP_MOVED_ENU 6 760 1031 2560
98.113 4 INS 0 0 0 0 0 0 -3 -6 -644
98.142 4 LINK_REPORT 4 -1 4 0 711 21 0 190. 5. 0 0.
98.179 4 ROTORCRAFT_FP 0 0 0 0 0 0 -12855 -7 -7645 0 0 0 0 0 0
98.346 4 GPS_INT 637813700 0 0 0 0 0 -17000 0 0 0 649522240 100000 11750 9999 0 0 1
98.347 4 SVINFO 0 0 0 0 0 0 0
98.362 4 INS 0 0 0 0 0 0 -6 68 -606
98.426 4 ROTORCRAFT_FP 0 0 0 0 0 0 -12855 -7 -7645 0 0 0 0 0 0
98.505 4 IMU_MAG_RAW 0 0 0
98.596 4 GPS_INT 637813700 0 0 0 0 0 -17000 0 0 0 649522368 100000 12000 9999 0 0 1
98.597 4 SVINFO 0 0 0 0 0 0 0
98.597 4 LIDAR 6.44 96 1
98.626 4 INS 0 0 0 0 0 0 15 -3 -582
98.627 4 STATE_FILTER_STATUS 6 3 0
98.674 4 ROTORCRAFT_FP 0 0 0 0 0 0 -12854 -6 -7645 0 0 0 0 0 0
98.675 4 DL_VALUE 7 1.
98.802 4 ENERGY 0 8.221591 0.3 2.466477 0.000822 0.006736
98.845 4 GPS_INT 637813700 0 0 0 0 0 -17000 0 0 0 649522496 100000 12250 9999 0 0 1
98.846 4 SVINFO 0 0 0 0 0 0 0
98.861 4 INS 0 0 0 0 0 0 -6 -8 -644
98.925 4 ROTORCRAFT_FP 0 0 0 0 0 0 -12854 -6 -7646 0 0 0 0 0 0
99.052 4 ROVER_STATUS 2 0 0 3 0 12 8.230422
99.075 4 LINK_REPORT 4 -1 99 0 16752 390 0 1007. 23. 6 30.15
99.095 4 GPS_INT 637813700 0 0 0 0 0 -17000 0 0 0 649522688 100000 12500 9999 0 0 1
99.095 4 SVINFO 0 0 0 0 0 0 0
99.110 4 INS 0 0 0 0 0 0 -3 13 -587
99.143 4 LINK_REPORT 4 -1 5 0 711 21 0 0. 0. 0 0.
99.175 4 ROTORCRAFT_FP 0 0 0 0 0 0 -12853 -6 -7646 0 0 0 0 0 0
99.344 4 GPS_INT 637813700 0 0 0 0 0 -17000 0 0 0 649522816 100000 12750 9999 0 0 1
99.345 4 SVINFO 0 0 0 0 0 0 0
99.360 4 INS 0 0 0 0 0 0 20 2 -620
99.434 4 ROTORCRAFT_NAV_STATUS 0 0 0. 0. 0 0 0
99.593 4 GPS_INT 637813700 0 0 0 0 0 -17000 0 0 0 649522944 100000 13000 9999 0 0 1
99.593 4 SVINFO 0 0 0 0 0 0 0
99.594 4 LIDAR 6.45 96 1
99.608 4 INS 0 0 0 0 0 0 8 31 -644
99.672 4 PONG 
99.752 4 DL_VALUE 8 3.
99.842 4 GPS_INT 637813700 0 0 0 0 0 -17000 0 0 0 649523072 100000 13250 9999 0 0 1
99.843 4 SVINFO 0 0 0 0 0 0 0
99.858 4 INS 0 0 0 0 0 0 12 -11 -620
99.932 4 ROTORCRAFT_FP 0 0 0 0 0 0 -12852 -5 -7646 0 0 0 0 0 0
99.933 4 UART_ERRORS 0 0 0 3
99.933 4 UART_ERRORS 0 0 3 4
99.933 4 UART_ERRORS 0 0 0 5
99.934 4 UART_ERRORS 0 0 0 6
100.076 4 LINK_REPORT 4 -1 100 0 17599 411 0 847. 21. 6 30.15
100.091 4 GPS_INT 637813700 0 0 0 0 0 -17000 0 0 0 649523264 100000 13500 9999 0 0 1
100.092 4 SVINFO 0 0 0 0 0 0 0
100.106 4 INS 0 0 0 0 0 0 16 0 -606
100.143 4 LINK_REPORT 4 -1 6 0 724 22 0 13. 1. 1 31.38
100.171 4 ROTORCRAFT_FP 0 0 0 0 0 0 -12852 -5 -7646 0 0 0 0 0 0
100.250 4 ROVER_STATUS 2 0 0 3 0 13 8.221591
100.340 4 GPS_INT 637813700 0 0 0 0 0 -17000 0 0 0 649523392 100000 13750 9999 0 0 1
100.341 4 SVINFO 0 0 0 0 0 0 0
100.356 4 INS 0 0 0 0 0 0 2 16 -606
100.420 4 ROTORCRAFT_FP 0 0 0 0 0 0 -12852 -4 -7647 0 0 0 0 0 0
100.499 4 IMU_MAG_RAW 0 0 0
100.515 4 PONG 
100.590 4 GPS_INT 637813700 0 0 0 0 0 -17000 0 0 0 649523584 100000 14000 9999 0 0 1
100.591 4 SVINFO 0 0 0 0 0 0 0
100.592 4 LIDAR 6.4 104 1
100.605 4 INS 0 0 0 0 0 0 13 19 -654
100.669 4 ROTORCRAFT_FP 0 0 0 0 0 0 -12852 -4 -7647 0 0 0 0 0 0
100.701 4 WP_MOVED_ENU 8 -760 -1031 2560
100.839 4 GPS_INT 637813700 0 0 0 0 0 -17000 0 0 0 649523776 100000 14250 9999 0 0 1
100.840 4 SVINFO 0 0 0 0 0 0 0
100.855 4 INS 0 0 0 0 0 0 -10 1 -596
100.855 4 DL_VALUE 9 1.
100.919 4 ROTORCRAFT_FP 0 0 0 0 0 0 -12851 -4 -7647 0 0 0 0 0 0
101.015 4 ROTORCRAFT_NAV_STATUS 0 0 0. 0. 0 0 0
101.077 4 LINK_REPORT 4 -1 101 0 18571 433 0 972. 22. 7 25.52
101.089 4 GPS_INT 637813700 0 0 0 0 0 -17000 0 0 0 649523904 100000 14500 9999 0 0 1
101.090 4 SVINFO 0 0 0 0 0 0 0
101.104 4 INS 0 0 0 0 0 0 33 4 -615
101.144 4 LINK_REPORT 4 -1 7 0 749 23 0 25. 1. 1 31.38
101.168 4 ROTORCRAFT_FP 0 0 0 0 0 0 -12850 -3 -7647 0 0 0 0 0 0
101.295 4 ENERGY 0 8.221591 0.25 2.055398 0.001011 0.00829
101.337 4 GPS_INT 637813700 0 0 0 0 0 -17000 0 0 0 649524032 100000 14750 9999 0 0 1
101.338 4 SVINFO 0 0 0 0 0 0 0
101.353 4 INS 0 0 0 0 0 0 -26 -7 -601
101.417 4 ROTORCRAFT_FP 0 0 0 0 0 0 -12850 -3 -7647 0 0 0 0 0 0
101.449 4 ROVER_STATUS 2 0 0 3 0 15 8.221591
101.915 4 ROTORCRAFT_FP 0 0 0 0 0 0 -12850 -3 -7647 0 0 0 0 0 0
102.078 4 LINK_REPORT 4 -1 102 0 19051 443 0 480. 10. 7 25.52
102.144 4 LINK_REPORT 4 -1 8 0 820 24 0 71. 1. 1 31.38
102.164 4 ROTORCRAFT_FP 0 0 0 0 0 0 -12850 -3 -7647 0 0 0 0 0 0
102.493 4 IMU_MAG_RAW 0 0 0
102.912 4 ROTORCRAFT_FP 0 0 0 0 0 0 -12851 -2 -7647 0 0 0 0 0 0
103.079 4 LINK_REPORT 4 -1 103 1 19051 443 0 0. 0. 7 25.52
103.145 4 LINK_REPORT 4 -1 9 0 987 27 0 167. 3. 1 31.38
103.659 4 ROTORCRAFT_FP 0 0 0 0 0 0 -12851 -2 -7648 0 0 0 0 0 0
103.787 4 GPS_INT 637813700 0 0 0 0 0 -17000 0 0 0 649524224 100000 15000 9999 0 0 1
103.788 4 SVINFO 0 0 0 0 0 0 0
103.789 4 LIDAR 1.64 104 4
103.789 4 INS 0 0 0 0 0 0 5 -3 -644
103.790 4 ROTORCRAFT_FP 0 0 0 0 0 0 -12850 -3 -7647 0 0 0 0 0 0
103.791 4 STATE_FILTER_STATUS 6 3 0
103.791 4 GPS_INT 637813700 0 0 0 0 0 -17000 0 0 0 649524416 100000 15250 9999 0 0 1
103.792 4 SVINFO 0 0 0 0 0 0 0
103.793 4 ALIVE 115,86,116,25,135,139,191,218,133,132,114,68,46,15,123,213
103.794 4 INS 0 0 0 0 0 0 -12 8 -606
103.794 4 DL_VALUE 10 3.
103.795 4 INS_REF 485065295 -31589301 411664541 404506309 -37260580 702390 650000 0.
103.795 4 WP_MOVED_ENU 9 -775 1018 2560
103.796 4 GPS_INT 637813700 0 0 0 0 0 -17000 0 0 0 649524608 100000 15500 9999 0 0 1
103.796 4 SVINFO 0 0 0 0 0 0 0
103.796 4 INS 0 0 0 0 0 0 -19 37 -606
103.797 4 GPS_INT 637813700 0 0 0 0 0 -17000 0 0 0 649524800 100000 15750 9999 0 0 1
103.797 4 SVINFO 0 0 0 0 0 0 0
103.798 4 INS 0 0 0 0 0 0 30 32 -582
103.798 4 ROTORCRAFT_FP 0 0 0 0 0 0 -12850 -3 -7647 0 0 0 0 0 0
103.799 4 I2C_ERRORS 0 0 2456 0 0 0 0 0 0 0 0 2
103.799 4 GPS_INT 637813700 0 0 0 0 0 -17000 0 0 0 649524928 100000 16000 9999 0 0 1
103.800 4 SVINFO 0 0 0 0 0 0 0
103.800 4 LIDAR 1.71 104 1
103.800 4 INS 0 0 0 0 0 0 57 24 -587
103.800 4 ROTORCRAFT_NAV_STATUS 0 0 0. 0. 0 0 0
103.801 4 ROTORCRAFT_FP 0 0 0 0 0 0 -12850 -2 -7647 0 0 0 0 0 0
103.802 4 ROVER_STATUS 2 0 0 3 0 16 8.221591
103.802 4 GPS_INT 637813700 0 0 0 0 0 -17000 0 0 0 649525120 100000 16250 9999 0 0 1
103.802 4 SVINFO 0 0 0 0 0 0 0
103.803 4 INS 0 0 0 0 0 0 10 19 -591
103.803 4 UART_ERRORS 0 0 0 1
103.803 4 DATALINK_REPORT 2 4 311 1019 0 0
103.803 4 DL_VALUE 11 0.
103.804 4 GPS_INT 637813700 0 0 0 0 0 -17000 0 0 0 649525376 100000 16500 9999 0 0 1
103.804 4 SVINFO 0 0 0 0 0 0 0
103.804 4 INS 0 0 0 0 0 0 11 3 -630
103.805 4 ROTORCRAFT_FP 0 0 0 0 0 0 -12851 -3 -7647 0 0 0 0 0 0
103.805 4 WP_MOVED_ENU 10 10160 10329 2560
103.806 4 GPS_INT 637813700 0 0 0 0 0 -17000 0 0 0 649525568 100000 16750 9999 0 0 1
103.806 4 SVINFO 0 0 0 0 0 0 0
103.806 4 INS 0 0 0 0 0 0 20 6 -539
103.806 4 SVINFO 0 0 0 0 0 0 0
103.807 4 LIDAR 5.09 112 1
103.807 4 INS 0 0 0 0 0 0 82 8 -601
103.808 4 AUTOPILOT_VERSION 60200 v6.2_unstable-101-g8a957fd0a
103.829 4 SVINFO 0 0 0 0 0 0 0
103.855 4 INS 0 0 0 0 0 0 30 55 -572
103.855 4 ROVER_STATUS 2 0 0 3 0 17 8.221591
103.903 4 ROTORCRAFT_FP 0 0 0 0 0 0 -12851 -2 -7648 0 0 0 0 0 0
103.935 4 ALIVE 115,86,116,25,135,139,191,218,133,132,114,68,46,15,123,213
104.078 4 SVINFO 0 4 16 1 0 -91 0
104.079 4 LINK_REPORT 4 -1 104 0 21137 494 0 2086. 51. 7 25.52
104.094 4 INS 0 0 0 0 0 0 9 -3 -620
104.145 4 LINK_REPORT 4 -1 10 0 1128 30 0 141. 3. 1 31.38
104.158 4 DL_VALUE 12 6.
104.206 4 ROTORCRAFT_NAV_STATUS 0 0 0. 0. 0 0 0
104.328 4 GPS_INT 637813700 0 0 0 0 0 -17000 0 0 0 649526272 100000 17750 9999 0 0 1
104.329 4 SVINFO 0 4 16 1 0 -91 0
104.344 4 INS 0 0 0 0 0 0 -1 -1 -610
104.407 4 ROTORCRAFT_FP 0 0 0 0 0 0 -12851 -1 -7648 0 0 0 0 0 0
104.490 4 IMU_MAG_RAW 0 0 0
104.577 4 GPS_INT 637813700 0 0 0 0 0 -17000 0 0 0 649526528 100000 18000 9999 0 0 1
104.577 4 SVINFO 0 4 16 1 0 -91 0
104.578 4 WP_MOVED_ENU 11 10329 -10160 2560
104.607 4 LIDAR 6.03 112 1
104.607 4 INS 0 0 0 0 0 0 35 20 -601
104.656 4 ROTORCRAFT_FP 0 0 0 0 0 0 -12851 -1 -7649 0 0 0 0 0 0
104.671 4 PONG 
104.826 4 GPS_INT 637813700 0 0 0 0 0 -17000 0 0 0 649526720 100000 18250 9999 0 0 1
104.827 4 SVINFO 0 4 16 1 0 -91 0
105.076 4 SVINFO 0 4 16 1 0 -91 0
105.080 4 LINK_REPORT 4 -1 105 0 21684 508 0 547. 14. 7 4181.1
105.091 4 INS 0 0 0 0 0 0 16 27 -587
105.147 4 LINK_REPORT 4 -1 11 0 1244 33 0 116. 3. 2 -4969.29
105.155 4 ROTORCRAFT_FP 0 0 0 0 0 0 -12851 -1 -7649 0 0 0 0 0 0
105.234 4 DL_VALUE 13 0.
105.326 4 GPS_INT 637813700 0 0 0 0 0 -17000 0 0 0 649527168 100000 18750 9999 0 0 1
105.326 4 SVINFO 0 4 16 1 0 -91 0
105.484 4 IMU_MAG_RAW 0 0 0
105.516 4 PONG 
105.575 4 GPS_INT 637813700 0 0 0 0 0 -17000 0 0 0 649527424 100000 19000 9999 0 0 1
105.576 4 SVINFO 0 4 16 1 0 -91 0
105.577 4 LIDAR 1.56 120 1
105.591 4 INS 0 0 0 0 0 0 4 35 -610
105.654 4 ROTORCRAFT_FP 0 0 0 0 0 0 -12851 -1 -7650 0 0 0 0 0 0
105.798 4 ROTORCRAFT_NAV_STATUS 0 0 0. 0. 0 0 0
105.844 4 GPS_INT 637813700 0 0 0 0 0 -17000 0 0 0 649527616 100000 19250 9999 0 0 1
105.845 4 SVINFO 0 4 16 1 0 -91 0
105.845 4 INS 0 0 0 0 0 0 43 13 -615
105.875 4 WP_MOVED_ENU 12 -10160 -10329 2560
105.907 4 ROTORCRAFT_FP 0 0 0 0 0 0 -12851 -1 -7650 0 0 0 0 0 0
106.034 4 ALIVE 115,86,116,25,135,139,191,218,133,132,114,68,46,15,123,213
106.077 4 GPS_INT 637813700 0 0 0 0 0 -17000 0 0 0 649527872 100000 19500 9999 0 0 1
106.078 4 SVINFO 0 4 16 1 0 -91 0
106.081 4 LINK_REPORT 4 -1 106 0 21913 513 0 229. 5. 8 -819.53
106.103 4 INS 0 0 0 0 0 0 13 0 -567
106.103 4 UART_ERRORS 0 0 0 2
106.104 4 UART_ERRORS 0 0 0 3
106.104 4 UART_ERRORS 0 0 3 4
106.104 4 UART_ERRORS 0 0 0 5
106.148 4 LINK_REPORT 4 -1 12 0 2027 54 0 783. 21. 2 875.6
106.151 4 ROTORCRAFT_FP 0 0 0 0 0 0 -12851 -1 -7650 0 0 0 0 0 0
106.230 4 ROVER_STATUS 2 0 0 3 0 19 8.221591
106.278 4 ENERGY 0 8.221591 0.3 2.466477 0.00139 0.011407
106.321 4 GPS_INT 637813700 0 0 0 0 0 -17000 0 0 0 649528064 100000 19750 9999 0 0 1
106.322 4 SVINFO 0 4 16 1 0 -91 0
106.347 4 INS 0 0 0 0 0 0 14 15 -606
106.348 4 DL_VALUE 14 0.
106.395 4 ROTORCRAFT_FP 0 0 0 0 0 0 -12851 -1 -7651 0 0 0 0 0 0
106.475 4 IMU_MAG_RAW 0 0 0
106.571 4 GPS_INT 637813700 0 0 0 0 0 -17000 0 0 0 649528320 100000 20000 9999 0 0 1
106.572 4 SVINFO 0 4 16 1 0 -91 0
106.572 4 LIDAR 1.89 120 1
106.587 4 INS 0 0 0 0 0 0 53 19 -610
106.651 4 ROTORCRAFT_FP 0 0 0 0 0 0 -12851 -1 -7651 0 0 0 0 0 0
106.820 4 GPS_INT 637813700 0 0 0 0 0 -17000 0 0 0 649528512 100000 20250 9999 0 0 1
106.821 4 SVINFO 0 4 16 1 0 -91 0
106.836 4 INS 0 0 0 0 0 0 30 21 -587
107.081 4 SVINFO 0 4 16 1 0 -91 0
107.081 4 LINK_REPORT 4 -1 107 1 21913 513 0 0. 0. 8 -819.53
107.081 4 INS_REF 485065295 -31589301 411664541 404506309 -37260580 702390 650000 0.
107.082 4 INS 0 0 0 0 0 0 29 22 -634
107.146 4 ROTORCRAFT_FP 0 0 0 0 0 0 -12852 -1 -7652 0 0 0 0 0 0
107.148 4 LINK_REPORT 4 -1 13 0 2966 75 0 939. 21. 2 875.6
107.176 4 WP_MOVED_ENU 13 -10329 10160 2560
107.319 4 GPS_INT 637813700 0 0 0 0 0 -17000 0 0 0 649529024 100000 20750 9999 0 0 1
107.319 4 SVINFO 0 4 16 1 0 -91 0
107.334 4 INS 0 0 0 0 0 0 6 29 -610
107.398 4 ROTORCRAFT_FP 0 0 0 0 0 0 -12852 -1 -7652 0 0 0 0 0 0
107.399 4 ROTORCRAFT_NAV_STATUS 0 0 0. 0. 0 0 0
107.430 4 ROVER_STATUS 2 0 0 3 0 21 8.221591
107.430 4 DL_VALUE 15 0.
107.478 4 IMU_MAG_RAW 0 0 0
107.568 4 GPS_INT 637813700 0 0 0 0 0 -17000 0 0 0 649529280 100000 21000 9999 0 0 1
107.569 4 SVINFO 0 4 16 1 0 -91 0
107.569 4 LIDAR 2.91 120 1
107.583 4 INS 0 0 0 0 0 0 34 5 -596
107.817 4 SVINFO 0 4 16 1 0 -91 0
107.833 4 INS 0 0 0 0 0 0 3 9 -596
108.067 4 SVINFO 0 4 16 1 0 -91 0
108.081 4 LINK_REPORT 4 -1 108 2 21913 513 0 0. 0. 8 -819.53
108.093 4 INS 0 0 0 0 0 0 12 39 -591
108.093 4 DATALINK_REPORT 2 6 434 1045 0 0
108.127 4 ALIVE 115,86,116,25,135,139,191,218,133,132,114,68,46,15,123,213
108.149 4 LINK_REPORT 4 -1 14 0 3651 94 0 685. 19. 2 875.6
108.152 4 ROTORCRAFT_FP 0 0 0 0 0 0 -12852 -1 -7653 0 0 0 0 0 0
108.183 4 STATE_FILTER_STATUS 6 3 0
108.311 4 GPS_INT 637813700 0 0 0 0 0 -17000 0 0 0 649529920 100000 21750 9999 0 0 1
108.312 4 SVINFO 0 4 16 1 0 -91 0
108.327 4 INS 0 0 0 0 0 0 12 2 -654
108.392 4 ROTORCRAFT_FP 0 0 0 0 0 0 -12852 -1 -7653 0 0 0 0 0 0
108.471 4 WP_MOVED_ENU 0 0 0 2560
108.471 4 IMU_MAG_RAW 0 0 0
108.535 4 DL_VALUE 16 0.
108.565 4 GPS_INT 637813700 0 0 0 0 0 -17000 0 0 0 649530240 100000 22000 9999 0 0 1
108.566 4 SVINFO 0 4 16 1 0 -91 0
108.567 4 LIDAR 5.49 128 1
108.581 4 INS 0 0 0 0 0 0 10 13 -606
108.645 4 ROTORCRAFT_FP 0 0 0 0 0 0 -12852 0 -7653 0 0 0 0 0 0
108.646 4 ROVER_STATUS 2 0 0 3 0 22 8.221591
108.772 4 ENERGY 0 8.221591 0.25 2.055398 0.001581 0.012971
108.815 4 GPS_INT 637813700 0 0 0 0 0 -17000 0 0 0 649530496 100000 22250 9999 0 0 1
108.816 4 SVINFO 0 4 16 1 0 -91 0
108.830 4 INS 0 0 0 0 0 0 31 -3 -639
108.895 4 ROTORCRAFT_FP 0 0 0 0 0 0 -12852 -1 -7654 0 0 0 0 0 0
108.999 4 ROTORCRAFT_NAV_STATUS 0 0 0. 0. 0 0 0
109.064 4 SVINFO 0 4 16 1 0 -91 0
109.079 4 INS 0 0 0 0 0 0 23 -9 -625
109.082 4 LINK_REPORT 4 -1 109 0 21983 515 0 70. 2. 8 -819.53
109.150 4 LINK_REPORT 4 -1 15 0 4546 115 0 895. 21. 2 875.6
109.174 4 UART_ERRORS 0 0 0 6
109.312 4 GPS_INT 637813700 0 0 0 0 0 -17000 0 0 0 649531008 100000 22750 9999 0 0 1
109.313 4 SVINFO 0 4 16 1 0 -91 0
109.329 4 INS 0 0 0 0 0 0 50 -13 -596
109.392 4 ROTORCRAFT_FP 0 0 0 0 0 0 -12853 0 -7655 0 0 0 0 0 0
109.472 4 IMU_MAG_RAW 0 0 0
109.562 4 SVINFO 0 4 16 1 0 -91 0
109.562 4 LIDAR 5.81 128 1
109.578 4 INS 0 0 0 0 0 0 -17 -21 -634
109.641 4 ROTORCRAFT_FP 0 0 0 0 0 0 -12852 0 -7655 0 0 0 0 0 0
109.642 4 DL_VALUE 17 0.
109.672 4 PONG 
109.768 4 WP_MOVED_ENU 1 0 0 2560
109.812 4 GPS_INT 637813700 0 0 0 0 0 -17000 0 0 0 649531520 100000 23250 9999 0 0 1
109.813 4 SVINFO 0 4 16 1 0 -91 0
109.837 4 INS 0 0 0 0 0 0 30 -6 -596
109.838 4 ROVER_STATUS 2 0 0 3 0 23 8.221591
109.886 4 ROTORCRAFT_FP 0 0 0 0 0 0 -12852 0 -7656 0 0 0 0 0 0
110.060 4 GPS_INT 637813700 0 0 0 0 0 -17000 0 0 0 649531776 100000 23500 9999 0 0 1
110.061 4 SVINFO 0 4 16 1 0 -91 0
110.083 4 LINK_REPORT 4 -1 110 0 22008 516 0 25. 1. 8 -819.53
110.151 4 LINK_REPORT 4 -1 16 0 5320 134 0 774. 19. 3 31.
110.220 4 ALIVE 115,86,116,25,135,139,191,218,133,132,114,68,46,15,123,213
110.310 4 GPS_INT 637813700 0 0 0 0 0 -17000 0 0 0 649532032 100000 23750 9999 0 0 1
110.310 4 SVINFO 0 4 16 1 0 -91 0
110.469 4 IMU_MAG_RAW 0 0 0
110.516 4 PONG 
110.559 4 GPS_INT 637813700 0 0 0 0 0 -17000 0 0 0 649532352 100000 24000 9999 0 0 1
110.560 4 SVINFO 0 4 16 1 0 -91 0
110.560 4 LIDAR 1.71 130 1
110.575 4 INS 0 0 0 0 0 0 30 12 -596
110.591 4 ROTORCRAFT_NAV_STATUS 0 0 0. 0. 0 0 0
110.639 4 ROTORCRAFT_FP 0 0 0 0 0 0 -12852 0 -7657 0 0 0 0 0 0
110.719 4 DL_VALUE 18 0.
110.808 4 SVINFO 0 4 16 1 0 -91 0
111.057 4 GPS_INT 637813700 0 0 0 0 0 -17000 0 0 0 649532928 100000 24500 9999 0 0 1
111.058 4 SVINFO 0 4 16 1 0 -91 0
111.058 4 WP_MOVED_ENU 2 7 -1024 2560
111.073 4 INS 0 0 0 0 0 0 43 -8 -620
111.084 4 LINK_REPORT 4 -1 111 0 22042 518 0 34. 2. 9 25.31
111.151 4 LINK_REPORT 4 -1 17 0 5908 149 0 588. 15. 3 31.
111.264 4 ENERGY 0 8.221591 0.3 2.466477 0.001776 0.014582
111.306 4 SVINFO 0 4 16 1 0 -91 0
111.386 4 STATE_FILTER_STATUS 6 3 0
111.466 4 IMU_MAG_RAW 0 0 0
111.556 4 GPS_INT 637813700 0 0 0 0 0 -17000 0 0 0 649533504 100000 25000 9999 0 0 1
111.557 4 SVINFO 0 4 16 1 0 -91 0
111.557 4 LIDAR 1.76 136 1
111.572 4 INS 0 0 0 0 0 0 -28 -4 -577
111.635 4 ROTORCRAFT_FP 0 0 0 0 0 0 -12853 1 -7659 0 0 0 0 0 0
111.805 4 GPS_INT 637813700 0 0 0 0 0 -17000 0 0 0 649533824 100000 25250 9999 0 0 1
111.806 4 SVINFO 0 4 16 1 0 -91 0
111.821 4 INS 0 0 0 0 0 0 33 -3 -630
111.825 4 DL_VALUE 19 1.
111.885 4 ROTORCRAFT_FP 0 0 0 0 0 0 -12853 0 -7659 0 0 0 0 0 0
112.054 4 GPS_INT 637813700 0 0 0 0 0 -17000 0 0 0 649534080 100000 25500 9999 0 0 1
112.055 4 SVINFO 0 4 16 1 0 -91 0
112.070 4 INS 0 0 0 0 0 0 42 60 -610
112.084 4 LINK_REPORT 4 -1 112 0 22063 519 0 21. 1. 9 25.31
112.133 4 ROTORCRAFT_FP 0 0 0 0 0 0 -12853 0 -7659 0 0 0 0 0 0
112.149 4 INS_REF 485065295 -31589301 411664541 404506309 -37260580 702390 650000 0.
112.152 4 LINK_REPORT 4 -1 18 0 6699 167 0 791. 18. 3 31.
112.181 4 ROTORCRAFT_NAV_STATUS 0 0 0. 0. 0 0 0
112.213 4 ROVER_STATUS 2 0 0 3 0 25 8.221591
112.276 4 UART_ERRORS 0 0 0 3
112.276 4 UART_ERRORS 0 0 3 4
112.307 4 GPS_INT 637813700 0 0 0 0 0 -17000 0 0 0 649534336 100000 25750 9999 0 0 1
112.308 4 SVINFO 0 4 16 1 0 -91 0
112.308 4 ALIVE 115,86,116,25,135,139,191,218,133,132,114,68,46,15,123,213
112.323 4 INS 0 0 0 0 0 0 22 46 -625
112.354 4 WP_MOVED_ENU 3 -762 -775 2560
112.387 4 ROTORCRAFT_FP 0 0 0 0 0 0 -12853 1 -7660 0 0 0 0 0 0
112.466 4 IMU_MAG_RAW 0 0 0
112.557 4 GPS_INT 637813700 0 0 0 0 0 -17000 0 0 0 649534720 100000 26000 9999 0 0 1
112.560 4 SVINFO 0 4 16 1 0 -91 0
112.561 4 LIDAR 1.71 136 1
112.572 4 INS 0 0 0 0 0 0 34 -4 -620
112.632 4 ROTORCRAFT_FP 0 0 0 0 0 0 -12853 0 -7660 0 0 0 0 0 0
112.802 4 GPS_INT 637813700 0 0 0 0 0 -17000 0 0 0 649534976 100000 26250 9999 0 0 1
112.802 4 SVINFO 0 4 16 1 0 -91 0
112.818 4 INS 0 0 0 0 0 0 25 -14 -591
113.052 4 GPS_INT 637813700 0 0 0 0 0 -17000 0 0 0 649535232 100000 26500 9999 0 0 1
113.052 4 SVINFO 0 4 16 1 0 -91 0
113.067 4 INS 0 0 0 0 0 0 9 -19 -634
113.084 4 LINK_REPORT 4 -1 113 0 22103 521 0 40. 2. 9 25.31
113.131 4 ROTORCRAFT_FP 0 0 0 0 0 0 -12853 1 -7661 0 0 0 0 0 0
113.153 4 LINK_REPORT 4 -1 19 0 7624 188 0 925. 21. 3 31.
113.162 4 DATALINK_REPORT 2 8 557 1035 0 0
113.301 4 GPS_INT 637813700 0 0 0 0 0 -17000 0 0 0 649535552 100000 26750 9999 0 0 1
113.302 4 SVINFO 0 4 16 1 0 -91 0
113.316 4 INS 0 0 0 0 0 0 6 27 -625
113.381 4 ROTORCRAFT_FP 0 0 0 0 0 0 -12853 1 -7661 0 0 0 0 0 0
113.412 4 ROVER_STATUS 2 0 0 3 0 27 8.221591
113.550 4 GPS_INT 637813700 0 0 0 0 0 -17000 0 0 0 649535872 100000 27000 9999 0 0 1
113.552 4 SVINFO 0 4 16 1 0 -91 0
113.552 4 LIDAR 1.57 144 1
113.566 4 INS 0 0 0 0 0 0 33 -15 -677
113.629 4 ROTORCRAFT_FP 0 0 0 0 0 0 -12853 1 -7661 0 0 0 0 0 0
113.661 4 WP_MOVED_ENU 4 -504 -1029 2560
113.757 4 ENERGY 0 8.221591 0.35 2.877557 0.00197 0.016175
113.773 4 ROTORCRAFT_NAV_STATUS 0 0 0. 0. 0 0 0
113.803 4 GPS_INT 637813700 0 0 0 0 0 -17000 0 0 0 649536192 100000 27250 9999 0 0 1
113.804 4 SVINFO 0 4 16 1 0 -91 0
113.819 4 INS 0 0 0 0 0 0 -5 11 -630
113.879 4 ROTORCRAFT_FP 0 0 0 0 0 0 -12854 1 -7662 0 0 0 0 0 0
114.007 4 DL_VALUE 21 1.
114.048 4 SVINFO 0 4 16 1 0 -91 0
114.085 4 LINK_REPORT 4 -1 114 1 22103 521 0 0. 0. 9 25.31
114.153 4 LINK_REPORT 4 -1 20 0 8451 208 0 827. 20. 3 31.
114.297 4 GPS_INT 637813700 0 0 0 0 0 -17000 0 0 0 649536768 100000 27750 9999 0 0 1
114.298 4 SVINFO 0 4 16 1 0 -91 0
114.313 4 INS 0 0 0 0 0 0 -4 3 -630
114.377 4 ROTORCRAFT_FP 0 0 0 0 0 0 -12854 2 -7663 0 0 0 0 0 0
114.408 4 ALIVE 115,86,116,25,135,139,191,218,133,132,114,68,46,15,123,213
114.456 4 IMU_MAG_RAW 0 0 0
114.547 4 GPS_INT 637813700 0 0 0 0 0 -17000 0 0 0 649537152 100000 28000 9999 0 0 1
114.547 4 SVINFO 0 4 16 1 0 -91 0
114.548 4 LIDAR 2.02 144 1
114.576 4 INS 0 0 0 0 0 0 12 1 -649
114.576 4 STATE_FILTER_STATUS 6 3 0
114.624 4 ROTORCRAFT_FP 0 0 0 0 0 0 -12854 2 -7663 0 0 0 0 0 0
114.625 4 ROVER_STATUS 2 0 0 3 0 28 8.221591
114.671 4 PONG 
114.688 4 AUTOPILOT_VERSION 60200 v6.2_unstable-101-g8a957fd0a
114.796 4 GPS_INT 637813700 0 0 0 0 0 -17000 0 0 0 649537472 100000 28250 9999 0 0 1
114.797 4 SVINFO 0 4 16 1 0 -91 0
114.812 4 INS 0 0 0 0 0 0 38 -26 -639
114.876 4 ROTORCRAFT_FP 0 0 0 0 0 0 -12854 2 -7663 0 0 0 0 0 0
114.955 4 WP_MOVED_ENU 5 519 -1021 2560
115.046 4 GPS_INT 637813700 0 0 0 0 0 -17000 0 0 0 649537792 100000 28500 9999 0 0 1
115.046 4 SVINFO 0 4 16 1 0 -91 0
115.061 4 INS 0 0 0 0 0 0 -5 -2 -620
115.085 4 LINK_REPORT 4 -1 115 2 22103 521 0 0. 0. 9 25.31
115.124 4 ROTORCRAFT_FP 0 0 0 0 0 0 -12854 2 -7664 0 0 0 0 0 0
115.125 4 DL_VALUE 22 80.
115.154 4 LINK_REPORT 4 -1 21 0 9513 233 0 1062. 25. 4 29.72
115.294 4 GPS_INT 637813700 0 0 0 0 0 -17000 0 0 0 649538176 100000 28750 9999 0 0 1
115.295 4 SVINFO 0 4 16 1 0 -91 0
115.310 4 INS 0 0 0 0 0 0 10 29 -687
115.384 4 ROTORCRAFT_FP 0 0 0 0 0 0 -12854 2 -7664 0 0 0 0 0 0
115.385 4 UART_ERRORS 0 0 0 5
115.385 4 UART_ERRORS 0 0 0 6
115.385 4 ROTORCRAFT_NAV_STATUS 0 0 0. 0. 0 0 0
115.447 4 IMU_MAG_RAW 0 0 0
115.555 4 GPS_INT 637813700 0 0 0 0 0 -17000 0 0 0 649538432 100000 29000 9999 0 0 1
115.556 4 SVINFO 0 4 16 1 0 -91 0
115.556 4 PONG 
115.556 4 LIDAR 1.55 144 1
115.557 4 INS 0 0 0 0 0 0 6 36 -587
115.619 4 ROTORCRAFT_FP 0 0 0 0 0 0 -12854 3 -7664 0 0 0 0 0 0
115.792 4 GPS_INT 637813700 0 0 0 0 0 -17000 0 0 0 649538816 100000 29250 9999 0 0 1
115.793 4 SVINFO 0 4 16 1 0 -91 0
115.818 4 INS 0 0 0 0 0 0 36 17 -610
115.818 4 ROVER_STATUS 2 0 0 3 0 29 8.221591
115.866 4 ROTORCRAFT_FP 0 0 0 0 0 0 -12855 3 -7665 0 0 0 0 0 0
116.042 4 GPS_INT 637813700 0 0 0 0 0 -17000 0 0 0 649539136 100000 29500 9999 0 0 1
116.042 4 SVINFO 0 4 16 1 0 -91 0
116.057 4 INS 0 0 0 0 0 0 -1 33 -610
116.086 4 LINK_REPORT 4 -1 116 3 22103 521 0 0. 0. 10 -4975.92
116.121 4 ROTORCRAFT_FP 0 0 0 0 0 0 -12855 2 -7666 0 0 0 0 0 0
116.154 4 LINK_REPORT 4 -1 22 0 10506 256 0 993. 23. 4 914.23
116.201 4 DL_VALUE 23 80.
116.249 4 ENERGY 0 8.221591 0.3 2.466477 0.002165 0.017779
116.249 4 WP_MOVED_ENU 6 760 1031 2560
116.294 4 GPS_INT 637813700 0 0 0 0 0 -17000 0 0 0 649539520 100000 29750 9999 0 0 1
116.294 4 SVINFO 0 4 16 1 0 -91 0
116.307 4 INS 0 0 0 0 0 0 25 3 -596
116.371 4 ROTORCRAFT_FP 0 0 0 0 0 0 -12855 2 -7666 0 0 0 0 0 0
116.450 4 IMU_MAG_RAW 0 0 0
116.499 4 ALIVE 115,86,116,25,135,139,191,218,133,132,114,68,46,15,123,213
116.540 4 GPS_INT 637813700 0 0 0 0 0 -17000 0 0 0 649539776 100000 30000 9999 0 0 1
116.541 4 SVINFO 0 4 16 1 0 -91 0
116.542 4 LIDAR 1.49 152 1
116.556 4 INS 0 0 0 0 0 0 37 0 -601
116.790 4 SVINFO 0 4 16 1 0 -91 0
116.806 4 INS 0 0 0 0 0 0 -19 28 -563
116.965 4 ROTORCRAFT_NAV_STATUS 0 0 0. 0. 0 0 0
117.012 4 ROVER_STATUS 2 0 0 3 0 30 8.221591
117.038 4 SVINFO 0 4 16 1 0 -91 0
117.054 4 INS 0 0 0 0 0 0 10 8 -634
117.087 4 LINK_REPORT 4 -1 117 0 22243 525 0 140. 4. 10 -4975.92
117.156 4 LINK_REPORT 4 -1 23 0 11061 271 0 555. 15. 4 914.23
117.288 4 GPS_INT 637813700 0 0 0 0 0 -17000 0 0 0 649540928 100000 30750 9999 0 0 1
117.289 4 SVINFO 0 4 16 1 0 -91 0
117.314 4 INS 0 0 0 0 0 0 -21 23 -577
117.343 4 DL_VALUE 24 0.
117.536 4 SVINFO 0 4 16 1 0 -91 0
117.537 4 WP_MOVED_ENU 7 775 -1018 2560
117.567 4 LIDAR 1.49 152 1
117.568 4 INS 0 0 0 0 0 0 0 -2 -644
117.616 4 ROTORCRAFT_FP 0 0 0 0 0 0 -12856 2 -7668 0 0 0 0 0 0
117.759 4 STATE_FILTER_STATUS 6 3 0
117.789 4 GPS_INT 637813700 0 0 0 0 0 -17000 0 0 0 649541632 100000 31250 9999 0 0 1
117.790 4 SVINFO 0 4 16 1 0 -91 0
117.805 4 INS 0 0 0 0 0 0 -20 49 -620
117.866 4 ROTORCRAFT_FP 0 0 0 0 0 0 -12856 2 -7668 0 0 0 0 0 0
118.036 4 GPS_INT 637813700 0 0 0 0 0 -17000 0 0 0 649541952 100000 31500 9999 0 0 1
118.037 4 SVINFO 0 4 16 1 0 -91 0
118.051 4 INS 0 0 0 0 0 0 -4 39 -563
118.088 4 LINK_REPORT 4 -1 118 0 22383 528 0 140. 3. 10 -4975.92
118.157 4 LINK_REPORT 4 -1 24 0 11633 285 0 572. 14. 4 914.23
118.227 4 DATALINK_REPORT 2 10 676 1014 0 0
118.285 4 GPS_INT 637813700 0 0 0 0 0 -17000 0 0 0 649542272 100000 31750 9999 0 0 1
118.286 4 SVINFO 0 4 16 1 0 -91 0
118.301 4 INS 0 0 0 0 0 0 24 30 -601
118.364 4 ROTORCRAFT_FP 0 0 0 0 0 0 -12856 2 -7669 0 0 0 0 0 0
118.396 4 DL_VALUE 25 1.
118.443 4 IMU_MAG_RAW 0 0 0
118.444 4 UART_ERRORS 0 0 0 1
118.459 4 UART_ERRORS 0 0 0 3
118.535 4 GPS_INT 637813700 0 0 0 0 0 -17000 0 0 0 649542720 100000 32000 9999 0 0 1
118.535 4 SVINFO 0 4 16 1 0 -91 0
118.536 4 LIDAR 1.51 152 1
118.550 4 INS 0 0 0 0 0 0 -37 34 -596
118.566 4 ROTORCRAFT_NAV_STATUS 0 0 0. 0. 0 0 0
118.598 4 ALIVE 115,86,116,25,135,139,191,218,133,132,114,68,46,15,123,213
118.614 4 ROTORCRAFT_FP 0 0 0 0 0 0 -12857 2 -7669 0 0 0 0 0 0
118.784 4 GPS_INT 637813700 0 0 0 0 0 -17000 0 0 0 649543104 100000 32250 9999 0 0 1
118.785 4 SVINFO 0 4 16 1 0 -91 0
118.800 4 INS 0 0 0 0 0 0 1 -7 -615
118.847 4 WP_MOVED_ENU 8 -760 -1031 2560
118.864 4 ROTORCRAFT_FP 0 0 0 0 0 0 -12857 2 -7670 0 0 0 0 0 0
119.034 4 GPS_INT 637813700 0 0 0 0 0 -17000 0 0 0 649543424 100000 32500 9999 0 0 1
119.035 4 SVINFO 0 4 16 1 0 -91 0
119.050 4 INS 0 0 0 0 0 0 29 -12 -615
119.089 4 LINK_REPORT 4 -1 119 0 22428 530 0 45. 2. 10 -4975.92
119.111 4 ROTORCRAFT_FP 0 0 0 0 0 0 -12857 2 -7670 0 0 0 0 0 0
119.158 4 LINK_REPORT 4 -1 25 0 12571 307 0 938. 22. 4 914.23
119.281 4 GPS_INT 637813700 0 0 0 0 0 -17000 0 0 0 649543808 100000 32750 9999 0 0 1
119.282 4 SVINFO 0 4 16 1 0 -91 0
119.297 4 INS 0 0 0 0 0 0 22 -19 -587
119.361 4 ROTORCRAFT_FP 0 0 0 0 0 0 -12857 2 -7671 0 0 0 0 0 0
119.392 4 ROVER_STATUS 2 0 0 3 0 33 8.221591
119.440 4 IMU_MAG_RAW 0 0 0
119.488 4 DL_VALUE 26 1.
119.530 4 GPS_INT 637813700 0 0 0 0 0 -17000 0 0 0 649544192 100000 33000 9999 0 0 1
119.531 4 SVINFO 0 4 16 1 0 -91 0
119.532 4 LIDAR 1.49 160 1
119.546 4 INS 0 0 0 0 0 0 28 -15 -615
119.611 4 ROTORCRAFT_FP 0 0 0 0 0 0 -12857 2 -7672 0 0 0 0 0 0
119.674 4 PONG 
119.780 4 GPS_INT 637813700 0 0 0 0 0 -17000 0 0 0 649544576 100000 33250 9999 0 0 1
119.781 4 SVINFO 0 4 16 1 0 -91 0
120.029 4 SVINFO 0 4 16 1 0 -91 0
120.090 4 LINK_REPORT 4 -1 120 0 22520 532 0 92. 2. 10 -4975.92
120.158 4 LINK_REPORT 4 -1 26 0 13183 322 0 612. 15. 5 30.74
120.278 4 SVINFO 0 4 16 1 0 -91 0
120.294 4 INS 0 0 0 0 0 0 0 39 -601
120.358 4 ROTORCRAFT_FP 0 0 0 0 0 0 -12857 3 -7673 0 0 0 0 0 0
120.438 4 IMU_MAG_RAW 0 0 0
120.528 4 GPS_INT 637813700 0 0 0 0 0 -17000 0 0 0 649545728 100000 34000 9999 0 0 1
120.528 4 SVINFO 0 4 16 1 0 -91 0
120.529 4 LIDAR 1.49 160 1
120.543 4 INS 0 0 0 0 0 0 25 20 -634
120.559 4 PONG 
120.608 4 ROTORCRAFT_FP 0 0 0 0 0 0 -12857 3 -7674 0 0 0 0 0 0
120.609 4 ROVER_STATUS 2 0 0 3 0 34 8.221591
120.609 4 DL_VALUE 27 0.
120.688 4 ALIVE 115,86,116,25,135,139,191,218,133,132,114,68,46,15,123,213
120.777 4 GPS_INT 637813700 0 0 0 0 0 -17000 0 0 0 649546176 100000 34250 9999 0 0 1
120.778 4 SVINFO 0 4 16 1 0 -91 0
120.793 4 INS 0 0 0 0 0 0 6 32 -620
120.857 4 ROTORCRAFT_FP 0 0 0 0 0 0 -12857 3 -7674 0 0 0 0 0 0
120.953 4 STATE_FILTER_STATUS 6 3 0
121.027 4 GPS_INT 637813700 0 0 0 0 0 -17000 0 0 0 649546560 100000 34500 9999 0 0 1
121.027 4 SVINFO 0 4 16 1 0 -91 0
121.043 4 INS 0 0 0 0 0 0 13 20 -630
121.091 4 LINK_REPORT 4 -1 121 0 23369 553 0 849. 21. 11 65.56
121.106 4 ROTORCRAFT_FP 0 0 0 0 0 0 -12858 3 -7675 0 0 0 0 0 0
121.159 4 LINK_REPORT 4 -1 27 1 13183 322 0 0. 0. 5 30.74
121.233 4 ENERGY 0 8.221591 0.325 2.672017 0.002544 0.020896
121.276 4 GPS_INT 637813700 0 0 0 0 0 -17000 0 0 0 649546944 100000 34750 9999 0 0 1
121.276 4 SVINFO 0 4 16 1 0 -91 0
121.291 4 INS 0 0 0 0 0 0 -35 30 -625
121.355 4 ROTORCRAFT_FP 0 0 0 0 0 0 -12858 3 -7675 0 0 0 0 0 0
121.434 4 WP_MOVED_ENU 10 10160 10329 2560
121.435 4 IMU_MAG_RAW 0 0 0
121.525 4 GPS_INT 637813700 0 0 0 0 0 -17000 0 0 0 649547328 100000 35000 9999 0 0 1
121.525 4 SVINFO 0 4 16 1 0 -91 0
121.525 4 LIDAR 1.49 160 1
121.554 4 INS 0 0 0 0 0 0 4 12 -563
121.554 4 UART_ERRORS 0 0 3 4
121.554 4 UART_ERRORS 0 0 0 5
121.554 4 UART_ERRORS 0 0 0 6
121.602 4 ROTORCRAFT_FP 0 0 0 0 0 0 -12858 3 -7676 0 0 0 0 0 0
121.681 4 DL_VALUE 28 0.
121.745 4 ROTORCRAFT_NAV_STATUS 0 0 0. 0. 0 0 0
121.792 4 GPS_INT 637813700 0 0 0 0 0 -17000 0 0 0 649547776 100000 35250 9999 0 0 1
121.793 4 SVINFO 0 4 16 1 0 -91 0
121.794 4 INS 0 0 0 0 0 0 36 24 -582
121.794 4 ROVER_STATUS 2 0 0 3 0 35 8.221591
121.854 4 ROTORCRAFT_FP 0 0 0 0 0 0 -12858 3 -7676 0 0 0 0 0 0
122.024 4 GPS_INT 637813700 0 0 0 0 0 -17000 0 0 0 649548160 100000 35500 9999 0 0 1
122.024 4 SVINFO 0 4 16 1 0 -91 0
122.040 4 INS 0 0 0 0 0 0 17 54 -582
122.092 4 LINK_REPORT 4 -1 122 0 24447 579 0 1078. 26. 11 65.56
122.103 4 ROTORCRAFT_FP 0 0 0 0 0 0 -12858 3 -7677 0 0 0 0 0 0
122.160 4 LINK_REPORT 4 -1 28 2 13183 322 0 0. 0. 5 30.74
122.272 4 GPS_INT 637813700 0 0 0 0 0 -17000 0 0 0 649548544 100000 35750 9999 0 0 1
122.273 4 SVINFO 0 4 16 1 0 -91 0
122.299 4 INS 0 0 0 0 0 0 12 57 -591
122.300 4 INS_REF 485065295 -31589301 411664541 404506309 -37260580 702390 650000 0.
122.347 4 ROTORCRAFT_FP 0 0 0 0 0 0 -12858 3 -7678 0 0 0 0 0 0
122.426 4 IMU_MAG_RAW 0 0 0
122.522 4 GPS_INT 637813700 0 0 0 0 0 -17000 0 0 0 649548992 100000 36000 9999 0 0 1
122.523 4 SVINFO 0 4 16 1 0 -91 0
122.523 4 LIDAR 1.49 160 1
122.537 4 INS 0 0 0 0 0 0 -4 41 -587
122.602 4 ROTORCRAFT_FP 0 0 0 0 0 0 -12858 3 -7678 0 0 0 0 0 0
122.729 4 WP_MOVED_ENU 11 10329 -10160 2560
122.771 4 GPS_INT 637813700 0 0 0 0 0 -17000 0 0 0 649549376 100000 36250 9999 0 0 1
122.772 4 SVINFO 0 4 16 1 0 -91 0
122.772 4 ALIVE 115,86,116,25,135,139,191,218,133,132,114,68,46,15,123,213
122.801 4 INS 0 0 0 0 0 0 37 39 -601
122.801 4 DL_VALUE 29 0.
122.849 4 ROTORCRAFT_FP 0 0 0 0 0 0 -12858 3 -7679 0 0 0 0 0 0
122.993 4 ROVER_STATUS 2 0 0 3 0 36 8.221591
123.020 4 GPS_INT 637813700 0 0 0 0 0 -17000 0 0 0 649549824 100000 36500 9999 0 0 1
123.021 4 SVINFO 0 4 16 1 0 -91 0
123.035 4 INS 0 0 0 0 0 0 0 20 -634
123.093 4 LINK_REPORT 4 -1 123 0 25411 600 0 964. 21. 11 65.56
123.100 4 ROTORCRAFT_FP 0 0 0 0 0 0 -12858 4 -7680 0 0 0 0 0 0
123.161 4 LINK_REPORT 4 -1 29 0 13250 324 0 67. 2. 5 30.74
123.270 4 GPS_INT 637813700 0 0 0 0 0 -17000 0 0 0 649550272 100000 36750 9999 0 0 1
123.270 4 SVINFO 0 4 16 1 0 -91 0
123.285 4 INS 0 0 0 0 0 0 -34 6 -553
123.301 4 DATALINK_REPORT 2 12 801 1049 0 0
123.350 4 ROTORCRAFT_NAV_STATUS 0 0 0. 0. 0 0 0
123.428 4 IMU_MAG_RAW 0 0 0
123.519 4 SVINFO 0 4 16 1 0 -91 0
123.519 4 LIDAR 1.64 168 1
123.534 4 INS 0 0 0 0 0 0 12 22 -606
123.599 4 ROTORCRAFT_FP 0 0 0 0 0 0 -12858 4 -7681 0 0 0 0 0 0
123.726 4 ENERGY 0 8.221591 0.275 2.260938 0.002735 0.02246
123.768 4 GPS_INT 637813700 0 0 0 0 0 -17000 0 0 0 649551104 100000 37250 9999 0 0 1
123.769 4 SVINFO 0 4 16 1 0 -91 0
123.784 4 INS 0 0 0 0 0 0 17 72 -601
123.847 4 ROTORCRAFT_FP 0 0 0 0 0 0 -12858 4 -7681 0 0 0 0 0 0
123.879 4 DL_VALUE 30 1.
124.020 4 GPS_INT 637813700 0 0 0 0 0 -17000 0 0 0 649551552 100000 37500 9999 0 0 1
124.021 4 SVINFO 0 4 16 1 0 -91 0
124.021 4 WP_MOVED_ENU 12 -10160 -10329 2560
124.032 4 INS 0 0 0 0 0 0 29 28 -634
124.094 4 LINK_REPORT 4 -1 124 0 26235 619 0 824. 19. 11 65.56
124.097 4 ROTORCRAFT_FP 0 0 0 0 0 0 -12858 4 -7682 0 0 0 0 0 0
124.144 4 STATE_FILTER_STATUS 6 3 0
124.162 4 LINK_REPORT 4 -1 30 0 13303 326 0 53. 2. 5 30.74
124.176 4 ROVER_STATUS 2 0 0 3 0 37 8.221591
124.266 4 SVINFO 0 4 16 1 0 -91 0
124.521 4 SVINFO 0 4 16 1 0 -91 0
124.521 4 LIDAR 1.7 168 1
124.595 4 ROTORCRAFT_FP 0 0 0 0 0 0 -12858 4 -7683 0 0 0 0 0 0
124.626 4 UART_ERRORS 0 0 0 1
124.627 4 UART_ERRORS 0 0 0 2
124.674 4 PONG 
124.765 4 GPS_INT 637813700 0 0 0 0 0 -17000 0 0 0 649552832 100000 38250 9999 0 0 1
124.765 4 SVINFO 0 4 16 1 0 -91 0
124.780 4 INS 0 0 0 0 0 0 4 19 -639
124.940 4 ROTORCRAFT_NAV_STATUS 0 0 0. 0. 0 0 0
124.971 4 DL_VALUE 31 1.
125.014 4 GPS_INT 637813700 0 0 0 0 0 -17000 0 0 0 649553280 100000 38500 9999 0 0 1
125.014 4 SVINFO 0 4 16 1 0 -91 0
125.030 4 INS 0 0 0 0 0 0 -24 29 -587
125.094 4 ROTORCRAFT_FP 0 0 0 0 0 0 -12859 4 -7684 0 0 0 0 0 0
125.095 4 LINK_REPORT 4 -1 125 0 26855 634 0 620. 15. 11 65.56
125.162 4 LINK_REPORT 4 -1 31 0 13377 330 0 74. 4. 6 29.68
125.263 4 SVINFO 0 4 16 1 0 -91 0
125.279 4 INS 0 0 0 0 0 0 12 -1 -596
125.327 4 WP_MOVED_ENU 13 -10329 10160 2560
125.344 4 ROTORCRAFT_FP 0 0 0 0 0 0 -12859 4 -7685 0 0 0 0 0 0
125.423 4 IMU_MAG_RAW 0 0 0
125.540 4 INS 0 0 0 0 0 0 4 56 -610
125.541 4 PONG 
125.748 4 AUTOPILOT_VERSION 60200 v6.2_unstable-101-g8a957fd0a
125.775 4 GPS_INT 637813700 0 0 0 0 0 -17000 0 0 0 649554624 100000 39250 9999 0 0 1
125.775 4 SVINFO 0 4 16 1 0 -91 0
125.776 4 INS 0 0 0 0 0 0 31 26 -577
125.839 4 ROTORCRAFT_FP 0 0 0 0 0 0 -12859 4 -7686 0 0 0 0 0 0
126.010 4 GPS_INT 637813700 0 0 0 0 0 -17000 0 0 0 649555072 100000 39500 9999 0 0 1
126.013 4 SVINFO 0 4 16 1 0 -91 0
126.090 4 ROTORCRAFT_FP 0 0 0 0 0 0 -12859 4 -7687 0 0 0 0 0 0
126.091 4 DL_VALUE 32 0.
126.095 4 LINK_REPORT 4 -1 126 0 27006 638 0 151. 4. 12 47.06
126.163 4 LINK_REPORT 4 -1 32 0 13917 342 0 540. 12. 6 29.68
126.261 4 GPS_INT 637813700 0 0 0 0 0 -17000 0 0 0 649555520 100000 39750 9999 0 0 1
126.261 4 SVINFO 0 4 16 1 0 -91 0
126.510 4 SVINFO 0 4 16 1 0 -91 0
126.510 4 LIDAR 6.43 176 1
126.590 4 ROTORCRAFT_FP 0 0 0 0 0 0 -12859 4 -7688 0 0 0 0 0 0
126.591 4 ROVER_STATUS 2 0 0 3 0 40 8.221591
126.966 4 ALIVE 115,86,116,25,135,139,191,218,133,132,114,68,46,15,123,213
127.087 4 ROTORCRAFT_FP 0 0 0 0 0 0 -12860 3 -7690 0 0 0 0 0 0
127.095 4 LINK_REPORT 4 -1 127 0 27333 646 0 327. 8. 12 47.06
127.163 4 LINK_REPORT 4 -1 33 0 13917 342 0 0. 0. 6 29.68
127.167 4 DL_VALUE 33 0.
127.257 4 GPS_INT 637813700 0 0 0 0 0 -17000 0 0 0 649556928 100000 40500 9999 0 0 1
127.257 4 SVINFO 0 4 16 1 0 -91 0
127.273 4 INS 0 0 0 0 0 0 -15 28 -558
127.336 4 ROTORCRAFT_FP 0 0 0 0 0 0 -12859 3 -7690 0 0 0 0 0 0
127.337 4 STATE_FILTER_STATUS 6 3 0
127.368 4 INS_REF 485065295 -31589301 411664541 404506309 -37260580 702390 650000 0.
127.416 4 IMU_MAG_RAW 0 0 0
127.506 4 GPS_INT 637813700 0 0 0 0 0 -17000 0 0 0 649557376 100000 40750 9999 0 0 1
127.507 4 SVINFO 0 4 16 1 0 -91 0
127.508 4 LIDAR 6.41 176 7
127.524 4 INS 0 0 0 0 0 0 -39 46 -625
127.586 4 ROTORCRAFT_FP 0 0 0 0 0 0 -12859 3 -7691 0 0 0 0 0 0
127.729 4 UART_ERRORS 0 0 0 5
127.729 4 UART_ERRORS 0 0 0 6
127.760 4 GPS_INT 637813700 0 0 0 0 0 -17000 0 0 0 649557824 100000 41000 9999 0 0 1
127.761 4 SVINFO 0 4 16 1 0 -91 0
127.775 4 INS 0 0 0 0 0 0 -19 11 -610
127.776 4 ROVER_STATUS 2 0 0 3 0 41 8.221591
128.085 4 ROTORCRAFT_FP 0 0 0 0 0 0 -12859 3 -7693 0 0 0 0 0 0
128.096 4 LINK_REPORT 4 -1 128 0 28154 666 0 821. 20. 12 47.06
128.164 4 LINK_REPORT 4 -1 34 1 13917 342 0 0. 0. 6 29.68
128.270 4 DL_VALUE 34 0.
128.381 4 DATALINK_REPORT 2 14 926 1048 0 0
128.413 4 IMU_MAG_RAW 0 0 0
128.503 4 GPS_INT 637813700 0 0 0 0 0 -17000 0 0 0 649559296 100000 41750 9999 0 0 1
128.504 4 SVINFO 0 4 16 1 0 -91 0
128.504 4 LIDAR 6.44 176 1
128.583 4 ROTORCRAFT_FP 0 0 0 0 0 0 -12859 3 -7694 0 0 0 0 0 0
128.752 4 GPS_INT 637813700 0 0 0 0 0 -17000 0 0 0 649559744 100000 42000 9999 0 0 1
128.753 4 SVINFO 0 4 16 1 0 -91 0
129.096 4 LINK_REPORT 4 -1 129 0 28493 675 0 339. 9. 12 47.06
129.165 4 LINK_REPORT 4 -1 35 2 13917 342 0 0. 0. 6 29.68
129.209 4 WP_MOVED_ENU 2 7 -1024 2560
129.252 4 GPS_INT 637813700 0 0 0 0 0 -17000 0 0 0 649560768 100000 42500 9999 0 0 1
129.253 4 SVINFO 0 4 16 1 0 -91 0
129.268 4 INS 0 0 0 0 0 0 3 32 -534
129.330 4 ROTORCRAFT_FP 0 0 0 0 0 0 -12859 3 -7696 0 0 0 0 0 0
129.362 4 DL_VALUE 35 0.
129.410 4 IMU_MAG_RAW 0 0 0
129.500 4 SVINFO 0 4 16 1 0 -91 0
129.500 4 LIDAR 6.25 178 1
129.579 4 ROTORCRAFT_FP 0 0 0 0 0 0 -12859 3 -7697 0 0 0 0 0 0
130.097 4 LINK_REPORT 4 -1 130 0 28884 685 0 391. 10. 12 47.06
130.166 4 LINK_REPORT 4 -1 36 3 13917 342 0 0. 0. 7 -4971.07
131.098 4 LINK_REPORT 4 -1 131 1 28884 685 0 0. 0. 13 -4954.19
131.167 4 LINK_REPORT 4 -1 37 4 13917 342 0 0. 0. 7 -4971.07
131.574 4 ENERGY 0 8.221591 0.25 2.055398 0.002935 0.02411
131.575 4 ROTORCRAFT_FP 0 0 0 0 0 0 -12859 4 -7688 0 0 0 0 0 0
131.576 4 INS 0 0 0 0 0 0 19 19 -620
131.576 4 SVINFO 0 4 16 1 0 -91 0
131.576 4 INS 0 0 0 0 0 0 -7 37 -548
131.577 4 GPS_INT 637813700 0 0 0 0 0 -17000 0 0 0 649556928 100000 40500 9999 0 0 1
131.578 4 SVINFO 0 4 16 1 0 -91 0
131.578 4 INS 0 0 0 0 0 0 4 23 -644
131.578 4 UART_ERRORS 0 0 0 3
131.578 4 WP_MOVED_ENU 1 0 0 2560
131.580 4 GPS_INT 637813700 0 0 0 0 0 -17000 0 0 0 649558336 100000 41250 9999 0 0 1
131.580 4 SVINFO 0 4 16 1 0 -91 0
131.580 4 INS 0 0 0 0 0 0 -14 44 -553
131.581 4 ROTORCRAFT_NAV_STATUS 0 0 0. 0. 0 0 0
131.581 4 GPS_INT 637813700 0 0 0 0 0 -17000 0 0 0 649558784 100000 41500 9999 0 0 1
131.582 4 SVINFO 0 4 16 1 0 -91 0
131.582 4 INS 0 0 0 0 0 0 18 18 -567
131.582 4 ENERGY 0 8.221591 0.275 2.260938 0.003127 0.025686
131.583 4 GPS_INT 637813700 0 0 0 0 0 -17000 0 0 0 649560256 100000 42250 9999 0 0 1
131.583 4 SVINFO 0 4 16 1 0 -91 0
131.584 4 INS 0 0 0 0 0 0 20 3 -596
131.584 4 ROVER_STATUS 2 0 0 3 0 43 8.221591
131.584 4 STATE_FILTER_STATUS 6 3 0
131.584 4 PONG 
131.584 4 ROTORCRAFT_FP 0 0 0 0 0 0 -12859 3 -7700 0 0 0 0 0 0
131.585 4 GPS_INT 637813700 0 0 0 0 0 -17000 0 0 0 649563776 100000 44000 9999 0 0 1
131.586 4 SVINFO 0 4 16 1 0 -91 0
131.586 4 ALIVE 115,86,116,25,135,139,191,218,133,132,114,68,46,15,123,213
131.586 4 ROTORCRAFT_NAV_STATUS 0 0 0. 0. 0 0 0
131.587 4 ROTORCRAFT_FP 0 0 0 0 0 0 -12859 3 -7703 0 0 0 0 0 0
131.587 4 DL_VALUE 37 0.
131.993 4 SVINFO 0 4 16 1 0 -91 0
132.009 4 INS 0 0 0 0 0 0 -18 43 -582
132.099 4 LINK_REPORT 4 -1 132 2 28884 685 0 0. 0. 13 -4954.19
132.168 4 LINK_REPORT 4 -1 38 0 15242 375 0 1325. 33. 7 1939.07
132.491 4 SVINFO 0 4 16 1 0 -91 0
132.492 4 LIDAR 6.1 184 1
132.507 4 INS 0 0 0 0 0 0 18 49 -634
132.570 4 ROTORCRAFT_FP 0 0 0 0 0 0 -12859 3 -7706 0 0 0 0 0 0
132.571 4 ROVER_STATUS 2 0 0 3 0 46 8.221591
132.650 4 DL_VALUE 38 1000.
132.740 4 GPS_INT 637813700 0 0 0 0 0 -17000 0 0 0 649567872 100000 46000 9999 0 0 1
132.741 4 SVINFO 0 4 16 1 0 -91 0
132.755 4 INS 0 0 0 0 0 0 -2 35 -601
132.989 4 ROTORCRAFT_NAV_STATUS 0 0 0. 0. 0 0 0
132.989 4 SVINFO 0 4 16 1 0 -91 0
132.990 4 GPS_INT 637813700 0 0 0 0 0 -17000 0 0 0 649561728 100000 43000 9999 0 0 1
132.991 4 SVINFO 0 4 16 1 0 -91 0
132.992 4 GPS_INT 637813700 0 0 0 0 0 -17000 0 0 0 649562240 100000 43250 9999 0 0 1
132.992 4 SVINFO 0 4 16 1 0 -91 0
132.993 4 INS 0 0 0 0 0 0 -6 46 -596
132.994 4 ROTORCRAFT_FP 0 0 0 0 0 0 -12859 3 -7698 0 0 0 0 0 0
132.995 4 GPS_INT 637813700 0 0 0 0 0 -17000 0 0 0 649562816 100000 43500 9999 0 0 1
132.996 4 SVINFO 0 4 16 1 0 -91 0
132.996 4 INS 0 0 0 0 0 0 -26 21 -572
132.997 4 ROTORCRAFT_FP 0 0 0 0 0 0 -12859 3 -7699 0 0 0 0 0 0
132.997 4 IMU_MAG_RAW 0 0 0
132.998 4 DL_VALUE 36 0.
132.998 4 SVINFO 0 4 16 1 0 -91 0
132.998 4 WP_MOVED_ENU 3 -762 -775 2560
132.998 4 UART_ERRORS 0 0 0 1
132.999 4 GPS_INT 637813700 0 0 0 0 0 -17000 0 0 0 649564224 100000 44250 9999 0 0 1
132.999 4 SVINFO 0 4 16 1 0 -91 0
133.000 4 ENERGY 0 8.221591 0.25 2.055398 0.003328 0.027342
133.000 4 GPS_INT 637813700 0 0 0 0 0 -17000 0 0 0 649564800 100000 44500 9999 0 0 1
133.000 4 SVINFO 0 4 16 1 0 -91 0
133.000 4 INS 0 0 0 0 0 0 -6 -15 -610
133.000 4 IMU_MAG_RAW 0 0 0
133.001 4 GPS_INT 637813700 0 0 0 0 0 -17000 0 0 0 649565312 100000 44750 9999 0 0 1
133.001 4 SVINFO 0 4 16 1 0 -91 0
133.001 4 LIDAR 6.23 184 1
133.002 4 INS 0 0 0 0 0 0 -3 59 -582
133.002 4 GPS_INT 637813700 0 0 0 0 0 -17000 0 0 0 649565824 100000 45000 9999 0 0 1
133.002 4 SVINFO 0 4 16 1 0 -91 0
133.003 4 INS 0 0 0 0 0 0 7 41 -587
133.003 4 ROTORCRAFT_FP 0 0 0 0 0 0 -12859 3 -7705 0 0 0 0 0 0
133.003 4 SVINFO 0 4 16 1 0 -91 0
133.100 4 LINK_REPORT 4 -1 133 0 30216 717 0 1332. 32. 13 -4954.19
133.100 4 WP_MOVED_ENU 5 519 -1021 2560
133.168 4 LINK_REPORT 4 -1 39 0 15631 386 0 389. 11. 7 1939.07
133.239 4 SVINFO 0 4 16 1 0 -91 0
133.239 4 ALIVE 115,86,116,25,135,139,191,218,133,132,114,68,46,15,123,213
133.254 4 INS 0 0 0 0 0 0 -31 23 -591
133.446 4 DATALINK_REPORT 3 16 1044 1011 0 0
133.488 4 GPS_INT 637813700 0 0 0 0 0 -17000 0 0 0 649569472 100000 46750 9999 0 0 1
133.489 4 SVINFO 0 4 16 1 0 -91 0
133.489 4 LIDAR 6.1 184 1
133.504 4 INS 0 0 0 0 0 0 32 3 -577
133.567 4 ROTORCRAFT_FP 0 0 0 0 0 0 -12859 3 -7708 0 0 0 0 0 0
133.695 4 ENERGY 0 8.221591 0.275 2.260938 0.003526 0.028969
133.711 4 STATE_FILTER_STATUS 6 3 0
133.740 4 GPS_INT 637813700 0 0 0 0 0 -17000 0 0 0 649570048 100000 47000 9999 0 0 1
133.741 4 SVINFO 0 4 16 1 0 -91 0
133.765 4 INS 0 0 0 0 0 0 42 61 -587
133.766 4 ROVER_STATUS 2 0 0 3 0 47 8.21276
133.766 4 DL_VALUE 39 0.
133.814 4 ROTORCRAFT_FP 0 0 0 0 0 0 -12859 3 -7709 0 0 0 0 0 0
133.893 4 UART_ERRORS 0 0 0 2
133.909 4 UART_ERRORS 0 0 0 3
133.910 4 UART_ERRORS 0 0 3 4
133.910 4 UART_ERRORS 0 0 0 5
133.985 4 GPS_INT 637813700 0 0 0 0 0 -17000 0 0 0 649570624 100000 47250 9999 0 0 1
133.986 4 SVINFO 0 4 16 1 0 -91 0
134.001 4 INS 0 0 0 0 0 0 15 45 -601
134.065 4 ROTORCRAFT_FP 0 0 0 0 0 0 -12860 3 -7709 0 0 0 0 0 0
134.101 4 LINK_REPORT 4 -1 134 0 31165 742 0 949. 25. 13 -4954.19
134.169 4 LINK_REPORT 4 -1 40 0 15631 386 0 0. 0. 7 1939.07
134.236 4 GPS_INT 637813700 0 0 0 0 0 -17000 0 0 0 649571136 100000 47500 9999 0 0 1
134.237 4 SVINFO 0 4 16 1 0 -91 0
134.252 4 INS 0 0 0 0 0 0 8 53 -634
134.315 4 ROTORCRAFT_FP 0 0 0 0 0 0 -12860 3 -7710 0 0 0 0 0 0
134.394 4 WP_MOVED_ENU 6 760 1031 2560
134.395 4 IMU_MAG_RAW 0 0 0
134.485 4 GPS_INT 637813700 0 0 0 0 0 -17000 0 0 0 649571712 100000 47750 9999 0 0 1
134.486 4 SVINFO 0 4 16 1 0 -91 0
134.486 4 LIDAR 5.99 192 1
134.500 4 INS 0 0 0 0 0 0 -5 14 -577
134.516 4 ROTORCRAFT_NAV_STATUS 0 0 0. 0. 0 0 0
134.564 4 ROTORCRAFT_FP 0 0 0 0 0 0 -12860 3 -7711 0 0 0 0 0 0
134.675 4 PONG 
134.734 4 GPS_INT 637813700 0 0 0 0 0 -17000 0 0 0 649572224 100000 48000 9999 0 0 1
134.735 4 SVINFO 0 4 16 1 0 -91 0
134.750 4 INS 0 0 0 0 0 0 5 -2 -572
134.814 4 ROTORCRAFT_FP 0 0 0 0 0 0 -12860 3 -7712 0 0 0 0 0 0
134.845 4 DL_VALUE 40 1000.
134.941 4 ROVER_STATUS 2 0 0 3 0 48 8.221591
134.983 4 GPS_INT 637813700 0 0 0 0 0 -17000 0 0 0 649572800 100000 48250 9999 0 0 1
134.984 4 SVINFO 0 4 16 1 0 -91 0
134.999 4 INS 0 0 0 0 0 0 -41 8 -558
135.063 4 ROTORCRAFT_FP 0 0 0 0 0 0 -12859 3 -7712 0 0 0 0 0 0
135.102 4 LINK_REPORT 4 -1 135 0 32162 765 0 997. 23. 13 4180.79
135.170 4 LINK_REPORT 4 -1 41 1 15631 386 0 0. 0. 8 -3062.05
135.233 4 GPS_INT 637813700 0 0 0 0 0 -17000 0 0 0 649573376 100000 48500 9999 0 0 1
135.234 4 SVINFO 0 4 16 1 0 -91 0
135.344 4 ALIVE 115,86,116,25,135,139,191,218,133,132,114,68,46,15,123,213
135.391 4 IMU_MAG_RAW 0 0 0
135.482 4 GPS_INT 637813700 0 0 0 0 0 -17000 0 0 0 649573888 100000 48750 9999 0 0 1
135.483 4 SVINFO 0 4 16 1 0 -91 0
135.483 4 LIDAR 6.34 192 1
135.497 4 INS 0 0 0 0 0 0 11 10 -601
135.513 4 PONG 
135.561 4 ROTORCRAFT_FP 0 0 0 0 0 0 -12859 3 -7714 0 0 0 0 0 0
135.689 4 WP_MOVED_ENU 7 775 -1018 2560
135.731 4 GPS_INT 637813700 0 0 0 0 0 -17000 0 0 0 649574528 100000 49000 9999 0 0 1
135.732 4 SVINFO 0 4 16 1 0 -91 0
135.747 4 INS 0 0 0 0 0 0 30 21 -587
135.811 4 ROTORCRAFT_FP 0 0 0 0 0 0 -12859 4 -7715 0 0 0 0 0 0
135.938 4 DL_VALUE 41 10.
135.980 4 SVINFO 0 4 16 1 0 -91 0
135.996 4 INS 0 0 0 0 0 0 6 23 -601
136.060 4 ROTORCRAFT_FP 0 0 0 0 0 0 -12859 4 -7715 0 0 0 0 0 0
136.103 4 LINK_REPORT 4 -1 136 0 32947 784 0 785. 19. 14 17.79
136.107 4 ROTORCRAFT_NAV_STATUS 0 0 0. 0. 0 0 0
136.139 4 ROVER_STATUS 2 0 0 3 0 49 8.221591
136.171 4 LINK_REPORT 4 -1 42 2 15631 386 0 0. 0. 8 -3062.05
136.187 4 ENERGY 0 8.221591 0.325 2.672017 0.003721 0.030567
136.229 4 GPS_INT 637813700 0 0 0 0 0 -17000 0 0 0 649575616 100000 49500 9999 0 0 1
136.230 4 SVINFO 0 4 16 1 0 -91 0
136.245 4 INS 0 0 0 0 0 0 -5 26 -544
136.309 4 ROTORCRAFT_FP 0 0 0 0 0 0 -12859 4 -7716 0 0 0 0 0 0
136.388 4 IMU_MAG_RAW 0 0 0
136.479 4 GPS_INT 637813700 0 0 0 0 0 -17000 0 0 0 649576192 100000 49750 9999 0 0 1
136.480 4 SVINFO 0 4 16 1 0 -91 0
136.480 4 LIDAR 6.28 192 1
136.495 4 INS 0 0 0 0 0 0 -17 15 -606
136.559 4 ROTORCRAFT_FP 0 0 0 0 0 0 -12859 3 -7717 0 0 0 0 0 0
136.728 4 GPS_INT 637813700 0 0 0 0 0 -17000 0 0 0 649576832 100000 50000 9999 0 0 1
136.729 4 SVINFO 0 4 16 1 0 -91 0
136.903 4 STATE_FILTER_STATUS 6 3 0
136.978 4 GPS_INT 637813700 0 0 0 0 0 -17000 0 0 0 649577344 100000 50250 9999 0 0 1
136.978 4 SVINFO 0 4 16 1 0 -91 0
136.979 4 WP_MOVED_ENU 8 -760 -1031 2560
137.006 4 INS 0 0 0 0 0 0 25 21 -567
137.006 4 UART_ERRORS 0 0 0 6
137.103 4 LINK_REPORT 4 -1 137 0 33702 803 0 755. 19. 14 17.79
137.172 4 LINK_REPORT 4 -1 43 0 15722 388 0 91. 2. 8 -3062.05
137.226 4 SVINFO 0 4 16 1 0 -91 0
138.104 4 LINK_REPORT 4 -1 138 0 33702 803 0 0. 0. 14 17.79
138.172 4 LINK_REPORT 4 -1 44 0 15743 389 0 21. 1. 8 -3062.05
138.722 4 SVINFO 0 4 16 1 0 -91 0
138.970 4 SVINFO 0 4 16 1 0 -91 0
138.986 4 INS 0 0 0 0 0 0 27 3 -582
139.104 4 LINK_REPORT 4 -1 139 1 33702 803 0 0. 0. 14 17.79
139.174 4 LINK_REPORT 4 -1 45 0 15834 392 0 91. 3. 8 -3062.05
139.220 4 SVINFO 0 4 16 1 0 -91 0
139.236 4 INS 0 0 0 0 0 0 -5 9 -563
139.237 4 DL_VALUE 44 1.
139.300 4 ROTORCRAFT_NAV_STATUS 0 0 0. 0. 0 0 0
139.380 4 IMU_MAG_RAW 0 0 0
139.470 4 GPS_INT 637813700 0 0 0 0 0 -17000 0 0 0 649583296 100000 52750 9999 0 0 1
139.471 4 SVINFO 0 4 16 1 0 -91 0
139.471 4 LIDAR 6.3 200 1
139.485 4 INS 0 0 0 0 0 0 -7 19 -620
139.534 4 ALIVE 115,86,116,25,135,139,191,218,133,132,114,68,46,15,123,213
139.550 4 ROTORCRAFT_FP 0 0 0 0 0 0 -12859 3 -7726 0 0 0 0 0 0
139.581 4 WP_MOVED_ENU 10 10160 10329 2560
139.677 4 PONG 
139.967 4 SVINFO 0 4 16 1 0 -91 0
139.984 4 INS 0 0 0 0 0 0 -6 5 -596
140.048 4 ROTORCRAFT_FP 0 0 0 0 0 0 -12859 2 -7728 0 0 0 0 0 0
140.095 4 UART_ERRORS 0 0 3 4
140.096 4 STATE_FILTER_STATUS 6 3 0
140.104 4 LINK_REPORT 4 -1 140 2 33702 803 0 0. 0. 14 17.79
140.175 4 LINK_REPORT 4 -1 46 0 16452 410 0 618. 18. 9 29.9
140.217 4 GPS_INT 637813700 0 0 0 0 0 -17000 0 0 0 649585152 100000 53500 9999 0 0 1
140.218 4 SVINFO 0 4 16 1 0 -91 0
140.233 4 INS 0 0 0 0 0 0 -11 6 -591
140.297 4 ROTORCRAFT_FP 0 0 0 0 0 0 -12859 3 -7729 0 0 0 0 0 0
140.329 4 DL_VALUE 45 0.
140.545 4 ROTORCRAFT_FP 0 0 0 0 0 0 -12859 2 -7731 0 0 0 0 0 0
140.549 4 PONG 
140.716 4 GPS_INT 637813700 0 0 0 0 0 -17000 0 0 0 649586432 100000 54000 9999 0 0 1
140.716 4 SVINFO 0 4 16 1 0 -91 0
140.731 4 INS 0 0 0 0 0 0 -124 143 -548
140.795 4 ROTORCRAFT_FP 0 0 0 0 0 0 -12856 7 -7734 0 0 0 0 0 0
140.875 4 WP_MOVED_ENU 11 10329 -10160 2560
140.923 4 ROVER_STATUS 2 0 0 3 0 54 8.21276
140.964 4 DL_VALUE 42 100.
140.965 4 ROTORCRAFT_FP 0 0 0 0 0 0 -12859 3 -7719 0 0 0 0 0 0
140.966 4 ROVER_STATUS 2 0 0 3 0 51 8.221591
140.966 4 IMU_MAG_RAW 0 0 0
140.967 4 ALIVE 115,86,116,25,135,139,191,218,133,132,114,68,46,15,123,213
140.968 4 GPS_INT 637813700 0 0 0 0 0 -17000 0 0 0 649578560 100000 50750 9999 0 0 1
140.968 4 SVINFO 0 4 16 1 0 -91 0
140.969 4 LIDAR 6.33 192 1
140.969 4 INS 0 0 0 0 0 0 -28 44 -582
140.969 4 INS_REF 485065295 -31589301 411664541 404506309 -37260580 702390 650000 0.
140.970 4 GPS_INT 637813700 0 0 0 0 0 -17000 0 0 0 649579072 100000 51000 9999 0 0 1
140.971 4 SVINFO 0 4 16 1 0 -91 0
140.971 4 INS 0 0 0 0 0 0 0 24 -601
140.972 4 ROTORCRAFT_FP 0 0 0 0 0 0 -12859 3 -7721 0 0 0 0 0 0
140.973 4 GPS_INT 637813700 0 0 0 0 0 -17000 0 0 0 649579712 100000 51250 9999 0 0 1
140.973 4 SVINFO 0 4 16 1 0 -91 0
140.974 4 INS 0 0 0 0 0 0 2 28 -591
140.974 4 ROTORCRAFT_FP 0 0 0 0 0 0 -12859 3 -7721 0 0 0 0 0 0
140.975 4 DL_VALUE 43 1.
140.975 4 SVINFO 0 4 16 1 0 -91 0
140.975 4 INS 0 0 0 0 0 0 28 4 -587
140.976 4 SVINFO 0 4 16 1 0 -91 0
140.976 4 LIDAR 6.32 200 1
140.976 4 INS 0 0 0 0 0 0 12 14 -610
140.976 4 ROVER_STATUS 2 0 0 3 0 52 8.221591
140.976 4 SVINFO 0 4 16 1 0 -91 0
140.977 4 INS 0 0 0 0 0 0 -3 34 -553
140.977 4 ROVER_STATUS 2 0 0 3 0 53 8.221591
140.977 4 UART_ERRORS 0 0 0 1
140.977 4 UART_ERRORS 0 0 0 2
140.978 4 SVINFO 0 4 16 1 0 -91 0
140.978 4 LIDAR 6.29 200 1
140.978 4 ROTORCRAFT_NAV_STATUS 0 0 0. 0. 0 0 0
140.979 4 GPS_INT 637813700 0 0 0 0 0 -17000 0 0 0 649587008 100000 54250 9999 0 0 1
141.106 4 LINK_REPORT 4 -1 141 0 34969 837 0 1267. 34. 15 -4983.19
141.171 4 ENERGY 0 8.221591 0.3 2.466477 0.004101 0.033695
141.175 4 LINK_REPORT 4 -1 47 0 17060 424 0 608. 14. 9 898.41
141.213 4 GPS_INT 637813700 0 0 0 0 0 -17000 0 0 0 649587648 100000 54500 9999 0 0 1
141.214 4 SVINFO 0 4 16 1 0 -91 0
141.229 4 INS 0 0 0 0 0 0 43 892 -407
141.293 4 ROTORCRAFT_FP 0 0 0 0 0 0 -12857 1 -7742 0 0 0 0 0 0
141.373 4 IMU_MAG_RAW 0 0 0
141.421 4 DL_VALUE 46 0.
141.463 4 GPS_INT 637813700 0 0 0 0 0 -17000 0 0 0 649588288 100000 54750 9999 0 0 1
141.463 4 SVINFO 0 4 16 1 0 -91 0
141.464 4 LIDAR 6.43 200 1
141.478 4 INS 0 0 0 0 0 0 181 -152 -706
141.546 4 ROTORCRAFT_FP 0 0 0 0 0 0 -12862 -1 -7732 0 0 0 0 0 0
141.622 4 ALIVE 115,86,116,25,135,139,191,218,133,132,114,68,46,15,123,213
141.712 4 GPS_INT 637813700 0 0 0 0 0 -17000 0 0 0 649588928 100000 55000 9999 0 0 1
141.713 4 SVINFO 0 4 16 1 0 -91 0
141.728 4 INS 0 0 0 0 0 0 -158 -15 -577
141.961 4 SVINFO 0 4 16 1 0 -91 0
141.977 4 INS 0 0 0 0 0 0 27 -32 -682
142.106 4 LINK_REPORT 4 -1 142 0 35088 840 0 119. 3. 15 -4983.19
142.169 4 WP_MOVED_ENU 12 -10160 -10329 2560
142.175 4 LINK_REPORT 4 -1 48 0 17665 438 0 605. 14. 9 898.41
142.212 4 GPS_INT 637813700 0 0 0 0 0 -17000 0 0 0 649590208 100000 55500 9999 0 0 1
142.213 4 SVINFO 0 4 16 1 0 -91 0
142.227 4 INS 0 0 0 0 0 0 69 20 -558
142.290 4 ROTORCRAFT_FP 0 0 0 0 0 0 -12867 1 -7737 0 0 0 0 0 0
142.370 4 IMU_MAG_RAW 0 0 0
142.459 4 SVINFO 0 4 16 1 0 -91 0
142.460 4 LIDAR 0.12 200 1
142.475 4 INS 0 0 0 0 0 0 0 22 -658
142.491 4 ROTORCRAFT_NAV_STATUS 0 0 0. 0. 0 0 0
142.548 4 DL_VALUE 47 65405.
142.588 4 INS_REF 485065295 -31589301 411664541 404506309 -37260580 702390 650000 0.
142.710 4 GPS_INT 637813700 0 0 0 0 0 -17000 0 0 0 649591488 100000 56000 9999 0 0 1
142.711 4 SVINFO 0 4 16 1 0 -91 0
142.725 4 INS 0 0 0 0 0 0 8 -16 -668
142.958 4 GPS_INT 637813700 0 0 0 0 0 -17000 0 0 0 649592128 100000 56250 9999 0 0 1
142.959 4 SVINFO 0 4 16 1 0 -91 0
143.107 4 LINK_REPORT 4 -1 143 0 35254 844 0 166. 4. 15 -4983.19
143.177 4 LINK_REPORT 4 -1 49 0 18172 451 0 507. 13. 9 898.41
143.207 4 SVINFO 0 4 16 1 0 -91 0
143.223 4 INS 0 0 0 0 0 0 -46 8 -606
143.287 4 STATE_FILTER_STATUS 6 3 0
143.319 4 ROVER_STATUS 2 0 0 3 0 57 8.221591
143.367 4 IMU_MAG_RAW 0 0 0
143.471 4 SVINFO 0 4 16 1 0 -91 0
143.472 4 WP_MOVED_ENU 13 -10329 10160 2560
143.472 4 LIDAR 0.11 200 1
143.615 4 DL_VALUE 48 0.
144.108 4 LINK_REPORT 4 -1 144 0 35295 846 0 41. 2. 15 -4983.19
144.178 4 LINK_REPORT 4 -1 50 0 18351 458 0 179. 7. 9 898.41
144.204 4 SVINFO 0 4 16 1 0 -91 0
144.221 4 INS 0 0 0 0 0 0 8 25 -582
144.454 4 GPS_INT 637813700 0 0 0 0 0 -17000 0 0 0 649596096 100000 57750 9999 0 0 1
144.455 4 SVINFO 0 4 16 1 0 -91 0
144.455 4 LIDAR 6.43 200 1
144.470 4 INS 0 0 0 0 0 0 -33 44 -563
144.703 4 SVINFO 0 4 16 1 0 -91 0
144.719 4 INS 0 0 0 0 0 0 22 -1 -601
144.720 4 DL_VALUE 49 0.
144.751 4 WP_MOVED_ENU 0 0 0 2560
144.953 4 SVINFO 0 4 16 1 0 -91 0
144.968 4 INS 0 0 0 0 0 0 14 33 -620
145.109 4 LINK_REPORT 4 -1 145 1 35295 846 0 0. 0. 15 -4983.19
145.179 4 LINK_REPORT 4 -1 51 0 18764 470 0 413. 12. 10 -4102.5
146.110 4 LINK_REPORT 4 -1 146 2 35295 846 0 0. 0. 16 -9984.17
146.156 4 ENERGY 0 8.221591 0.25 2.055398 0.004454 0.036595
146.179 4 LINK_REPORT 4 -1 52 0 18798 471 0 34. 1. 10 -4102.5
146.447 4 DATALINK_REPORT 3 20 1293 1034 0 0
146.447 4 SVINFO 0 4 16 1 0 -91 0
146.447 4 LIDAR 6.42 208 1
146.448 4 ENERGY 0 8.221591 0.25 2.055398 0.00427 0.035082
146.449 4 GPS_INT 637813700 0 0 0 0 0 -17000 0 0 0 649594048 100000 57000 9999 0 0 1
146.450 4 SVINFO 0 4 16 1 0 -91 0
146.451 4 ALIVE 115,86,116,25,135,139,191,218,133,132,114,68,46,15,123,213
146.452 4 INS 0 0 0 0 0 0 -64 14 -606
146.453 4 SVINFO 0 4 16 1 0 -91 0
146.453 4 INS 0 0 0 0 0 0 1 17 -567
146.455 4 ROTORCRAFT_FP 0 0 0 0 0 0 -12865 1 -7742 0 0 0 0 0 0
146.455 4 ROTORCRAFT_NAV_STATUS 0 0 0. 0. 0 0 0
146.456 4 ROTORCRAFT_FP 0 0 0 0 0 0 -12860 1 -7745 0 0 0 0 0 0
146.457 4 ROVER_STATUS 2 0 0 3 0 58 8.221591
146.457 4 PONG 
146.457 4 SVINFO 0 4 16 1 0 -91 0
146.458 4 IMU_MAG_RAW 0 0 0
146.458 4 GPS_INT 637813700 0 0 0 0 0 -17000 0 0 0 649598720 100000 58750 9999 0 0 1
146.459 4 SVINFO 0 4 16 1 0 -91 0
146.459 4 LIDAR 6.42 208 1
146.459 4 INS 0 0 0 0 0 0 -12 31 -577
146.460 4 ROTORCRAFT_FP 0 0 0 0 0 0 -12859 0 -7749 0 0 0 0 0 0
146.461 4 PONG 
146.461 4 GPS_INT 637813700 0 0 0 0 0 -17000 0 0 0 649599424 100000 59000 9999 0 0 1
146.462 4 SVINFO 0 4 16 1 0 -91 0
146.462 4 INS 0 0 0 0 0 0 -4 12 -558
146.462 4 ROVER_STATUS 2 0 0 3 0 59 8.221591
146.463 4 ROTORCRAFT_FP 0 0 0 0 0 0 -12859 0 -7750 0 0 0 0 0 0
146.464 4 ALIVE 115,86,116,25,135,139,191,218,133,132,114,68,46,15,123,213
146.464 4 DL_VALUE 50 0.
146.465 4 GPS_INT 637813700 0 0 0 0 0 -17000 0 0 0 649600128 100000 59250 9999 0 0 1
146.465 4 SVINFO 0 4 16 1 0 -91 0
146.466 4 INS 0 0 0 0 0 0 -34 -2 -601
146.466 4 ROTORCRAFT_FP 0 0 0 0 0 0 -12859 0 -7750 0 0 0 0 0 0
146.467 4 WP_MOVED_ENU 1 0 0 2560
146.468 4 GPS_INT 637813700 0 0 0 0 0 -17000 0 0 0 649600768 100000 59500 9999 0 0 1
146.468 4 SVINFO 0 4 16 1 0 -91 0
146.469 4 UART_ERRORS 0 0 0 1
146.469 4 UART_ERRORS 0 0 0 2
146.469 4 UART_ERRORS 0 0 0 3
146.469 4 IMU_MAG_RAW 0 0 0
146.697 4 GPS_INT 637813700 0 0 0 0 0 -17000 0 0 0 649602176 100000 60000 9999 0 0 1
146.698 4 SVINFO 0 4 16 1 0 -91 0
146.713 4 INS 0 0 0 0 0 0 -5 8 -548
146.920 4 DL_VALUE 51 0.
146.947 4 SVINFO 0 4 16 1 0 -91 0
147.111 4 LINK_REPORT 4 -1 147 0 36946 889 0 1651. 43. 16 963.
147.180 4 LINK_REPORT 4 -1 53 0 18856 474 0 58. 3. 10 -4102.5
147.195 4 SVINFO 0 4 16 1 0 -91 0
147.211 4 INS 0 0 0 0 0 0 5 -10 -591
147.275 4 ROTORCRAFT_NAV_STATUS 0 0 0. 0. 0 0 0
147.355 4 WP_MOVED_ENU 2 7 -1024 2560
147.355 4 IMU_MAG_RAW 0 0 0
147.445 4 GPS_INT 637813700 0 0 0 0 0 -17000 0 0 0 649604288 100000 60750 9999 0 0 1
147.446 4 SVINFO 0 4 16 1 0 -91 0
147.446 4 LIDAR 6.42 208 1
147.461 4 INS 0 0 0 0 0 0 11 11 -534
147.525 4 ROTORCRAFT_FP 0 0 0 0 0 0 -12859 0 -7755 0 0 0 0 0 0
147.901 4 ALIVE 115,86,116,25,135,139,191,218,133,132,114,68,46,15,123,213
148.112 4 LINK_REPORT 4 -1 148 0 37096 893 0 150. 4. 16 963.
148.181 4 LINK_REPORT 4 -1 54 0 19115 481 0 259. 7. 10 -4102.5
148.442 4 SVINFO 0 4 16 1 0 -91 0
148.442 4 LIDAR 6.43 208 1
148.521 4 ROTORCRAFT_FP 0 0 0 0 0 0 -12859 0 -7758 0 0 0 0 0 0
148.649 4 ENERGY 0 8.221591 0.275 2.260938 0.004644 0.038153
148.649 4 WP_MOVED_ENU 3 -762 -775 2560
148.690 4 SVINFO 0 4 16 1 0 -91 0
148.691 4 DATALINK_REPORT 3 22 1416 1044 0 0
148.706 4 INS 0 0 0 0 0 0 5 37 -582
148.770 4 ROTORCRAFT_FP 0 0 0 0 0 0 -12859 0 -7759 0 0 0 0 0 0
149.113 4 LINK_REPORT 4 -1 149 1 37096 893 0 0. 0. 16 963.
149.182 4 LINK_REPORT 4 -1 55 0 19451 490 0 336. 9. 10 -4102.5
150.114 4 LINK_REPORT 4 -1 150 2 37096 893 0 0. 0. 16 963.
150.183 4 LINK_REPORT 4 -1 56 1 19451 490 0 0. 0. 11 -9103.6
150.749 4 SVINFO 0 4 16 1 0 -91 0
150.750 4 GPS_INT 637813700 0 0 0 0 0 -17000 0 0 0 649605696 100000 61250 9999 0 0 1
150.750 4 SVINFO 0 4 16 1 0 -91 0
150.751 4 INS 0 0 0 0 0 0 -6 21 -615
150.751 4 DL_VALUE 52 0.
150.752 4 ROVER_STATUS 2 0 0 3 0 61 8.21276
150.753 4 GPS_INT 637813700 0 0 0 0 0 -17000 0 0 0 649606400 100000 61500 9999 0 0 1
150.753 4 SVINFO 0 4 16 1 0 -91 0
150.754 4 IMU_MAG_RAW 0 0 0
150.754 4 SVINFO 0 4 16 1 0 -91 0
150.755 4 DL_VALUE 53 38400.
150.755 4 SVINFO 0 4 16 1 0 -91 0
150.756 4 INS 0 0 0 0 0 0 8 -1 -520
150.756 4 ROTORCRAFT_FP 0 0 0 0 0 0 -12859 0 -7761 0 0 0 0 0 0
150.757 4 ROVER_STATUS 2 0 0 3 0 63 8.221591
150.757 4 IMU_MAG_RAW 0 0 0
150.757 4 UART_ERRORS 0 0 3 4
150.758 4 UART_ERRORS 0 0 0 5
150.758 4 UART_ERRORS 0 0 0 6
150.758 4 GPS_INT 637813700 0 0 0 0 0 -17000 0 0 0 649609984 100000 62750 9999 0 0 1
150.759 4 SVINFO 0 4 16 1 0 -91 0
150.759 4 LIDAR 6.41 210 1
150.760 4 INS 0 0 0 0 0 0 44 33 -625
150.760 4 SVINFO 0 4 16 1 0 -91 0
150.760 4 PONG 
150.760 4 INS 0 0 0 0 0 0 8 19 -515
150.761 4 ROTORCRAFT_FP 0 0 0 0 0 0 -12859 -1 -7763 0 0 0 0 0 0
150.761 4 SVINFO 0 4 16 1 0 -91 0
150.761 4 WP_MOVED_ENU 4 -504 -1029 2560
150.762 4 SVINFO 0 4 16 1 0 -91 0
150.762 4 INS 0 0 0 0 0 0 -16 13 -630
150.762 4 DL_VALUE 54 38400.
150.762 4 SVINFO 0 4 16 1 0 -91 0
150.762 4 LIDAR 6.42 216 1
150.763 4 INS 0 0 0 0 0 0 -29 -18 -639
150.934 4 SVINFO 0 4 16 1 0 -91 0
150.950 4 INS 0 0 0 0 0 0 -25 25 -577
151.013 4 ROTORCRAFT_FP 0 0 0 0 0 0 -12859 -1 -7768 0 0 0 0 0 0
151.115 4 LINK_REPORT 4 -1 151 0 38382 931 0 1286. 38. 17 262.43
151.141 4 ENERGY 0 8.221591 0.325 2.672017 0.004837 0.039745
151.184 4 LINK_REPORT 4 -1 57 2 19451 490 0 0. 0. 11 -9103.6
151.449 4 INS 0 0 0 0 0 0 -10 9 -587
151.513 4 ROTORCRAFT_FP 0 0 0 0 0 0 -12859 -1 -7769 0 0 0 0 0 0
151.682 4 SVINFO 0 4 16 1 0 -91 0
151.708 4 INS 0 0 0 0 0 0 -47 7 -630
151.709 4 ROVER_STATUS 2 0 0 3 0 65 8.221591
152.116 4 LINK_REPORT 4 -1 152 0 38630 937 0 248. 6. 17 262.43
152.184 4 LINK_REPORT 4 -1 58 3 19451 490 0 0. 0. 11 -9103.6
152.537 4 WP_MOVED_ENU 6 760 1031 2560
152.928 4 GPS_INT 637813700 0 0 0 0 0 -17000 0 0 0 649620416 100000 66250 9999 0 0 1
152.929 4 SVINFO 0 4 16 1 0 -91 0
152.943 4 INS 0 0 0 0 0 0 13 -1 -606
153.007 4 ROTORCRAFT_FP 0 0 0 0 0 0 -12859 -2 -7775 0 0 0 0 0 0
153.118 4 LINK_REPORT 4 -1 153 0 38867 942 0 237. 5. 17 262.43
153.177 4 GPS_INT 637813700 0 0 0 0 0 -17000 0 0 0 649621120 100000 66500 9999 0 0 1
153.178 4 SVINFO 0 4 16 1 0 -91 0
153.185 4 LINK_REPORT 4 -1 59 4 19451 490 0 0. 0. 11 -9103.6
153.336 4 IMU_MAG_RAW 0 0 0
153.426 4 SVINFO 0 4 16 1 0 -91 0
153.427 4 LIDAR 6.41 216 1
153.427 4 ROTORCRAFT_FP 0 0 0 0 0 0 -12859 0 -7764 0 0 0 0 0 0
153.428 4 ROTORCRAFT_FP 0 0 0 0 0 0 -12859 0 -7765 0 0 0 0 0 0
153.430 4 ROTORCRAFT_FP 0 0 0 0 0 0 -12859 0 -7766 0 0 0 0 0 0
153.430 4 ROVER_STATUS 2 0 0 3 0 64 8.21276
153.431 4 PONG 
153.432 4 GPS_INT 637813700 0 0 0 0 0 -17000 0 0 0 649613568 100000 64000 9999 0 0 1
153.433 4 SVINFO 0 4 16 1 0 -91 0
153.433 4 INS 0 0 0 0 0 0 32 -14 -639
153.433 4 SVINFO 0 4 16 1 0 -91 0
153.434 4 INS 0 0 0 0 0 0 1 -4 -639
153.435 4 ROTORCRAFT_FP 0 0 0 0 0 0 -12859 -1 -7768 0 0 0 0 0 0
153.435 4 DL_VALUE 0 0.
153.436 4 GPS_INT 637813700 0 0 0 0 0 -17000 0 0 0 649615872 100000 64750 9999 0 0 1
153.436 4 SVINFO 0 4 16 1 0 -91 0
153.437 4 LIDAR 6.44 216 1
153.437 4 GPS_INT 637813700 0 0 0 0 0 -17000 0 0 0 649617344 100000 65250 9999 0 0 1
153.438 4 SVINFO 0 4 16 1 0 -91 0
153.438 4 INS 0 0 0 0 0 0 24 2 -610
153.439 4 ROTORCRAFT_FP 0 0 0 0 0 0 -12859 -1 -7771 0 0 0 0 0 0
153.440 4 ROTORCRAFT_NAV_STATUS 0 0 0. 0. 0 0 0
153.440 4 GPS_INT 637813700 0 0 0 0 0 -17000 0 0 0 649618176 100000 65500 9999 0 0 1
153.441 4 SVINFO 0 4 16 1 0 -91 0
153.441 4 INS 0 0 0 0 0 0 -12 20 -544
153.441 4 DL_VALUE 1 5.
153.442 4 INS 0 0 0 0 0 0 -10 26 -572
153.442 4 GPS_INT 637813700 0 0 0 0 0 -17000 0 0 0 649618880 100000 65750 9999 0 0 1
153.442 4 SVINFO 0 4 16 1 0 -91 0
153.443 4 LIDAR 6.41 216 1
153.443 4 INS 0 0 0 0 0 0 26 -18 -639
153.443 4 UART_ERRORS 0 0 0 1
153.443 4 UART_ERRORS 0 0 0 2
153.443 4 GPS_INT 637813700 0 0 0 0 0 -17000 0 0 0 649619648 100000 66000 9999 0 0 1
153.444 4 SVINFO 0 4 16 1 0 -91 0
153.650 4 ROTORCRAFT_NAV_STATUS 0 0 0. 0. 0 0 0
153.680 4 GPS_INT 637813700 0 0 0 0 0 -17000 0 0 0 649622720 100000 67000 9999 0 0 1
153.681 4 SVINFO 0 4 16 1 0 -91 0
153.696 4 INS 0 0 0 0 0 0 26 -32 -610
153.756 4 ROTORCRAFT_FP 0 0 0 0 0 0 -12859 -2 -7777 0 0 0 0 0 0
153.756 4 DATALINK_REPORT 3 24 1539 1039 0 0
153.836 4 WP_MOVED_ENU 7 775 -1018 2560
153.925 4 SVINFO 0 4 16 1 0 -91 0
153.941 4 INS 0 0 0 0 0 0 -21 -11 -606
154.004 4 ROTORCRAFT_FP 0 0 0 0 0 0 -12859 -2 -7778 0 0 0 0 0 0
154.118 4 LINK_REPORT 4 -1 154 0 39502 958 0 635. 16. 17 262.43
154.186 4 LINK_REPORT 4 -1 60 0 20797 522 0 1346. 32. 11 3781.85
154.503 4 ROTORCRAFT_FP 0 0 0 0 0 0 -12859 -2 -7780 0 0 0 0 0 0
154.688 4 PONG 
155.119 4 LINK_REPORT 4 -1 155 0 39586 960 0 84. 2. 17 4190.12
155.171 4 GPS_INT 637813700 0 0 0 0 0 -17000 0 0 0 649627392 100000 68500 9999 0 0 1
155.172 4 SVINFO 0 4 16 1 0 -91 0
155.187 4 LINK_REPORT 4 -1 61 1 20797 522 0 0. 0. 12 -1218.97
155.187 4 INS 0 0 0 0 0 0 -11 25 -553
155.436 4 INS 0 0 0 0 0 0 2 15 -634
155.499 4 ROTORCRAFT_FP 0 0 0 0 0 0 -12859 -3 -7784 0 0 0 0 0 0
155.515 4 PONG 
156.120 4 LINK_REPORT 4 -1 156 0 39859 966 0 273. 6. 18 17.08
156.187 4 LINK_REPORT 4 -1 62 2 20797 522 0 0. 0. 12 -1218.97
156.730 4 INS_REF 485065295 -31589301 411664541 404506309 -37260580 702390 650000 0.
156.731 4 ROTORCRAFT_FP 0 0 0 0 0 0 -12859 -1 -7774 0 0 0 0 0 0
156.732 4 STATE_FILTER_STATUS 6 3 0
156.732 4 ROVER_STATUS 2 0 0 3 0 66 8.221591
156.733 4 DL_VALUE 2 5.
156.734 4 ENERGY 0 8.21276 0.275 2.258509 0.005035 0.041371
156.734 4 SVINFO 0 4 16 1 0 -91 0
156.735 4 ALIVE 115,86,116,25,135,139,191,218,133,132,114,68,46,15,123,213
156.736 4 INS 0 0 0 0 0 0 -29 -2 -601
156.737 4 ROTORCRAFT_FP 0 0 0 0 0 0 -12859 -2 -7779 0 0 0 0 0 0
156.737 4 SVINFO 0 4 16 1 0 -91 0
156.738 4 LIDAR 6.43 218 1
156.738 4 DL_VALUE 3 0.
156.739 4 GPS_INT 637813700 0 0 0 0 0 -17000 0 0 0 649625856 100000 68000 9999 0 0 1
156.739 4 SVINFO 0 4 16 1 0 -91 0
156.740 4 SVINFO 0 4 16 1 0 -91 0
156.740 4 INS 0 0 0 0 0 0 -16 7 -601
156.741 4 ROTORCRAFT_FP 0 0 0 0 0 0 -12859 -2 -7783 0 0 0 0 0 0
156.741 4 ROTORCRAFT_NAV_STATUS 0 0 0. 0. 0 0 0
156.742 4 ROVER_STATUS 2 0 0 3 0 69 8.21276
156.742 4 IMU_MAG_RAW 0 0 0
156.743 4 GPS_INT 637813700 0 0 0 0 0 -17000 0 0 0 649628224 100000 68750 9999 0 0 1
156.743 4 SVINFO 0 4 16 1 0 -91 0
156.743 4 LIDAR 6.41 224 1
156.744 4 UART_ERRORS 0 0 0 3
156.744 4 UART_ERRORS 0 0 3 4
156.744 4 UART_ERRORS 0 0 0 5
156.744 4 UART_ERRORS 0 0 0 6
156.745 4 SVINFO 0 4 16 1 0 -91 0
156.745 4 INS 0 0 0 0 0 0 20 39 -553
156.745 4 DL_VALUE 4 1.
156.746 4 ROTORCRAFT_FP 0 0 0 0 0 0 -12860 -3 -7786 0 0 0 0 0 0
156.746 4 GPS_INT 637813700 0 0 0 0 0 -17000 0 0 0 649630528 100000 69500 9999 0 0 1
156.747 4 SVINFO 0 4 16 1 0 -91 0
156.747 4 INS 0 0 0 0 0 0 8 6 -596
156.748 4 ROTORCRAFT_FP 0 0 0 0 0 0 -12860 -3 -7787 0 0 0 0 0 0
156.915 4 SVINFO 0 4 16 1 0 -91 0
156.931 4 INS 0 0 0 0 0 0 24 1 -591
157.121 4 LINK_REPORT 4 -1 157 1 39859 966 0 0. 0. 18 17.08
157.188 4 LINK_REPORT 4 -1 63 0 22174 560 0 1377. 38. 12 -1218.97
157.244 4 ROTORCRAFT_FP 0 0 0 0 0 0 -12860 -4 -7791 0 0 0 0 0 0
157.323 4 IMU_MAG_RAW 0 0 0
157.415 4 GPS_INT 637813700 0 0 0 0 0 -17000 0 0 0 649634624 100000 70750 9999 0 0 1
157.416 4 SVINFO 0 4 16 1 0 -91 0
157.416 4 LIDAR 6.41 224 1
157.430 4 INS 0 0 0 0 0 0 -5 -14 -534
157.494 4 ROTORCRAFT_FP 0 0 0 0 0 0 -12860 -4 -7791 0 0 0 0 0 0
157.811 4 INS_REF 485065295 -31589301 411664541 404506309 -37260580 702390 650000 0.
157.916 4 SVINFO 0 4 16 1 0 -91 0
158.123 4 LINK_REPORT 4 -1 158 2 39859 966 0 0. 0. 18 17.08
158.188 4 LINK_REPORT 4 -1 64 0 22566 569 0 392. 9. 12 -1218.97
158.241 4 ROTORCRAFT_FP 0 0 0 0 0 0 -12861 -4 -7794 0 0 0 0 0 0
158.321 4 IMU_MAG_RAW 0 0 0
158.411 4 GPS_INT 637813700 0 0 0 0 0 -17000 0 0 0 649637952 100000 71750 9999 0 0 1
158.412 4 SVINFO 0 4 16 1 0 -91 0
158.413 4 LIDAR 6.43 224 1
158.426 4 INS 0 0 0 0 0 0 4 -28 -634
158.442 4 ROTORCRAFT_NAV_STATUS 0 0 0. 0. 0 0 0
158.618 4 ENERGY 0 8.21276 0.25 2.05319 0.005421 0.044538
158.618 4 UART_ERRORS 0 0 0 1
158.910 4 SVINFO 0 4 16 1 0 -91 0
158.925 4 INS 0 0 0 0 0 0 -19 11 -582
158.988 4 ROTORCRAFT_FP 0 0 0 0 0 0 -12860 -3 -7797 0 0 0 0 0 0
158.989 4 DL_VALUE 7 1.
159.124 4 LINK_REPORT 4 -1 159 3 39859 966 0 0. 0. 18 17.08
159.159 4 SVINFO 0 4 16 1 0 -91 0
159.189 4 LINK_REPORT 4 -1 65 0 23083 583 0 517. 14. 12 -1218.97
159.668 4 SVINFO 0 4 16 1 0 -91 0
159.669 4 I2C_ERRORS 0 0 13908 0 0 0 0 0 0 0 0 2
159.669 4 INS 0 0 0 0 0 0 18 -28 -587
159.669 4 INS 0 0 0 0 0 0 7 -13 -587
159.670 4 STATE_FILTER_STATUS 6 3 0
159.670 4 ENERGY 0 8.221591 0.25 2.055398 0.005229 0.042964
159.672 4 GPS_INT 637813700 0 0 0 0 0 -17000 0 0 0 649631424 100000 69750 9999 0 0 1
159.672 4 SVINFO 0 4 16 1 0 -91 0
159.673 4 WP_MOVED_ENU 9 -775 1018 2560
159.673 4 LIDAR 6.4 224 4
159.673 4 INS 0 0 0 0 0 0 -3 10 -553
159.674 4 ROVER_STATUS 2 0 0 3 0 70 8.21276
159.674 4 GPS_INT 637813700 0 0 0 0 0 -17000 0 0 0 649632192 100000 70000 9999 0 0 1
159.675 4 SVINFO 0 4 16 1 0 -91 0
159.675 4 INS 0 0 0 0 0 0 -16 -1 -587
159.676 4 DL_VALUE 5 1.
159.676 4 ROTORCRAFT_NAV_STATUS 0 0 0. 0. 0 0 0
159.676 4 GPS_INT 637813700 0 0 0 0 0 -17000 0 0 0 649633856 100000 70500 9999 0 0 1
159.677 4 SVINFO 0 4 16 1 0 -91 0
159.677 4 INS 0 0 0 0 0 0 -12 12 -601
159.678 4 SVINFO 0 4 16 1 0 -91 0
159.678 4 GPS_INT 637813700 0 0 0 0 0 -17000 0 0 0 649637120 100000 71500 9999 0 0 1
159.679 4 SVINFO 0 4 16 1 0 -91 0
159.679 4 GPS_INT 637813700 0 0 0 0 0 -17000 0 0 0 649638720 100000 72000 9999 0 0 1
159.680 4 SVINFO 0 4 16 1 0 -91 0
159.680 4 DATALINK_REPORT 3 26 1659 1014 0 0
159.681 4 ROVER_STATUS 2 0 0 3 0 72 8.21276
159.681 4 ROTORCRAFT_FP 0 0 0 0 0 0 -12860 -4 -7798 0 0 0 0 0 0
159.682 4 STATE_FILTER_STATUS 6 3 0
159.682 4 IMU_MAG_RAW 0 0 0
159.682 4 SVINFO 0 4 16 1 0 -91 0
159.682 4 LIDAR 6.21 224 1
159.907 4 GPS_INT 637813700 0 0 0 0 0 -17000 0 0 0 649642944 100000 73250 9999 0 0 1
159.908 4 SVINFO 0 4 16 1 0 -91 0
160.033 4 ROTORCRAFT_NAV_STATUS 0 0 0. 0. 0 0 0
160.124 4 LINK_REPORT 4 -1 160 0 41010 998 0 1151. 32. 18 17.08
160.156 4 GPS_INT 637813700 0 0 0 0 0 -17000 0 0 0 649643776 100000 73500 9999 0 0 1
160.156 4 SVINFO 0 4 16 1 0 -91 0
160.190 4 LINK_REPORT 4 -1 66 0 23289 588 0 206. 5. 13 -6220.43
160.235 4 ROTORCRAFT_FP 0 0 0 0 0 0 -12860 -3 -7802 0 0 0 0 0 0
160.314 4 WP_MOVED_ENU 12 -10160 -10329 2560
160.315 4 IMU_MAG_RAW 0 0 0
160.404 4 SVINFO 0 4 16 1 0 -91 0
160.405 4 LIDAR 6.43 232 1
160.421 4 INS 0 0 0 0 0 0 20 17 -544
160.485 4 ROTORCRAFT_FP 0 0 0 0 0 0 -12860 -3 -7803 0 0 0 0 0 0
160.516 4 PONG 
160.654 4 SVINFO 0 4 16 1 0 -91 0
160.670 4 INS 0 0 0 0 0 0 6 53 -572
160.904 4 GPS_INT 637813700 0 0 0 0 0 -17000 0 0 0 649646336 100000 74250 9999 0 0 1
160.905 4 SVINFO 0 4 16 1 0 -91 0
161.125 4 LINK_REPORT 4 -1 161 0 41342 1006 0 332. 8. 19 -4983.81
161.152 4 SVINFO 0 4 16 1 0 -91 0
161.190 4 LINK_REPORT 4 -1 67 0 23434 593 0 145. 5. 13 864.71
161.264 4 ROVER_STATUS 2 0 0 3 0 75 8.221591
161.311 4 IMU_MAG_RAW 0 0 0
161.402 4 GPS_INT 637813700 0 0 0 0 0 -17000 0 0 0 649648064 100000 74750 9999 0 0 1
161.403 4 SVINFO 0 4 16 1 0 -91 0
161.403 4 LIDAR 6.42 232 1
161.418 4 INS 0 0 0 0 0 0 -4 50 -601
161.482 4 ROTORCRAFT_FP 0 0 0 0 0 0 -12860 -4 -7807 0 0 0 0 0 0
161.609 4 WP_MOVED_ENU 13 -10329 10160 2560
161.625 4 ROTORCRAFT_NAV_STATUS 0 0 0. 0. 0 0 0
161.671 4 GPS_INT 637813700 0 0 0 0 0 -17000 0 0 0 649648960 100000 75000 9999 0 0 1
161.672 4 SVINFO 0 4 16 1 0 -91 0
161.672 4 INS 0 0 0 0 0 0 0 49 -524
161.742 4 ROTORCRAFT_FP 0 0 0 0 0 0 -12860 -4 -7807 0 0 0 0 0 0
161.744 4 UART_ERRORS 0 0 0 2
161.744 4 UART_ERRORS 0 0 0 3
161.744 4 UART_ERRORS 0 0 3 4
161.744 4 UART_ERRORS 0 0 0 5
161.900 4 GPS_INT 637813700 0 0 0 0 0 -17000 0 0 0 649649792 100000 75250 9999 0 0 1
161.901 4 SVINFO 0 4 16 1 0 -91 0
161.916 4 INS 0 0 0 0 0 0 -12 12 -601
161.980 4 ROTORCRAFT_FP 0 0 0 0 0 0 -12860 -4 -7808 0 0 0 0 0 0
162.125 4 LINK_REPORT 4 -1 162 0 41342 1006 0 0. 0. 19 -4983.81
162.150 4 GPS_INT 637813700 0 0 0 0 0 -17000 0 0 0 649650688 100000 75500 9999 0 0 1
162.151 4 SVINFO 0 4 16 1 0 -91 0
162.191 4 LINK_REPORT 4 -1 68 0 24360 616 0 926. 23. 13 864.71
162.261 4 DL_VALUE 10 3.
162.399 4 SVINFO 0 4 16 1 0 -91 0
162.399 4 LIDAR 6.43 232 1
162.428 4 INS 0 0 0 0 0 0 -31 -16 -572
162.429 4 STATE_FILTER_STATUS 6 3 0
162.477 4 ROTORCRAFT_FP 0 0 0 0 0 0 -12860 -4 -7811 0 0 0 0 0 0
162.478 4 ROVER_STATUS 2 0 0 3 0 76 8.21276
162.556 4 ALIVE 115,86,116,25,135,139,191,218,133,132,114,68,46,15,123,213
162.647 4 GPS_INT 637813700 0 0 0 0 0 -17000 0 0 0 649652480 100000 76000 9999 0 0 1
162.648 4 SVINFO 0 4 16 1 0 -91 0
162.663 4 INS 0 0 0 0 0 0 -15 25 -606
162.921 4 GPS_INT 637813700 0 0 0 0 0 -17000 0 0 0 649653312 100000 76250 9999 0 0 1
162.922 4 SVINFO 0 4 16 1 0 -91 0
162.922 4 INS_REF 485065295 -31589301 411664541 404506309 -37260580 702390 650000 0.
162.923 4 WP_MOVED_ENU 0 0 0 2560
162.923 4 INS 0 0 0 0 0 0 -13 -11 -582
162.969 4 ROTORCRAFT_FP 0 0 0 0 0 0 -12859 -3 -7813 0 0 0 0 0 0
163.126 4 LINK_REPORT 4 -1 163 0 41372 1007 0 30. 1. 19 -4983.81
163.145 4 GPS_INT 637813700 0 0 0 0 0 -17000 0 0 0 649654208 100000 76500 9999 0 0 1
163.146 4 SVINFO 0 4 16 1 0 -91 0
163.193 4 LINK_REPORT 4 -1 69 0 25092 634 0 732. 18. 13 864.71
163.224 4 ROTORCRAFT_FP 0 0 0 0 0 0 -12859 -3 -7814 0 0 0 0 0 0
163.225 4 ROTORCRAFT_NAV_STATUS 0 0 0. 0. 0 0 0
163.304 4 IMU_MAG_RAW 0 0 0
163.352 4 DL_VALUE 11 0.
163.395 4 GPS_INT 637813700 0 0 0 0 0 -17000 0 0 0 649655040 100000 76750 9999 0 0 1
163.396 4 SVINFO 0 4 16 1 0 -91 0
163.396 4 LIDAR 6.43 232 1
163.411 4 INS 0 0 0 0 0 0 6 12 -587
163.475 4 ROTORCRAFT_FP 0 0 0 0 0 0 -12859 -4 -7814 0 0 0 0 0 0
163.602 4 ENERGY 0 8.21276 0.25 2.05319 0.005799 0.047642
163.645 4 GPS_INT 637813700 0 0 0 0 0 -17000 0 0 0 649655936 100000 77000 9999 0 0 1
163.645 4 SVINFO 0 4 16 1 0 -91 0
163.670 4 INS 0 0 0 0 0 0 -7 46 -606
163.671 4 ROVER_STATUS 2 0 0 3 0 77 8.21276
163.719 4 ROTORCRAFT_FP 0 0 0 0 0 0 -12859 -4 -7815 0 0 0 0 0 0
163.894 4 GPS_INT 637813700 0 0 0 0 0 -17000 0 0 0 649656832 100000 77250 9999 0 0 1
163.895 4 SVINFO 0 4 16 1 0 -91 0
163.895 4 DATALINK_REPORT 3 28 1784 1051 0 0
163.910 4 INS 0 0 0 0 0 0 -45 12 -591
164.127 4 LINK_REPORT 4 -1 164 0 41520 1010 0 148. 3. 19 -4983.81
164.143 4 SVINFO 0 4 16 1 0 -91 0
164.159 4 INS 0 0 0 0 0 0 -16 -8 -634
164.193 4 LINK_REPORT 4 -1 70 0 25819 652 0 727. 18. 13 864.71
164.207 4 WP_MOVED_ENU 1 0 0 2560
164.224 4 ROTORCRAFT_FP 0 0 0 0 0 0 -12859 -4 -7817 0 0 0 0 0 0
164.303 4 IMU_MAG_RAW 0 0 0
164.393 4 GPS_INT 637813700 0 0 0 0 0 -17000 0 0 0 649658624 100000 77750 9999 0 0 1
164.394 4 SVINFO 0 4 16 1 0 -91 0
164.394 4 LIDAR 6.42 232 1
164.409 4 INS 0 0 0 0 0 0 -42 5 -582
164.473 4 ROTORCRAFT_FP 0 0 0 0 0 0 -12859 -4 -7818 0 0 0 0 0 0
164.474 4 DL_VALUE 12 6.
164.643 4 GPS_INT 637813700 0 0 0 0 0 -17000 0 0 0 649659520 100000 78000 9999 0 0 1
164.644 4 SVINFO 0 4 16 1 0 -91 0
164.645 4 ALIVE 115,86,116,25,135,139,191,218,133,132,114,68,46,15,123,213
164.658 4 INS 0 0 0 0 0 0 2 16 -567
164.674 4 PONG 
164.720 4 ROTORCRAFT_FP 0 0 0 0 0 0 -12859 -4 -7819 0 0 0 0 0 0
164.800 4 UART_ERRORS 0 0 0 6
164.864 4 ROVER_STATUS 2 0 0 3 0 78 8.21276
164.891 4 GPS_INT 637813700 0 0 0 0 0 -17000 0 0 0 649660480 100000 78250 9999 0 0 1
164.892 4 SVINFO 0 4 16 1 0 -91 0
164.907 4 INS 0 0 0 0 0 0 11 12 -606
164.971 4 ROTORCRAFT_FP 0 0 0 0 0 0 -12859 -5 -7820 0 0 0 0 0 0
165.128 4 LINK_REPORT 4 -1 165 0 41520 1010 0 0. 0. 19 -4983.81
165.141 4 GPS_INT 637813700 0 0 0 0 0 -17000 0 0 0 649661376 100000 78500 9999 0 0 1
165.141 4 SVINFO 0 4 16 1 0 -91 0
165.157 4 INS 0 0 0 0 0 0 -17 -9 -563
165.194 4 LINK_REPORT 4 -1 71 0 26838 676 0 1019. 24. 14 21.93
165.220 4 ROTORCRAFT_FP 0 0 0 0 0 0 -12859 -4 -7821 0 0 0 0 0 0
165.299 4 IMU_MAG_RAW 0 0 0
165.389 4 GPS_INT 637813700 0 0 0 0 0 -17000 0 0 0 649662272 100000 78750 9999 0 0 1
165.390 4 SVINFO 0 4 16 1 0 -91 0
165.391 4 LIDAR 6.42 232 1
165.405 4 INS 0 0 0 0 0 0 7 -1 -615
165.469 4 ROTORCRAFT_FP 0 0 0 0 0 0 -12859 -4 -7822 0 0 0 0 0 0
165.549 4 DL_VALUE 13 0.
165.612 4 STATE_FILTER_STATUS 6 3 0
165.641 4 GPS_INT 637813700 0 0 0 0 0 -17000 0 0 0 649663232 100000 79000 9999 0 0 1
165.641 4 SVINFO 0 4 16 1 0 -91 0
165.656 4 INS 0 0 0 0 0 0 -4 8 -553
165.888 4 GPS_INT 637813700 0 0 0 0 0 -17000 0 0 0 649664128 100000 79250 9999 0 0 1
165.889 4 SVINFO 0 4 16 1 0 -91 0
165.904 4 INS 0 0 0 0 0 0 21 -20 -639
165.967 4 ROTORCRAFT_FP 0 0 0 0 0 0 -12858 -4 -7824 0 0 0 0 0 0
166.047 4 ROVER_STATUS 2 0 0 3 0 79 8.21276
166.094 4 ENERGY 0 8.21276 0.3 2.463828 0.005988 0.049199
166.129 4 LINK_REPORT 4 -1 166 1 41520 1010 0 0. 0. 20 -9984.09
166.137 4 GPS_INT 637813700 0 0 0 0 0 -17000 0 0 0 649665024 100000 79500 9999 0 0 1
166.138 4 SVINFO 0 4 16 1 0 -91 0
166.153 4 INS 0 0 0 0 0 0 -17 2 -539
166.196 4 LINK_REPORT 4 -1 72 0 27748 697 0 910. 21. 14 21.93
166.386 4 GPS_INT 637813700 0 0 0 0 0 -17000 0 0 0 649665920 100000 79750 9999 0 0 1
166.387 4 SVINFO 0 4 16 1 0 -91 0
166.387 4 LIDAR 6.4 240 1
166.402 4 INS 0 0 0 0 0 0 7 10 -610
166.418 4 ROTORCRAFT_NAV_STATUS 0 0 0. 0. 0 0 0
166.466 4 ROTORCRAFT_FP 0 0 0 0 0 0 -12859 -4 -7826 0 0 0 0 0 0
166.636 4 GPS_INT 637813700 0 0 0 0 0 -17000 0 0 0 649666880 100000 80000 9999 0 0 1
166.637 4 SVINFO 0 4 16 1 0 -91 0
166.652 4 INS 0 0 0 0 0 0 -19 8 -577
166.652 4 DL_VALUE 14 0.
166.716 4 ROTORCRAFT_FP 0 0 0 0 0 0 -12859 -4 -7828 0 0 0 0 0 0
166.748 4 ALIVE 115,86,116,25,135,139,191,218,133,132,114,68,46,15,123,213
166.795 4 WP_MOVED_ENU 3 -762 -775 2560
166.885 4 GPS_INT 637813700 0 0 0 0 0 -17000 0 0 0 649667776 100000 80250 9999 0 0 1
166.886 4 SVINFO 0 4 16 1 0 -91 0
166.901 4 INS 0 0 0 0 0 0 -19 -2 -572
166.964 4 ROTORCRAFT_FP 0 0 0 0 0 0 -12859 -4 -7829 0 0 0 0 0 0
167.130 4 LINK_REPORT 4 -1 167 2 41520 1010 0 0. 0. 20 -9984.09
167.133 4 GPS_INT 637813700 0 0 0 0 0 -17000 0 0 0 649668672 100000 80500 9999 0 0 1
167.134 4 SVINFO 0 4 16 1 0 -91 0
167.149 4 INS 0 0 0 0 0 0 1 7 -582
167.196 4 LINK_REPORT 4 -1 73 0 28642 717 0 894. 20. 14 21.93
167.214 4 ROTORCRAFT_FP 0 0 0 0 0 0 -12858 -4 -7830 0 0 0 0 0 0
167.245 4 ROVER_STATUS 2 0 0 3 0 81 8.21276
167.293 4 IMU_MAG_RAW 0 0 0
167.383 4 SVINFO 0 4 16 1 0 -91 0
167.384 4 LIDAR 6.42 240 1
167.399 4 INS 0 0 0 0 0 0 -26 0 -596
167.633 4 SVINFO 0 4 16 1 0 -91 0
167.881 4 GPS_INT 637813700 0 0 0 0 0 -17000 0 0 0 649671488 100000 81250 9999 0 0 1
167.882 4 SVINFO 0 4 16 1 0 -91 0
167.918 4 UART_ERRORS 0 0 0 1
167.918 4 UART_ERRORS 0 0 0 2
167.919 4 UART_ERRORS 0 0 0 3
167.919 4 UART_ERRORS 0 0 3 4
167.961 4 ROTORCRAFT_FP 0 0 0 0 0 0 -12858 -4 -7833 0 0 0 0 0 0
167.962 4 INS_REF 485065295 -31589301 411664541 404506309 -37260580 702390 650000 0.
168.088 4 WP_MOVED_ENU 4 -504 -1029 2560
168.131 4 SVINFO 0 4 16 1 0 -91 0
168.131 4 LINK_REPORT 4 -1 168 0 41767 1018 0 247. 8. 20 -9984.09
168.197 4 LINK_REPORT 4 -1 74 0 28959 726 0 317. 9. 14 21.93
168.290 4 IMU_MAG_RAW 0 0 0
168.380 4 GPS_INT 637813700 0 0 0 0 0 -17000 0 0 0 649673408 100000 81750 9999 0 0 1
168.381 4 SVINFO 0 4 16 1 0 -91 0
168.382 4 LIDAR 6.42 240 2
168.396 4 INS 0 0 0 0 0 0 11 1 -582
168.460 4 ROVER_STATUS 2 0 0 3 0 82 8.21276
168.630 4 SVINFO 0 4 16 1 0 -91 0
168.646 4 INS 0 0 0 0 0 0 -16 11 -572
168.709 4 ROTORCRAFT_FP 0 0 0 0 0 0 -12858 -3 -7836 0 0 0 0 0 0
168.804 4 STATE_FILTER_STATUS 6 3 0
168.836 4 ALIVE 115,86,116,25,135,139,191,218,133,132,114,68,46,15,123,213
168.837 4 DL_VALUE 16 0.
168.878 4 SVINFO 0 4 16 1 0 -91 0
168.974 4 DATALINK_REPORT 3 30 1908 1045 0 0
169.127 4 SVINFO 0 4 16 1 0 -91 0
169.132 4 LINK_REPORT 4 -1 169 0 41994 1025 0 227. 7. 20 -9984.09
169.144 4 INS 0 0 0 0 0 0 -2 23 -524
169.198 4 LINK_REPORT 4 -1 75 0 29261 735 0 302. 9. 14 21.93
169.207 4 ROTORCRAFT_FP 0 0 0 0 0 0 -12858 -2 -7838 0 0 0 0 0 0
169.286 4 IMU_MAG_RAW 0 0 0
169.376 4 GPS_INT 637813700 0 0 0 0 0 -17000 0 0 0 649677120 100000 82750 9999 0 0 1
169.377 4 SVINFO 0 4 16 1 0 -91 0
169.377 4 WP_MOVED_ENU 5 519 -1021 2560
169.645 4 SVINFO 0 4 16 1 0 -91 0
169.645 4 INS 0 0 0 0 0 0 -9 5 -548
169.646 4 ROVER_STATUS 2 0 0 3 0 83 8.21276
169.706 4 ROTORCRAFT_FP 0 0 0 0 0 0 -12858 -2 -7840 0 0 0 0 0 0
169.707 4 PONG 
169.876 4 GPS_INT 637813700 0 0 0 0 0 -17000 0 0 0 649679040 100000 83250 9999 0 0 1
169.876 4 SVINFO 0 4 16 1 0 -91 0
170.124 4 SVINFO 0 4 16 1 0 -91 0
170.132 4 LINK_REPORT 4 -1 170 0 42284 1033 0 290. 8. 20 4207.13
170.141 4 INS 0 0 0 0 0 0 -18 -3 -572
170.198 4 LINK_REPORT 4 -1 76 0 29474 740 0 213. 5. 15 -4979.47
170.518 4 PONG 
170.624 4 SVINFO 0 4 16 1 0 -91 0
170.640 4 INS 0 0 0 0 0 0 -5 17 -610
171.133 4 LINK_REPORT 4 -1 171 0 42416 1037 0 132. 4. 21 18.32
171.199 4 LINK_REPORT 4 -1 77 1 29474 740 0 0. 0. 15 -4979.47
171.202 4 ROTORCRAFT_FP 0 0 0 0 0 0 -12858 -1 -7847 0 0 0 0 0 0
171.202 4 ROTORCRAFT_NAV_STATUS 0 0 0. 0. 0 0 0
171.371 4 GPS_INT 637813700 0 0 0 0 0 -17000 0 0 0 649684928 100000 84750 9999 0 0 1
171.372 4 SVINFO 0 4 16 1 0 -91 0
171.372 4 LIDAR 6.41 240 1
171.869 4 SVINFO 0 4 16 1 0 -91 0
171.885 4 INS 0 0 0 0 0 0 -2 23 -639
171.980 4 WP_MOVED_ENU 7 775 -1018 2560
171.996 4 STATE_FILTER_STATUS 6 3 0
172.028 4 ROVER_STATUS 2 0 0 3 0 85 8.21276
172.118 4 GPS_INT 637813700 0 0 0 0 0 -17000 0 0 0 649687872 100000 85500 9999 0 0 1
172.119 4 SVINFO 0 4 16 1 0 -91 0
172.134 4 LINK_REPORT 4 -1 172 0 42853 1049 0 437. 12. 21 18.32
172.143 4 INS 0 0 0 0 0 0 -19 13 -582
172.144 4 DL_VALUE 19 1.
172.192 4 ROTORCRAFT_FP 0 0 0 0 0 0 -12857 0 -7851 0 0 0 0 0 0
172.200 4 LINK_REPORT 4 -1 78 2 29474 740 0 0. 0. 15 -4979.47
172.866 4 GPS_INT 637813700 0 0 0 0 0 -17000 0 0 0 649690816 100000 86250 9999 0 0 1
172.867 4 SVINFO 0 4 16 1 0 -91 0
172.882 4 INS 0 0 0 0 0 0 -28 -34 -610
173.116 4 GPS_INT 637813700 0 0 0 0 0 -17000 0 0 0 649691840 100000 86500 9999 0 0 1
173.116 4 SVINFO 0 4 16 1 0 -91 0
173.135 4 LINK_REPORT 4 -1 173 0 43222 1057 0 369. 8. 21 18.32
173.200 4 LINK_REPORT 4 -1 79 3 29474 740 0 0. 0. 15 -4979.47
173.364 4 SVINFO 0 4 16 1 0 -91 0
173.365 4 LIDAR 6.4 248 1
173.380 4 INS 0 0 0 0 0 0 15 28 -553
173.444 4 ROTORCRAFT_FP 0 0 0 0 0 0 -12858 0 -7856 0 0 0 0 0 0
173.864 4 GPS_INT 637813700 0 0 0 0 0 -17000 0 0 0 649694848 100000 87250 9999 0 0 1
173.864 4 SVINFO 0 4 16 1 0 -91 0
173.879 4 INS 0 0 0 0 0 0 -8 26 -577
173.942 4 ROTORCRAFT_FP 0 0 0 0 0 0 -12858 0 -7859 0 0 0 0 0 0
174.069 4 UART_ERRORS 0 0 0 1
174.085 4 UART_ERRORS 0 0 0 2
174.086 4 UART_ERRORS 0 0 0 3
174.112 4 GPS_INT 637813700 0 0 0 0 0 -17000 0 0 0 649695872 100000 87500 9999 0 0 1
174.113 4 SVINFO 0 4 16 1 0 -91 0
174.128 4 INS 0 0 0 0 0 0 10 40 -625
174.135 4 LINK_REPORT 4 -1 174 0 43793 1071 0 571. 14. 21 18.32
174.192 4 ROTORCRAFT_FP 0 0 0 0 0 0 -12858 -1 -7860 0 0 0 0 0 0
174.201 4 LINK_REPORT 4 -1 80 4 29474 740 0 0. 0. 15 -4979.47
174.271 4 ROTORCRAFT_NAV_STATUS 0 0 0. 0. 0 0 0
174.272 4 ROTORCRAFT_FP 0 0 0 0 0 0 -12858 -2 -7841 0 0 0 0 0 0
174.273 4 DL_VALUE 17 0.
174.273 4 SVINFO 0 4 16 1 0 -91 0
174.274 4 LIDAR 6.44 240 1
174.274 4 INS 0 0 0 0 0 0 -12 -16 -529
174.274 4 SVINFO 0 4 16 1 0 -91 0
174.275 4 UART_ERRORS 0 0 0 5
174.275 4 UART_ERRORS 0 0 0 6
174.276 4 GPS_INT 637813700 0 0 0 0 0 -17000 0 0 0 649683904 100000 84500 9999 0 0 1
174.277 4 SVINFO 0 4 16 1 0 -91 0
174.277 4 INS 0 0 0 0 0 0 0 31 -582
174.277 4 IMU_MAG_RAW 0 0 0
174.278 4 INS 0 0 0 0 0 0 17 30 -534
174.278 4 SVINFO 0 4 16 1 0 -91 0
174.278 4 IMU_MAG_RAW 0 0 0
174.279 4 SVINFO 0 4 16 1 0 -91 0
174.279 4 LIDAR 6.34 244 1
174.280 4 INS 0 0 0 0 0 0 -37 10 -601
174.280 4 SVINFO 0 4 16 1 0 -91 0
174.280 4 INS 0 0 0 0 0 0 -1 12 -544
174.281 4 ROTORCRAFT_NAV_STATUS 0 0 0. 0. 0 0 0
174.282 4 ROTORCRAFT_FP 0 0 0 0 0 0 -12858 0 -7855 0 0 0 0 0 0
174.282 4 ALIVE 115,86,116,25,135,139,191,218,133,132,114,68,46,15,123,213
174.283 4 IMU_MAG_RAW 0 0 0
174.283 4 SVINFO 0 4 16 1 0 -91 0
174.283 4 INS 0 0 0 0 0 0 35 5 -563
174.283 4 ROTORCRAFT_FP 0 0 0 0 0 0 -12858 0 -7857 0 0 0 0 0 0
174.319 4 DL_VALUE 21 1.
174.362 4 GPS_INT 637813700 0 0 0 0 0 -17000 0 0 0 649696832 100000 87750 9999 0 0 1
174.363 4 SVINFO 0 4 16 1 0 -91 0
174.363 4 LIDAR 6.41 248 1
174.377 4 INS 0 0 0 0 0 0 2 22 -558
174.393 4 ROTORCRAFT_NAV_STATUS 0 0 0. 0. 0 0 0
174.442 4 ROTORCRAFT_FP 0 0 0 0 0 0 -12858 -1 -7861 0 0 0 0 0 0
174.443 4 ROVER_STATUS 2 0 0 3 0 88 8.21276
174.569 4 WP_MOVED_ENU 9 -775 1018 2560
174.611 4 SVINFO 0 4 16 1 0 -91 0
174.861 4 GPS_INT 637813700 0 0 0 0 0 -17000 0 0 0 649698880 100000 88250 9999 0 0 1
174.861 4 SVINFO 0 4 16 1 0 -91 0
174.877 4 INS 0 0 0 0 0 0 -9 20 -577
174.940 4 ROTORCRAFT_FP 0 0 0 0 0 0 -12858 -1 -7863 0 0 0 0 0 0
175.110 4 GPS_INT 637813700 0 0 0 0 0 -17000 0 0 0 649699904 100000 88500 9999 0 0 1
175.110 4 SVINFO 0 4 16 1 0 -91 0
175.111 4 ALIVE 115,86,116,25,135,139,191,218,133,132,114,68,46,15,123,213
175.125 4 INS 0 0 0 0 0 0 -18 7 -563
175.136 4 LINK_REPORT 4 -1 175 0 44571 1089 0 778. 18. 21 18.32
175.189 4 ROTORCRAFT_FP 0 0 0 0 0 0 -12858 -1 -7864 0 0 0 0 0 0
175.190 4 STATE_FILTER_STATUS 6 3 0
175.202 4 LINK_REPORT 4 -1 81 0 30476 769 0 1002. 29. 16 -9980.64
175.269 4 IMU_MAG_RAW 0 0 0
175.358 4 SVINFO 0 4 16 1 0 -91 0
175.359 4 LIDAR 6.45 248 1
175.375 4 INS 0 0 0 0 0 0 50 -2 -591
175.439 4 ROTORCRAFT_FP 0 0 0 0 0 0 -12858 -1 -7865 0 0 0 0 0 0
175.440 4 DL_VALUE 22 80.
175.534 4 PONG 
175.608 4 GPS_INT 637813700 0 0 0 0 0 -17000 0 0 0 649701952 100000 89000 9999 0 0 1
175.609 4 SVINFO 0 4 16 1 0 -91 0
175.634 4 INS 0 0 0 0 0 0 -2 12 -544
175.635 4 ROVER_STATUS 2 0 0 3 0 89 8.21276
175.682 4 ROTORCRAFT_FP 0 0 0 0 0 0 -12858 -1 -7866 0 0 0 0 0 0
175.857 4 GPS_INT 637813700 0 0 0 0 0 -17000 0 0 0 649702976 100000 89250 9999 0 0 1
175.858 4 SVINFO 0 4 16 1 0 -91 0
175.858 4 WP_MOVED_ENU 10 10160 10329 2560
175.873 4 INS 0 0 0 0 0 0 19 -15 -567
175.937 4 ROTORCRAFT_FP 0 0 0 0 0 0 -12858 -1 -7867 0 0 0 0 0 0
175.984 4 ROTORCRAFT_NAV_STATUS 0 0 0. 0. 0 0 0
176.064 4 ENERGY 0 8.21276 0.4 3.285104 0.006759 0.055531
176.106 4 GPS_INT 637813700 0 0 0 0 0 -17000 0 0 0 649704000 100000 89500 9999 0 0 1
176.107 4 SVINFO 0 4 16 1 0 -91 0
176.122 4 INS 0 0 0 0 0 0 8 24 -596
176.137 4 LINK_REPORT 4 -1 176 0 45549 1113 0 978. 24. 22 33.46
176.186 4 ROTORCRAFT_FP 0 0 0 0 0 0 -12858 -1 -7868 0 0 0 0 0 0
176.203 4 LINK_REPORT 4 -1 82 1 30476 769 0 0. 0. 16 -9980.64
