602.401 5  5 -1 602 0 3209 85 0 1843. 49. 6 0.
603.402 5  5 -1 603 0 4991 132 0 1782. 47. 12 0.
604.403 5  5 -1 604 0 6693 177 0 1702. 45. 18 0.
605.403 5  5 -1 605 0 8429 223 0 1736. 46. 24 0.
606.403 5  5 -1 606 0 10158 269 0 1729. 46. 31 72.21
607.403 5  5 -1 607 0 11914 316 0 1756. 47. 37 72.21
608.405 5  5 -1 608 0 13848 368 0 1934. 52. 43 72.21
609.405 5  5 -1 609 0 15550 413 0 1702. 45. 49 72.21
610.406 5  5 -1 610 0 17258 458 0 1708. 45. 55 72.21
611.407 5  5 -1 611 0 19015 505 0 1757. 47. 62 62.07
612.407 5  5 -1 612 0 20786 552 0 1771. 47. 68 62.07
613.407 5  5 -1 613 0 22546 599 0 1760. 47. 74 62.07
614.408 5  5 -1 614 0 24252 643 0 1706. 44. 80 62.07
615.409 5  5 -1 615 0 26022 690 0 1770. 47. 86 62.07
616.411 5  5 -1 616 0 27765 737 0 1743. 47. 93 53.27
617.411 5  5 -1 617 0 29541 784 0 1776. 47. 99 53.27
618.415 5  5 -1 618 0 31504 837 0 1963. 53. 105 53.27
619.412 5  5 -1 619 0 33108 879 0 1604. 42. 111 53.27
620.412 5  5 -1 620 0 34898 926 0 1790. 47. 117 53.27
621.413 5  5 -1 621 0 36671 974 0 1773. 48. 124 46.87
622.414 5  5 -1 622 0 38531 1023 0 1860. 49. 130 46.87
623.415 5  5 -1 623 0 40096 1064 0 1565. 41. 136 46.87
624.415 5  5 -1 624 0 41894 1112 0 1798. 48. 142 46.87
625.416 5  5 -1 625 0 43709 1159 0 1815. 47. 148 46.87
626.416 5  5 -1 626 0 45432 1205 0 1723. 46. 155 20.02
627.418 5  5 -1 627 0 47024 1247 0 1592. 42. 161 20.02
628.418 5  5 -1 628 0 49016 1301 0 1992. 54. 167 20.02
629.418 5  5 -1 629 0 50788 1347 0 1772. 46. 173 20.02
630.419 5  5 -1 630 0 52457 1392 0 1669. 45. 179 20.02
631.420 5  5 -1 631 0 54098 1436 0 1641. 44. 186 78.86
632.421 5  5 -1 632 0 56032 1485 0 1934. 49. 192 78.86
633.421 5  5 -1 633 0 57705 1530 0 1673. 45. 198 78.86
634.422 5  5 -1 634 0 59465 1577 0 1760. 47. 204 78.86
635.422 5  5 -1 635 0 61171 1622 0 1706. 45. 210 78.86
636.423 5  5 -1 636 0 62825 1666 0 1654. 44. 217 59.38
637.424 5  5 -1 637 0 64623 1714 0 1798. 48. 223 59.38
638.424 5  5 -1 638 0 66708 1769 0 2085. 55. 229 59.38
639.425 5  5 -1 639 0 68277 1810 0 1569. 41. 235 59.38
640.426 5  5 -1 640 0 69808 1848 0 1531. 38. 241 59.38
641.427 5  5 -1 641 0 71340 1884 0 1532. 36. 248 64.27
642.428 5  5 -1 642 0 73125 1927 0 1785. 43. 254 64.27
643.428 5  5 -1 643 0 74662 1965 0 1537. 38. 260 64.27
644.429 5  5 -1 644 0 76083 1999 0 1421. 34. 266 64.27
645.432 5  5 -1 645 0 77663 2037 0 1580. 38. 272 64.27
646.430 5  5 -1 646 0 79301 2078 0 1638. 41. 279 59.74
647.433 5  5 -1 647 0 81041 2120 0 1740. 42. 285 59.74
648.433 5  5 -1 648 0 82682 2161 0 1641. 41. 291 59.74
649.434 5  5 -1 649 0 84244 2199 0 1562. 38. 297 59.74
650.434 5  5 -1 650 0 85691 2233 0 1447. 34. 303 59.74
651.435 5  5 -1 651 0 87536 2279 0 1845. 46. 310 141.55
652.442 5  5 -1 652 0 89078 2316 0 1542. 37. 316 141.55
653.436 5  5 -1 653 0 90743 2357 0 1665. 41. 322 141.55
654.437 5  5 -1 654 0 92287 2394 0 1544. 37. 328 141.55
655.438 5  5 -1 655 0 93907 2433 0 1620. 39. 334 141.55
656.438 5  5 -1 656 0 95586 2475 0 1679. 42. 341 93.17
657.439 5  5 -1 657 0 97291 2517 0 1705. 42. 347 93.17
658.451 5  5 -1 658 0 98958 2557 0 1667. 40. 352 93.17
659.440 5  5 -1 659 0 100624 2598 0 1666. 41. 359 93.17
660.440 5  5 -1 660 0 102269 2638 0 1645. 40. 365 93.17
661.441 5  5 -1 661 0 103880 2677 0 1611. 39. 372 -4907.06
662.442 5  5 -1 662 0 105440 2714 0 1560. 37. 378 -4907.06
663.454 5  5 -1 663 0 107105 2755 0 1665. 41. 383 -4907.06
664.462 5  5 -1 664 0 108533 2791 0 1428. 36. 389 -4907.06
665.463 5  5 -1 665 0 110070 2828 0 1537. 37. 395 -4907.06
666.466 5  5 -1 666 0 111628 2866 0 1558. 38. 402 -9907.94
667.444 5  5 -1 667 0 113178 2903 0 1550. 37. 409 -9907.94
668.463 5  5 -1 668 0 115014 2949 0 1836. 46. 414 -9907.94
669.445 5  5 -1 669 0 116745 2991 0 1731. 42. 421 -9907.94
670.445 5  5 -1 670 0 118227 3027 0 1482. 36. 427 -9907.94
671.446 5  5 -1 671 0 119815 3065 0 1588. 38. 434 87.66
672.447 5  5 -1 672 0 121382 3103 0 1567. 38. 440 87.66
673.447 5  5 -1 673 0 123054 3144 0 1672. 41. 446 87.66
674.449 5  5 -1 674 0 124393 3178 0 1339. 34. 452 87.66
675.468 5  5 -1 675 0 125860 3213 0 1467. 35. 457 87.66
676.448 5  5 -1 676 0 126994 3242 0 1134. 29. 465 284.96
677.449 5  5 -1 677 0 128204 3272 0 1210. 30. 471 284.96
678.449 5  5 -1 678 0 129677 3309 0 1473. 37. 477 284.96
679.449 5  5 -1 679 0 130998 3342 0 1321. 33. 483 284.96
680.450 5  5 -1 680 0 132379 3374 0 1381. 32. 489 284.96
681.450 5  5 -1 681 0 133692 3406 0 1313. 32. 496 367.12
682.451 5  5 -1 682 0 135362 3447 0 1670. 41. 502 367.12
683.487 5  5 -1 683 0 136353 3473 0 991. 26. 506 367.12
684.452 5  5 -1 684 0 137726 3506 0 1373. 33. 514 367.12
685.485 5  5 -1 685 0 139064 3538 0 1338. 32. 518 367.12
686.463 5  5 -1 686 0 140476 3573 0 1412. 35. 526 92.98
687.478 5  5 -1 687 0 141600 3599 0 1124. 26. 532 92.98
688.456 5  5 -1 688 0 142696 3625 0 1096. 26. 539 92.98
689.469 5  5 -1 689 0 144115 3660 0 1419. 35. 544 92.98
690.493 5  5 -1 690 0 145166 3684 0 1051. 24. 549 92.98
691.464 5  5 -1 691 0 146056 3705 0 890. 21. 557 -4907.64
692.494 5  5 -1 692 0 146909 3727 0 853. 22. 562 -4907.64
693.489 5  5 -1 693 0 147603 3743 0 694. 16. 568 -4907.64
694.493 5  5 -1 694 0 148380 3762 0 777. 19. 574 -4907.64
695.483 5  5 -1 695 0 149179 3782 0 799. 20. 580 -4907.64
696.487 5  5 -1 696 0 149962 3803 0 783. 21. 587 509.97
697.494 5  5 -1 697 0 150776 3822 0 814. 19. 593 509.97
698.501 5  5 -1 698 0 151611 3842 0 835. 20. 599 509.97
699.509 5  5 -1 699 0 152490 3864 0 879. 22. 605 509.97
700.503 5  5 -1 700 0 153309 3884 0 819. 20. 611 509.97
701.497 5  5 -1 701 0 154137 3904 0 828. 20. 618 -4492.21
702.474 5  5 -1 702 0 155089 3927 0 952. 23. 625 -4492.21
703.510 5  5 -1 703 0 155756 3944 0 667. 17. 630 -4492.21
704.509 5  5 -1 704 0 156592 3965 0 836. 21. 636 -4492.21
705.510 5  5 -1 705 0 157376 3984 0 784. 19. 642 -4492.21
706.512 5  5 -1 706 0 158323 4007 0 947. 23. 649 305.21
707.519 5  5 -1 707 0 159209 4030 0 886. 23. 655 305.21
708.512 5  5 -1 708 0 160259 4055 0 1050. 25. 661 305.21
709.500 5  5 -1 709 0 161718 4091 0 1459. 36. 667 305.21
710.519 5  5 -1 710 0 162650 4115 0 932. 24. 673 305.21
711.517 5  5 -1 711 0 163868 4144 0 1218. 29. 680 88.82
712.519 5  5 -1 712 0 165342 4180 0 1474. 36. 686 88.82
713.522 5  5 -1 713 0 166754 4215 0 1412. 35. 691 88.82
714.523 5  5 -1 714 0 167669 4238 0 915. 23. 698 88.82
715.537 5  5 -1 715 0 168808 4266 0 1139. 28. 704 88.82
716.504 5  5 -1 716 0 169851 4293 0 1043. 27. 711 -4911.29
717.524 5  5 -1 717 0 171114 4325 0 1263. 32. 717 -4911.29
718.532 5  5 -1 718 0 172014 4348 0 900. 23. 723 -4911.29
719.529 5  5 -1 719 0 173394 4382 0 1380. 34. 729 -4911.29
720.532 5  5 -1 720 0 174491 4408 0 1097. 26. 735 -4911.29
721.537 5  5 -1 721 0 175647 4438 0 1156. 30. 742 171.89
722.537 5  5 -1 722 0 176725 4463 0 1078. 25. 748 171.89
723.516 5  5 -1 723 0 177625 4487 0 900. 24. 754 171.89
724.530 5  5 -1 724 0 178891 4518 0 1266. 31. 760 171.89
725.532 5  5 -1 725 0 179698 4537 0 807. 19. 766 171.89
726.540 5  5 -1 726 0 180440 4555 0 742. 18. 773 -4828.37
727.544 5  5 -1 727 0 181167 4575 0 727. 20. 779 -4828.37
728.543 5  5 -1 728 0 181854 4593 0 687. 18. 785 -4828.37
729.543 5  5 -1 729 0 182509 4610 0 655. 17. 791 -4828.37
730.517 5  5 -1 730 0 183341 4629 0 832. 19. 797 -4828.37
731.538 5  5 -1 731 0 184036 4647 0 695. 18. 804 352.36
732.546 5  5 -1 732 0 184977 4669 0 941. 22. 810 352.36
733.548 5  5 -1 733 0 185474 4681 0 497. 12. 816 352.36
734.550 5  5 -1 734 0 186211 4702 0 737. 21. 822 352.36
735.543 5  5 -1 735 0 187210 4725 0 999. 23. 828 352.36
736.519 5  5 -1 736 0 188203 4750 0 993. 25. 835 -4648.1
737.533 5  5 -1 737 0 188972 4768 0 769. 18. 841 -4648.1
738.545 5  5 -1 738 0 190279 4799 0 1307. 31. 847 -4648.1
739.553 5  5 -1 739 0 191128 4820 0 849. 21. 853 -4648.1
740.562 5  5 -1 740 0 191942 4840 0 814. 20. 859 -4648.1
741.555 5  5 -1 741 0 192962 4864 0 1020. 24. 866 -9649.21
742.557 5  5 -1 742 0 193784 4883 0 822. 19. 871 -9649.21
743.561 5  5 -1 743 0 194866 4912 0 1082. 29. 877 -9649.21
744.529 5  5 -1 744 0 195633 4932 0 767. 20. 883 -9649.21
745.563 5  5 -1 745 0 196524 4954 0 891. 22. 889 -9649.21
746.563 5  5 -1 746 0 197703 4983 0 1179. 29. 896 588.77
747.506 5  5 -1 747 0 199177 5019 0 1474. 36. 902 588.77
748.507 5  5 -1 748 0 200552 5054 0 1375. 35. 908 588.77
749.508 5  5 -1 749 0 201824 5085 0 1272. 31. 914 588.77
750.508 5  5 -1 750 0 202790 5108 0 966. 23. 920 588.77
751.510 5  5 -1 751 0 203703 5130 0 913. 22. 927 137.09
752.510 5  5 -1 752 0 204751 5156 0 1048. 26. 933 137.09
753.511 5  5 -1 753 0 205883 5183 0 1132. 27. 939 137.09
754.511 5  5 -1 754 0 207066 5214 0 1183. 31. 945 137.09
755.512 5  5 -1 755 0 208037 5240 0 971. 26. 951 137.09
756.515 5  5 -1 756 0 209002 5265 0 965. 25. 958 216.62
757.515 5  5 -1 757 0 210480 5302 0 1478. 37. 964 216.62
758.516 5  5 -1 758 0 211762 5333 0 1282. 31. 970 216.62
759.573 5  5 -1 759 0 212960 5363 0 1198. 30. 976 216.62
760.550 5  5 -1 760 0 214384 5398 0 1424. 35. 983 216.62
761.583 5  5 -1 761 0 215516 5426 0 1132. 28. 990 142.9
762.564 5  5 -1 762 0 216521 5452 0 1005. 26. 996 142.9
763.584 5  5 -1 763 0 217540 5476 0 1019. 24. 1002 142.9
764.580 5  5 -1 764 0 219146 5515 0 1606. 39. 1008 142.9
765.567 5  5 -1 765 0 220215 5542 0 1069. 27. 1013 142.9
766.587 5  5 -1 766 0 221465 5573 0 1250. 31. 1020 -4857.38
767.588 5  5 -1 767 0 222766 5606 0 1301. 33. 1026 -4857.38
768.592 5  5 -1 768 0 224258 5641 0 1492. 35. 1032 -4857.38
769.580 5  5 -1 769 0 225262 5666 0 1004. 25. 1038 -4857.38
770.600 5  5 -1 770 0 226770 5703 0 1508. 37. 1044 -4857.38
771.594 5  5 -1 771 0 227912 5731 0 1142. 28. 1051 313.42
772.582 5  5 -1 772 0 229309 5765 0 1397. 34. 1057 313.42
773.600 5  5 -1 773 0 230691 5799 0 1382. 34. 1063 313.42
774.598 5  5 -1 774 0 231975 5830 0 1284. 31. 1069 313.42
775.542 5  5 -1 775 0 233100 5860 0 1125. 30. 1075 313.42
776.543 5  5 -1 776 0 233983 5882 0 883. 22. 1082 -4688.8
777.543 5  5 -1 777 0 234993 5906 0 1010. 24. 1088 -4688.8
778.542 5  5 -1 778 0 236192 5934 0 1199. 28. 1094 -4688.8
779.545 5  5 -1 779 0 237207 5962 0 1015. 28. 1100 -4688.8
780.546 5  5 -1 780 0 238350 5989 0 1143. 27. 1106 -4688.8
781.546 5  5 -1 781 0 239494 6017 0 1144. 28. 1113 134.82
782.546 5  5 -1 782 0 240574 6045 0 1080. 28. 1119 134.82
783.546 5  5 -1 783 0 241777 6076 0 1203. 31. 1125 134.82
784.548 5  5 -1 784 0 242585 6098 0 808. 22. 1131 134.82
785.549 5  5 -1 785 0 243580 6122 0 995. 24. 1138 -4862.55
786.550 5  5 -1 786 0 244623 6147 0 1043. 25. 1144 -4862.55
787.550 5  5 -1 787 0 245981 6182 0 1358. 35. 1150 -4862.55
788.616 5  5 -1 788 0 247407 6217 0 1426. 35. 1156 -4862.55
789.550 5  5 -1 789 0 248422 6242 0 1015. 25. 1162 -4862.55
790.552 5  5 -1 790 0 249721 6274 0 1299. 32. 1169 -9863.63
791.552 5  5 -1 791 0 251052 6308 0 1331. 34. 1175 119.39
792.553 5  5 -1 792 0 252409 6342 0 1357. 34. 1181 119.39
793.554 5  5 -1 793 0 253848 6377 0 1439. 35. 1187 119.39
794.555 5  5 -1 794 0 254974 6405 0 1126. 28. 1193 119.39
795.555 5  5 -1 795 0 256011 6433 0 1037. 28. 1200 -4881.18
796.556 5  5 -1 796 0 256771 6454 0 760. 21. 1206 161.63
797.556 5  5 -1 797 0 257853 6480 0 1082. 26. 1212 161.63
798.557 5  5 -1 798 0 258869 6504 0 1016. 24. 1218 161.63
799.558 5  5 -1 799 0 259661 6525 0 792. 21. 1224 161.63
800.559 5  5 -1 800 0 260213 6538 0 552. 13. 1231 -4838.57
801.558 5  5 -1 801 0 261030 6560 0 817. 22. 1237 122.58
802.558 5  5 -1 802 0 262009 6586 0 979. 26. 1243 122.58
803.559 5  5 -1 803 0 262514 6601 0 505. 15. 1249 122.58
804.560 5  5 -1 804 0 263162 6618 0 648. 17. 1255 122.58
805.561 5  5 -1 805 0 264142 6644 0 980. 26. 1262 -4877.55
806.561 5  5 -1 806 0 264702 6660 0 560. 16. 1268 234.51
807.562 5  5 -1 807 0 265504 6679 0 802. 19. 1274 234.51
808.562 5  5 -1 808 0 266219 6699 0 715. 20. 1280 234.51
809.563 5  5 -1 809 0 267026 6720 0 807. 21. 1286 234.51
810.564 5  5 -1 810 0 268027 6744 0 1001. 24. 1293 -4766.09
811.565 5  5 -1 811 0 268806 6764 0 779. 20. 1299 -4766.09
812.564 5  5 -1 812 0 269954 6792 0 1148. 28. 1305 -4766.09
813.566 5  5 -1 813 0 270693 6811 0 739. 19. 1311 -4766.09
814.567 5  5 -1 814 0 271623 6836 0 930. 25. 1317 -4766.09
815.567 5  5 -1 815 0 272632 6860 0 1009. 24. 1324 -9766.9
816.568 5  5 -1 816 0 273712 6888 0 1080. 28. 1330 -9766.9
817.569 5  5 -1 817 0 274349 6905 0 637. 17. 1336 -9766.9
818.569 5  5 -1 818 0 275262 6929 0 913. 24. 1342 -9766.9
819.570 5  5 -1 819 0 276319 6954 0 1057. 25. 1348 -9766.9
820.571 5  5 -1 820 0 276878 6969 0 559. 15. 1355 -14767.84
821.572 5  5 -1 821 0 277349 6983 0 471. 14. 1361 401.62
822.577 5  5 -1 822 0 278123 7001 0 774. 18. 1367 401.62
823.573 5  5 -1 823 0 279086 7024 0 963. 23. 1373 401.62
824.574 5  5 -1 824 0 280176 7050 0 1090. 26. 1379 401.62
825.574 5  5 -1 825 0 281192 7075 0 1016. 25. 1386 -4599.48
826.575 5  5 -1 826 0 282366 7105 0 1174. 30. 1392 121.08
827.575 5  5 -1 827 0 283101 7125 0 735. 20. 1398 121.08
828.576 5  5 -1 828 0 284262 7155 0 1161. 30. 1404 121.08
829.576 5  5 -1 829 0 285351 7181 0 1089. 26. 1410 121.08
830.577 5  5 -1 830 0 286392 7208 0 1041. 27. 1417 -4879.9
831.578 5  5 -1 831 0 287963 7247 0 1571. 39. 1423 182.02
832.588 5  5 -1 832 0 289734 7289 0 1771. 42. 1429 182.02
833.589 5  5 -1 833 0 291360 7329 0 1626. 40. 1435 182.02
834.601 5  5 -1 834 0 292865 7365 0 1505. 36. 1441 182.02
835.600 5  5 -1 835 0 294152 7396 0 1287. 31. 1448 -4819.28
836.601 5  5 -1 836 0 295624 7434 0 1472. 38. 1454 209.14
837.602 5  5 -1 837 0 297081 7471 0 1457. 37. 1460 209.14
838.601 5  5 -1 838 0 298644 7508 0 1563. 37. 1466 209.14
839.602 5  5 -1 839 0 300081 7545 0 1437. 37. 1472 209.14
840.603 5  5 -1 840 0 301563 7582 0 1482. 37. 1479 -4790.84
841.603 5  5 -1 841 0 303208 7623 0 1645. 41. 1485 105.76
842.604 5  5 -1 842 0 304685 7660 0 1477. 37. 1491 105.76
843.606 5  5 -1 843 0 305850 7688 0 1165. 28. 1497 105.76
844.607 5  5 -1 844 0 307287 7723 0 1437. 35. 1503 105.76
845.606 5  5 -1 845 0 308330 7750 0 1043. 27. 1510 -4895.38
846.607 5  5 -1 846 0 309836 7789 0 1506. 39. 1516 204.46
847.608 5  5 -1 847 0 311102 7821 0 1266. 32. 1522 204.46
848.610 5  5 -1 848 0 312476 7855 0 1374. 34. 1528 204.46
849.610 5  5 -1 849 0 313521 7881 0 1045. 26. 1534 204.46
850.614 5  5 -1 850 0 314836 7914 0 1315. 33. 1541 -4796.31
851.614 5  5 -1 851 0 315835 7941 0 999. 27. 1547 86.03
852.615 5  5 -1 852 0 317201 7975 0 1366. 34. 1553 86.03
853.614 5  5 -1 853 0 318494 8008 0 1293. 33. 1559 86.03
854.616 5  5 -1 854 0 319817 8040 0 1323. 32. 1565 86.03
855.618 5  5 -1 855 0 320665 8061 0 848. 21. 1572 -4914.14
856.617 5  5 -1 856 0 321561 8083 0 896. 22. 1578 259.48
857.620 5  5 -1 857 0 322350 8102 0 789. 19. 1584 259.48
858.619 5  5 -1 858 0 323579 8134 0 1229. 32. 1590 259.48
859.621 5  5 -1 859 0 324592 8160 0 1013. 26. 1596 259.48
860.620 5  5 -1 860 0 325758 8190 0 1166. 30. 1603 -4740.83
861.622 5  5 -1 861 0 326686 8213 0 928. 23. 1609 -4740.83
862.623 5  5 -1 862 0 328162 8249 0 1476. 36. 1615 -4740.83
863.624 5  5 -1 863 0 329523 8281 0 1361. 32. 1621 -4740.83
864.623 5  5 -1 864 0 330634 8308 0 1111. 27. 1627 -4740.83
865.625 5  5 -1 865 0 331678 8335 0 1044. 27. 1634 -9741.38
866.624 5  5 -1 866 0 332842 8364 0 1164. 29. 1640 78.91
867.624 5  5 -1 867 0 334054 8396 0 1212. 32. 1646 78.91
868.626 5  5 -1 868 0 335377 8428 0 1323. 32. 1652 78.91
869.625 5  5 -1 869 0 336520 8457 0 1143. 29. 1658 78.91
870.627 5  5 -1 870 0 337576 8483 0 1056. 26. 1665 -4921.66
871.626 5  5 -1 871 0 338793 8514 0 1217. 31. 1671 -4921.66
872.626 5  5 -1 872 0 339847 8540 0 1054. 26. 1677 -4921.66
873.628 5  5 -1 873 0 340801 8564 0 954. 24. 1683 -4921.66
874.630 5  5 -1 874 0 342019 8595 0 1218. 31. 1689 -4921.66
875.629 5  5 -1 875 0 343205 8624 0 1186. 29. 1696 -9933.43
876.629 5  5 -1 876 0 344619 8661 0 1414. 37. 1702 144.68
877.630 5  5 -1 877 0 345527 8683 0 908. 22. 1708 144.68
878.632 5  5 -1 878 0 346686 8712 0 1159. 29. 1714 144.68
879.633 5  5 -1 879 0 347660 8737 0 974. 25. 1720 144.68
880.633 5  5 -1 880 0 348569 8761 0 909. 24. 1727 -4855.75
881.633 5  5 -1 881 0 349666 8788 0 1097. 27. 1733 -4855.75
882.633 5  5 -1 882 0 350562 8809 0 896. 21. 1739 -4855.75
883.634 5  5 -1 883 0 351816 8839 0 1254. 30. 1745 -4855.75
884.635 5  5 -1 884 0 353105 8872 0 1289. 33. 1751 -4855.75
885.635 5  5 -1 885 0 354004 8894 0 899. 22. 1758 -9855.81
886.637 5  5 -1 886 0 354945 8918 0 941. 24. 1764 182.72
887.637 5  5 -1 887 0 356159 8948 0 1214. 30. 1770 182.72
888.639 5  5 -1 888 0 357403 8978 0 1244. 30. 1776 182.72
889.639 5  5 -1 889 0 358502 9006 0 1099. 28. 1782 182.72
890.639 5  5 -1 890 0 359738 9038 0 1236. 32. 1789 -4817.49
891.640 5  5 -1 891 0 360845 9066 0 1107. 28. 1795 190.01
892.643 5  5 -1 892 0 362546 9107 0 1701. 41. 1801 190.01
893.643 5  5 -1 893 0 363532 9133 0 986. 26. 1807 190.01
894.644 5  5 -1 894 0 364579 9160 0 1047. 27. 1813 190.01
895.644 5  5 -1 895 0 365801 9190 0 1222. 30. 1820 -4811.03
896.644 5  5 -1 896 0 366786 9217 0 985. 27. 1826 323.56
897.646 5  5 -1 897 0 368379 9257 0 1593. 40. 1832 323.56
898.647 5  5 -1 898 0 369636 9289 0 1257. 32. 1838 323.56
899.646 5  5 -1 899 0 370487 9311 0 851. 22. 1844 323.56
900.648 5  5 -1 900 0 371763 9342 0 1276. 31. 1851 -4676.98
901.648 5  5 -1 901 0 372993 9373 0 1230. 31. 1857 -4676.98
902.650 5  5 -1 902 0 374004 9399 0 1011. 26. 1863 -4676.98
903.651 5  5 -1 903 0 375040 9427 0 1036. 28. 1869 -4676.98
904.652 5  5 -1 904 0 376226 9455 0 1186. 28. 1875 -4676.98
905.652 5  5 -1 905 0 377652 9491 0 1426. 36. 1882 -9678.22
906.652 5  5 -1 906 0 378843 9523 0 1191. 32. 1888 361.13
907.653 5  5 -1 907 0 380122 9554 0 1279. 31. 1894 361.13
908.653 5  5 -1 908 0 381123 9579 0 1001. 25. 1900 361.13
909.653 5  5 -1 909 0 382523 9613 0 1400. 34. 1906 361.13
910.654 5  5 -1 910 0 383740 9642 0 1217. 29. 1913 -4639.96
911.654 5  5 -1 911 0 384654 9666 0 914. 24. 1919 176.92
912.656 5  5 -1 912 0 385679 9692 0 1025. 26. 1925 176.92
913.656 5  5 -1 913 0 386821 9719 0 1142. 27. 1931 176.92
914.656 5  5 -1 914 0 387919 9747 0 1098. 28. 1937 176.92
915.657 5  5 -1 915 0 388871 9772 0 952. 25. 1944 -4823.82
916.658 5  5 -1 916 0 390139 9804 0 1268. 32. 1950 198.85
917.658 5  5 -1 917 0 391246 9833 0 1107. 29. 1956 198.85
918.659 5  5 -1 918 0 392391 9862 0 1145. 29. 1962 198.85
919.659 5  5 -1 919 0 393560 9892 0 1169. 30. 1968 198.85
920.660 5  5 -1 920 0 394303 9910 0 743. 18. 1975 -4801.64
921.661 5  5 -1 921 0 395577 9942 0 1274. 32. 1981 360.11
922.662 5  5 -1 922 0 396487 9966 0 910. 24. 1987 360.11
923.662 5  5 -1 923 0 397654 9996 0 1167. 30. 1993 360.11
924.663 5  5 -1 924 0 398668 10024 0 1014. 28. 1999 360.11
925.663 5  5 -1 925 0 399747 10050 0 1079. 26. 2006 -4640.65
926.664 5  5 -1 926 0 401172 10086 0 1425. 36. 2012 99.59
927.666 5  5 -1 927 0 402253 10114 0 1081. 28. 2018 99.59
928.665 5  5 -1 928 0 403317 10143 0 1064. 29. 2024 99.59
929.666 5  5 -1 929 0 404140 10165 0 823. 22. 2030 99.59
930.666 5  5 -1 930 0 405334 10195 0 1194. 30. 2037 -4901.18
931.667 5  5 -1 931 0 406402 10223 0 1068. 28. 2043 97.41
932.667 5  5 -1 932 0 407456 10250 0 1054. 27. 2049 97.41
933.668 5  5 -1 933 0 408299 10272 0 843. 22. 2055 97.41
934.669 5  5 -1 934 0 409467 10300 0 1168. 28. 2062 97.41
935.669 5  5 -1 935 0 410767 10334 0 1300. 34. 2069 86.95
936.670 5  5 -1 936 0 411944 10365 0 1177. 31. 2075 86.95
937.670 5  5 -1 937 0 413233 10397 0 1289. 32. 2081 86.95
938.671 5  5 -1 938 0 414244 10424 0 1011. 27. 2087 86.95
939.676 5  5 -1 939 0 415167 10448 0 923. 24. 2093 86.95
940.679 5  5 -1 940 0 416200 10473 0 1033. 25. 2100 -4913.67
941.679 5  5 -1 941 0 417165 10497 0 965. 24. 2106 -4913.67
942.680 5  5 -1 942 0 418145 10522 0 980. 25. 2112 -4913.67
943.681 5  5 -1 943 0 419385 10552 0 1240. 30. 2118 -4913.67
944.681 5  5 -1 944 0 420258 10573 0 873. 21. 2124 -4913.67
945.681 5  5 -1 945 0 421436 10603 0 1178. 30. 2131 88.9
946.682 5  5 -1 946 0 422461 10630 0 1025. 27. 2137 88.9
947.683 5  5 -1 947 0 423549 10659 0 1088. 29. 2143 88.9
948.684 5  5 -1 948 0 424493 10684 0 944. 25. 2149 88.9
949.683 5  5 -1 949 0 425649 10712 0 1156. 28. 2155 88.9
950.684 5  5 -1 950 0 426635 10737 0 986. 25. 2162 -4911.35
951.685 5  5 -1 951 0 427821 10766 0 1186. 29. 2168 209.06
952.685 5  5 -1 952 0 428927 10795 0 1106. 29. 2174 209.06
953.687 5  5 -1 953 0 429839 10819 0 912. 24. 2180 209.06
954.686 5  5 -1 954 0 431005 10849 0 1166. 30. 2186 209.06
955.687 5  5 -1 955 0 432217 10879 0 1212. 30. 2193 -4791.38
956.687 5  5 -1 956 0 433472 10910 0 1255. 31. 2199 205.24
957.688 5  5 -1 957 0 434372 10933 0 900. 23. 2205 205.24
958.688 5  5 -1 958 0 435383 10957 0 1011. 24. 2212 205.24
959.688 5  5 -1 959 0 436470 10983 0 1087. 26. 2218 205.24
960.689 5  5 -1 960 0 437394 11007 0 924. 24. 2225 -4796.39
961.691 5  5 -1 961 0 438138 11024 0 744. 17. 2231 397.76
962.690 5  5 -1 962 0 438833 11043 0 695. 19. 2238 397.76
963.691 5  5 -1 963 0 439579 11063 0 746. 20. 2244 397.76
964.691 5  5 -1 964 0 440526 11086 0 947. 23. 2250 397.76
965.692 5  5 -1 965 0 441586 11111 0 1060. 25. 2257 -4602.84
966.694 5  5 -1 966 0 442358 11132 0 772. 21. 2263 -4602.84
967.695 5  5 -1 967 0 443361 11158 0 1003. 26. 2269 -4602.84
968.695 5  5 -1 968 0 444393 11184 0 1032. 26. 2275 -4602.84
969.695 5  5 -1 969 0 445344 11208 0 951. 24. 2281 -4602.84
970.698 5  5 -1 970 0 446554 11237 0 1210. 29. 2288 -9603.03
971.697 5  5 -1 971 0 447439 11258 0 885. 21. 2294 -9603.03
972.706 5  5 -1 972 0 448708 11289 0 1269. 31. 2300 -9603.03
973.707 5  5 -1 973 0 450030 11322 0 1322. 33. 2306 -9603.03
974.709 5  5 -1 974 0 450908 11343 0 878. 21. 2312 -9603.03
975.713 5  5 -1 975 0 452120 11374 0 1212. 31. 2319 -14603.36
976.713 5  5 -1 976 0 453072 11399 0 952. 25. 2325 287.92
977.714 5  5 -1 977 0 454177 11428 0 1105. 29. 2331 287.92
978.714 5  5 -1 978 0 455329 11456 0 1152. 28. 2337 287.92
979.714 5  5 -1 979 0 456517 11487 0 1188. 31. 2343 287.92
980.715 5  5 -1 980 0 457461 11510 0 944. 23. 2350 -4712.25
981.717 5  5 -1 981 0 458451 11538 0 990. 28. 2356 387.43
982.717 5  5 -1 982 0 459564 11567 0 1113. 29. 2362 387.43
983.716 5  5 -1 983 0 460524 11590 0 960. 23. 2368 387.43
984.717 5  5 -1 984 0 461563 11617 0 1039. 27. 2374 387.43
985.717 5  5 -1 985 0 463200 11657 0 1637. 40. 2381 -4613.32
986.717 5  5 -1 986 0 464411 11687 0 1211. 30. 2387 -4613.32
987.717 5  5 -1 987 0 465687 11720 0 1276. 33. 2393 -4613.32
988.718 5  5 -1 988 0 466673 11744 0 986. 24. 2399 -4613.32
989.719 5  5 -1 989 0 467965 11775 0 1292. 31. 2405 -4613.32
990.719 5  5 -1 990 0 469193 11804 0 1228. 29. 2412 -9614.09
991.720 5  5 -1 991 0 470238 11831 0 1045. 27. 2418 174.56
992.720 5  5 -1 992 0 471429 11860 0 1191. 29. 2424 174.56
993.721 5  5 -1 993 0 472325 11883 0 896. 23. 2431 174.56
994.721 5  5 -1 994 0 473662 11917 0 1337. 34. 2437 174.56
995.722 5  5 -1 995 0 474909 11950 0 1247. 33. 2444 90.91
996.722 5  5 -1 996 0 475935 11975 0 1026. 25. 2450 90.91
997.723 5  5 -1 997 0 477092 12004 0 1157. 29. 2456 90.91
998.724 5  5 -1 998 0 478387 12034 0 1295. 30. 2462 90.91
999.727 5  5 -1 999 0 479671 12064 0 1284. 30. 2468 90.91
1000.728 5  5 -1 1000 0 480912 12096 0 1241. 32. 2475 102.
1001.730 5  5 -1 1001 0 482112 12126 0 1200. 30. 2481 331.52
1002.730 5  5 -1 1002 0 483479 12158 0 1367. 32. 2487 331.52
1003.732 5  5 -1 1003 0 484651 12189 0 1172. 31. 2493 331.52
1004.732 5  5 -1 1004 0 486082 12224 0 1431. 35. 2499 331.52
1005.732 5  5 -1 1005 0 487342 12256 0 1260. 32. 2506 70.2
1006.735 5  5 -1 1006 0 488358 12283 0 1016. 27. 2512 70.2
1007.734 5  5 -1 1007 0 489595 12312 0 1237. 29. 2518 70.2
1008.735 5  5 -1 1008 0 490959 12347 0 1364. 35. 2524 70.2
1009.735 5  5 -1 1009 0 492478 12384 0 1519. 37. 2530 70.2
1010.736 5  5 -1 1010 0 494091 12423 0 1613. 39. 2537 43.68
1011.738 5  5 -1 1011 0 495756 12464 0 1665. 41. 2543 43.68
1012.738 5  5 -1 1012 0 497415 12504 0 1659. 40. 2549 43.68
1013.739 5  5 -1 1013 0 499080 12545 0 1665. 41. 2555 43.68
1014.739 5  5 -1 1014 0 500701 12584 0 1621. 39. 2561 43.68
1015.740 5  5 -1 1015 0 502321 12624 0 1620. 40. 2568 26.45
1016.740 5  5 -1 1016 0 504165 12670 0 1844. 46. 2574 26.45
1017.740 5  5 -1 1017 0 505790 12710 0 1625. 40. 2581 26.45
1018.741 5  5 -1 1018 0 507487 12752 0 1697. 42. 2587 26.45
1019.742 5  5 -1 1019 0 509051 12789 0 1564. 37. 2593 26.45
1020.744 5  5 -1 1020 0 510690 12829 0 1639. 40. 2600 98.4
1021.745 5  5 -1 1021 0 512251 12867 0 1561. 38. 2606 98.4
1022.747 5  5 -1 1022 0 513853 12906 0 1602. 39. 2612 98.4
1023.747 5  5 -1 1023 0 515449 12944 0 1596. 38. 2618 98.4
1024.748 5  5 -1 1024 0 517075 12984 0 1626. 40. 2624 98.4
1025.747 5  5 -1 1025 0 518646 13022 0 1571. 38. 2631 106.11
1026.749 5  5 -1 1026 0 520407 13066 0 1761. 44. 2637 106.11
1027.749 5  5 -1 1027 0 521984 13104 0 1577. 38. 2643 106.11
1028.750 5  5 -1 1028 0 523542 13142 0 1558. 38. 2649 106.11
1029.749 5  5 -1 1029 0 525177 13182 0 1635. 40. 2655 106.11
1030.750 5  5 -1 1030 0 526803 13223 0 1626. 41. 2662 93.12
1031.751 5  5 -1 1031 0 528337 13260 0 1534. 37. 2668 93.12
1032.752 5  5 -1 1032 0 529888 13298 0 1551. 38. 2674 93.12
1033.753 5  5 -1 1033 0 531480 13337 0 1592. 39. 2680 93.12
1034.753 5  5 -1 1034 0 533143 13377 0 1663. 40. 2686 93.12
1035.753 5  5 -1 1035 0 534796 13418 0 1653. 41. 2693 74.06
1036.754 5  5 -1 1036 0 536641 13463 0 1845. 45. 2699 74.06
1037.755 5  5 -1 1037 0 538206 13502 0 1565. 39. 2706 74.06
1038.757 5  5 -1 1038 0 539743 13541 0 1537. 39. 2713 74.06
1039.758 5  5 -1 1039 0 541275 13578 0 1532. 37. 2719 74.06
1040.760 5  5 -1 1040 0 542873 13617 0 1598. 39. 2726 63.33
1041.762 5  5 -1 1041 0 544445 13655 0 1572. 38. 2732 63.33
1042.762 5  5 -1 1042 0 545942 13692 0 1497. 37. 2738 63.33
1043.764 5  5 -1 1043 0 547518 13731 0 1576. 39. 2744 63.33
1044.764 5  5 -1 1044 0 548916 13765 0 1398. 34. 2750 63.33
1045.763 5  5 -1 1045 0 550465 13802 0 1549. 37. 2757 46.55
1046.764 5  5 -1 1046 0 552195 13845 0 1730. 43. 2763 46.55
1047.765 5  5 -1 1047 0 553603 13879 0 1408. 34. 2769 46.55
1048.766 5  5 -1 1048 0 555132 13917 0 1529. 38. 2775 46.55
1049.767 5  5 -1 1049 0 556715 13955 0 1583. 38. 2782 46.55
1050.768 5  5 -1 1050 0 558332 13994 0 1617. 39. 2789 25.39
1051.768 5  5 -1 1051 0 559909 14032 0 1577. 38. 2795 25.39
1052.768 5  5 -1 1052 0 561418 14068 0 1509. 36. 2801 25.39
1053.770 5  5 -1 1053 0 563126 14110 0 1708. 42. 2807 25.39
1054.771 5  5 -1 1054 0 564531 14144 0 1405. 34. 2813 25.39
1055.771 5  5 -1 1055 0 566175 14184 0 1644. 40. 2820 107.96
1056.772 5  5 -1 1056 0 567906 14227 0 1731. 43. 2826 107.96
1057.774 5  5 -1 1057 0 569571 14268 0 1665. 41. 2832 107.96
1058.793 5  5 -1 1058 0 571205 14306 0 1634. 38. 2838 107.96
1059.773 5  5 -1 1059 0 572594 14340 0 1389. 34. 2844 107.96
1060.773 5  5 -1 1060 0 574353 14382 0 1759. 42. 2851 177.41
1061.777 5  5 -1 1061 0 575906 14420 0 1553. 38. 2857 177.41
1062.775 5  5 -1 1062 0 577247 14452 0 1341. 32. 2863 177.41
1063.776 5  5 -1 1063 0 578956 14494 0 1709. 42. 2869 177.41
1064.777 5  5 -1 1064 0 580566 14533 0 1610. 39. 2875 177.41
1065.778 5  5 -1 1065 0 582146 14572 0 1580. 39. 2882 126.21
1066.778 5  5 -1 1066 0 583866 14614 0 1720. 42. 2888 126.21
1067.778 5  5 -1 1067 0 585571 14655 0 1705. 41. 2894 126.21
1068.778 5  5 -1 1068 0 587118 14692 0 1547. 37. 2900 126.21
1069.779 5  5 -1 1069 0 588727 14731 0 1609. 39. 2906 126.21
1070.780 5  5 -1 1070 0 590425 14773 0 1698. 42. 2913 132.97
1071.780 5  5 -1 1071 0 591895 14808 0 1470. 35. 2919 338.36
1072.781 5  5 -1 1072 0 593543 14848 0 1648. 40. 2925 338.36
1073.783 5  5 -1 1073 0 595183 14888 0 1640. 40. 2931 338.36
1074.783 5  5 -1 1074 0 596843 14928 0 1660. 40. 2937 338.36
1075.784 5  5 -1 1075 0 598105 14959 0 1262. 31. 2944 120.08
1076.785 5  5 -1 1076 0 600086 15008 0 1981. 49. 2950 120.08
1077.785 5  5 -1 1077 0 601700 15047 0 1614. 39. 2957 120.08
1078.787 5  5 -1 1078 0 603244 15084 0 1544. 37. 2963 120.08
1079.786 5  5 -1 1079 0 604697 15120 0 1453. 36. 2969 120.08
1080.786 5  5 -1 1080 0 606216 15157 0 1519. 37. 2976 79.53
1081.788 5  5 -1 1081 0 607870 15198 0 1654. 41. 2982 79.53
1082.787 5  5 -1 1082 0 609477 15237 0 1607. 39. 2988 79.53
1083.789 5  5 -1 1083 0 610995 15274 0 1518. 37. 2994 79.53
1084.790 5  5 -1 1084 0 612553 15311 0 1558. 37. 3000 79.53
1085.790 5  5 -1 1085 0 614147 15350 0 1594. 39. 3007 66.23
1086.790 5  5 -1 1086 0 615904 15393 0 1757. 43. 3013 66.23
1087.791 5  5 -1 1087 0 617349 15428 0 1445. 35. 3019 66.23
1088.791 5  5 -1 1088 0 619002 15469 0 1653. 41. 3026 66.23
1089.792 5  5 -1 1089 0 620627 15508 0 1625. 39. 3032 66.23
1090.792 5  5 -1 1090 0 622268 15548 0 1641. 40. 3039 -4933.97
1091.795 5  5 -1 1091 0 623812 15586 0 1544. 38. 3045 -4933.97
1092.795 5  5 -1 1092 0 625274 15621 0 1462. 35. 3051 -4933.97
1093.795 5  5 -1 1093 0 626902 15660 0 1628. 39. 3057 -4933.97
1094.796 5  5 -1 1094 0 628566 15701 0 1664. 41. 3063 -4933.97
1095.798 5  5 -1 1095 0 630127 15739 0 1561. 38. 3070 128.58
1096.799 5  5 -1 1096 0 632063 15787 0 1936. 48. 3076 128.58
1097.810 5  5 -1 1097 0 633605 15825 0 1542. 38. 3082 128.58
1098.816 5  5 -1 1098 0 634947 15858 0 1342. 33. 3088 128.58
1099.820 5  5 -1 1099 0 636497 15896 0 1550. 38. 3094 128.58
1100.817 5  5 -1 1100 0 638300 15942 0 1803. 46. 3101 215.08
1101.819 5  5 -1 1101 0 639883 15980 0 1583. 38. 3107 215.08
1102.818 5  5 -1 1102 0 641422 16017 0 1539. 37. 3113 215.08
1103.818 5  5 -1 1103 0 643103 16058 0 1681. 41. 3119 215.08
1104.818 5  5 -1 1104 0 644776 16099 0 1673. 41. 3125 215.08
1105.819 5  5 -1 1105 0 646405 16140 0 1629. 41. 3132 81.13
1106.820 5  5 -1 1106 0 648138 16182 0 1733. 42. 3138 81.13
1107.822 5  5 -1 1107 0 649823 16223 0 1685. 41. 3144 81.13
1108.822 5  5 -1 1108 0 651305 16259 0 1482. 36. 3150 81.13
1109.823 5  5 -1 1109 0 652866 16298 0 1561. 39. 3156 81.13
1110.822 5  5 -1 1110 0 654482 16337 0 1616. 39. 3163 144.01
1111.824 5  5 -1 1111 0 655970 16373 0 1488. 36. 3169 144.01
1112.824 5  5 -1 1112 0 657328 16405 0 1358. 32. 3175 144.01
1113.825 5  5 -1 1113 0 658912 16444 0 1584. 39. 3181 144.01
1114.826 5  5 -1 1114 0 660420 16481 0 1508. 37. 3187 144.01
1115.827 5  5 -1 1115 0 661939 16517 0 1519. 36. 3194 217.64
1116.829 5  5 -1 1116 0 663587 16558 0 1648. 41. 3200 217.64
1117.828 5  5 -1 1117 0 665022 16593 0 1435. 35. 3206 217.64
1118.830 5  5 -1 1118 0 666465 16628 0 1443. 35. 3212 217.64
1119.829 5  5 -1 1119 0 667745 16660 0 1280. 32. 3218 217.64
1120.830 5  5 -1 1120 0 669408 16700 0 1663. 40. 3225 47.56
1121.832 5  5 -1 1121 0 670489 16729 0 1081. 29. 3231 47.56
1122.832 5  5 -1 1122 0 671907 16764 0 1418. 35. 3237 47.56
1123.833 5  5 -1 1123 0 673407 16801 0 1500. 37. 3243 47.56
1124.834 5  5 -1 1124 0 674995 16840 0 1588. 39. 3249 47.56
1125.834 5  5 -1 1125 0 676552 16877 0 1557. 37. 3256 -4955.04
1126.834 5  5 -1 1126 0 678389 16923 0 1837. 46. 3262 -4955.04
1127.835 5  5 -1 1127 0 679335 16948 0 946. 25. 3268 -4955.04
1128.836 5  5 -1 1128 0 680869 16984 0 1534. 36. 3274 -4955.04
1129.837 5  5 -1 1129 0 682558 17026 0 1689. 42. 3280 -4955.04
1130.848 5  5 -1 1130 0 684370 17069 0 1812. 43. 3287 -9955.46
1131.849 5  5 -1 1131 0 685868 17106 0 1498. 37. 3293 389.78
1132.850 5  5 -1 1132 0 687460 17145 0 1592. 39. 3299 389.78
1133.851 5  5 -1 1133 0 688831 17178 0 1371. 33. 3305 389.78
1134.851 5  5 -1 1134 0 690706 17223 0 1875. 45. 3311 389.78
1135.854 5  5 -1 1135 0 692304 17264 0 1598. 41. 3318 161.71
1136.856 5  5 -1 1136 0 693974 17306 0 1670. 42. 3324 161.71
1137.857 5  5 -1 1137 0 695489 17342 0 1515. 36. 3330 161.71
1138.858 5  5 -1 1138 0 697122 17382 0 1633. 40. 3336 161.71
1139.859 5  5 -1 1139 0 698717 17421 0 1595. 39. 3342 161.71
1140.859 5  5 -1 1140 0 700395 17463 0 1678. 42. 3349 136.21
1141.861 5  5 -1 1141 0 701954 17501 0 1559. 38. 3355 136.21
1142.862 5  5 -1 1142 0 703519 17539 0 1565. 38. 3361 136.21
1143.862 5  5 -1 1143 0 704791 17571 0 1272. 32. 3367 136.21
1144.863 5  5 -1 1144 0 706386 17609 0 1595. 38. 3373 136.21
1145.864 5  5 -1 1145 0 707958 17650 0 1572. 41. 3380 109.93
1146.865 5  5 -1 1146 0 709609 17690 0 1651. 40. 3386 109.93
1147.866 5  5 -1 1147 0 711101 17727 0 1492. 37. 3392 109.93
1148.866 5  5 -1 1148 0 712734 17768 0 1633. 41. 3398 109.93
1149.867 5  5 -1 1149 0 714192 17803 0 1458. 35. 3404 109.93
1150.868 5  5 -1 1150 0 715601 17839 0 1409. 36. 3411 100.72
1151.870 5  5 -1 1151 0 717266 17880 0 1665. 41. 3417 100.72
1152.870 5  5 -1 1152 0 718731 17916 0 1465. 36. 3423 100.72
1153.871 5  5 -1 1153 0 720246 17953 0 1515. 37. 3429 100.72
1154.871 5  5 -1 1154 0 721783 17991 0 1537. 38. 3435 100.72
1155.872 5  5 -1 1155 0 723435 18032 0 1652. 41. 3442 -4900.18
1156.872 5  5 -1 1156 0 725054 18072 0 1619. 40. 3448 -4900.18
1157.874 5  5 -1 1157 0 726507 18108 0 1453. 36. 3454 -4900.18
1158.875 5  5 -1 1158 0 727772 18140 0 1265. 32. 3460 -4900.18
1159.875 5  5 -1 1159 0 729406 18179 0 1634. 39. 3466 -4900.18
1160.876 5  5 -1 1160 0 730836 18214 0 1430. 35. 3473 -9901.02
1161.877 5  5 -1 1161 0 732197 18248 0 1361. 34. 3479 -9901.02
1162.878 5  5 -1 1162 0 733322 18275 0 1125. 27. 3485 -9901.02
1163.879 5  5 -1 1163 0 734684 18308 0 1362. 33. 3491 -9901.02
1164.879 5  5 -1 1164 0 736001 18341 0 1317. 33. 3497 -9901.02
1165.880 5  5 -1 1165 0 737545 18380 0 1544. 39. 3504 -14902.09
1166.881 5  5 -1 1166 0 739155 18421 0 1610. 41. 3510 726.64
1167.882 5  5 -1 1167 0 740872 18463 0 1717. 42. 3516 726.64
1168.882 5  5 -1 1168 0 742171 18494 0 1299. 31. 3522 726.64
1169.883 5  5 -1 1169 0 743767 18533 0 1596. 39. 3528 726.64
1170.884 5  5 -1 1170 0 745086 18565 0 1319. 32. 3535 73.59
1171.896 5  5 -1 1171 0 746612 18602 0 1526. 37. 3541 73.59
1172.888 5  5 -1 1172 0 748102 18638 0 1490. 36. 3547 73.59
1173.893 5  5 -1 1173 0 749709 18677 0 1607. 39. 3553 73.59
1174.894 5  5 -1 1174 0 751221 18713 0 1512. 36. 3559 73.59
1175.908 5  5 -1 1175 0 753069 18761 0 1848. 48. 3566 108.86
1176.907 5  5 -1 1176 0 754606 18799 0 1537. 38. 3572 108.86
1177.907 5  5 -1 1177 0 756146 18836 0 1540. 37. 3578 108.86
1178.907 5  5 -1 1178 0 757734 18874 0 1588. 38. 3584 108.86
1179.908 5  5 -1 1179 0 759361 18913 0 1627. 39. 3590 108.86
1180.909 5  5 -1 1180 0 761077 18956 0 1716. 43. 3597 85.63
1181.909 5  5 -1 1181 0 762553 18991 0 1476. 35. 3603 85.63
1182.910 5  5 -1 1182 0 764139 19030 0 1586. 39. 3609 85.63
1183.911 5  5 -1 1183 0 765780 19070 0 1641. 40. 3615 85.63
1184.911 5  5 -1 1184 0 767337 19107 0 1557. 37. 3621 85.63
1185.912 5  5 -1 1185 0 769089 19150 0 1752. 43. 3628 161.56
1186.912 5  5 -1 1186 0 770607 19187 0 1518. 37. 3634 161.56
1187.913 5  5 -1 1187 0 772348 19228 0 1741. 41. 3640 161.56
1188.913 5  5 -1 1188 0 773785 19263 0 1437. 35. 3646 161.56
1189.914 5  5 -1 1189 0 775542 19304 0 1757. 41. 3652 161.56
1190.914 5  5 -1 1190 0 777240 19346 0 1698. 42. 3659 53.3
1191.916 5  5 -1 1191 0 778609 19379 0 1369. 33. 3665 53.3
1192.916 5  5 -1 1192 0 780359 19421 0 1750. 42. 3671 53.3
1193.917 5  5 -1 1193 0 781919 19459 0 1560. 38. 3677 53.3
1194.917 5  5 -1 1194 0 783507 19497 0 1588. 38. 3683 53.3
1195.918 5  5 -1 1195 0 785319 19542 0 1812. 45. 3690 159.61
1196.919 5  5 -1 1196 0 786874 19581 0 1555. 39. 3696 159.61
1197.920 5  5 -1 1197 0 788321 19616 0 1447. 35. 3702 159.61
1198.920 5  5 -1 1198 0 789806 19652 0 1485. 36. 3708 159.61
1199.921 5  5 -1 1199 0 791330 19688 0 1524. 36. 3714 159.61
1200.921 5  5 -1 1200 0 792601 19719 0 1271. 31. 3721 116.17
1201.922 5  5 -1 1201 0 793900 19750 0 1299. 31. 3727 116.17
1202.924 5  5 -1 1202 0 795472 19790 0 1572. 40. 3733 116.17
1203.923 5  5 -1 1203 0 796666 19818 0 1194. 28. 3739 116.17
1204.924 5  5 -1 1204 0 798258 19857 0 1592. 39. 3745 116.17
1205.925 5  5 -1 1205 0 799921 19900 0 1663. 43. 3752 91.69
1206.925 5  5 -1 1206 0 801532 19940 0 1611. 40. 3758 91.69
1207.925 5  5 -1 1207 0 803021 19975 0 1489. 35. 3764 91.69
1208.926 5  5 -1 1208 0 804616 20013 0 1595. 38. 3770 91.69
1209.927 5  5 -1 1209 0 806220 20053 0 1604. 40. 3776 91.69
1210.928 5  5 -1 1210 0 807611 20086 0 1391. 33. 3783 153.97
1211.928 5  5 -1 1211 0 809198 20124 0 1587. 38. 3789 153.97
1212.930 5  5 -1 1212 0 810653 20160 0 1455. 36. 3795 153.97
1213.931 5  5 -1 1213 0 812187 20197 0 1534. 37. 3801 153.97
1214.932 5  5 -1 1214 0 813761 20236 0 1574. 39. 3807 153.97
1215.932 5  5 -1 1215 0 815464 20279 0 1703. 43. 3814 238.38
1216.933 5  5 -1 1216 0 817171 20320 0 1707. 41. 3820 238.38
1217.933 5  5 -1 1217 0 818806 20360 0 1635. 40. 3826 238.38
1218.934 5  5 -1 1218 0 820322 20398 0 1516. 38. 3832 238.38
1219.934 5  5 -1 1219 0 821925 20436 0 1603. 38. 3838 238.38
1220.936 5  5 -1 1220 0 823562 20477 0 1637. 41. 3845 105.81
1221.937 5  5 -1 1222 0 825150 20516 0 1588. 39. 3851 105.81
1222.937 5  5 -1 1223 0 826785 20555 0 1635. 39. 3857 105.81
1223.938 5  5 -1 1224 0 828450 20596 0 1665. 41. 3863 105.81
1224.939 5  5 -1 1225 0 830057 20635 0 1607. 39. 3869 105.81
1225.939 5  5 -1 1226 0 831821 20679 0 1764. 44. 3876 179.4
1226.941 5  5 -1 1227 0 833471 20720 0 1650. 41. 3882 179.4
1227.942 5  5 -1 1228 0 834920 20756 0 1449. 36. 3888 179.4
1228.943 5  5 -1 1229 0 836417 20792 0 1497. 36. 3894 179.4
1229.943 5  5 -1 1230 0 838085 20832 0 1668. 40. 3900 179.4
1230.943 5  5 -1 1231 0 839708 20872 0 1623. 40. 3907 109.58
1231.944 5  5 -1 1232 0 841238 20910 0 1530. 38. 3913 109.58
1232.946 5  5 -1 1233 0 842845 20949 0 1607. 39. 3919 109.58
1233.947 5  5 -1 1234 0 844493 20989 0 1648. 40. 3925 109.58
1234.947 5  5 -1 1235 0 845943 21024 0 1450. 35. 3931 109.58
1235.948 5  5 -1 1236 0 847779 21071 0 1836. 47. 3938 229.58
1236.950 5  5 -1 1237 0 849382 21111 0 1603. 40. 3944 229.58
1237.968 5  5 -1 1238 0 850914 21148 0 1532. 37. 3950 229.58
1238.969 5  5 -1 1239 0 852158 21179 0 1244. 31. 3956 229.58
1239.968 5  5 -1 1240 0 853809 21219 0 1651. 40. 3962 229.58
1240.969 5  5 -1 1241 0 855293 21254 0 1484. 35. 3969 -4771.26
1241.970 5  5 -1 1242 0 856610 21288 0 1317. 34. 3975 -4771.26
1242.971 5  5 -1 1243 0 857926 21319 0 1316. 31. 3981 -4771.26
1243.974 5  5 -1 1244 0 859521 21356 0 1595. 37. 3987 -4771.26
1244.974 5  5 -1 1245 0 861017 21392 0 1496. 36. 3993 -4771.26
1245.975 5  5 -1 1246 0 862553 21432 0 1536. 40. 4000 154.14
1246.976 5  5 -1 1247 0 863800 21462 0 1247. 30. 4006 424.46
1247.977 5  5 -1 1248 0 865262 21498 0 1462. 36. 4012 424.46
1248.978 5  5 -1 1249 0 866795 21535 0 1533. 37. 4018 424.46
1249.979 5  5 -1 1250 0 868445 21575 0 1650. 40. 4024 424.46
1250.979 5  5 -1 1251 0 869906 21611 0 1461. 36. 4031 -4576.46
1251.981 5  5 -1 1252 0 871441 21649 0 1535. 38. 4037 396.5
1252.981 5  5 -1 1253 0 873186 21690 0 1745. 41. 4043 396.5
1253.982 5  5 -1 1254 0 874533 21724 0 1347. 34. 4049 396.5
1254.990 5  5 -1 1255 0 876204 21764 0 1671. 40. 4055 396.5
1255.990 5  5 -1 1256 0 877891 21806 0 1687. 42. 4062 -4603.79
1256.991 5  5 -1 1257 0 879680 21849 0 1789. 43. 4068 386.23
1257.990 5  5 -1 1258 0 881340 21890 0 1660. 41. 4074 386.23
1258.992 5  5 -1 1259 0 882813 21927 0 1473. 37. 4080 386.23
1259.993 5  5 -1 1260 0 884440 21966 0 1627. 39. 4086 386.23
1260.994 5  5 -1 1261 0 885973 22003 0 1533. 37. 4093 -4614.76
1261.995 5  5 -1 1262 0 887624 22044 0 1651. 41. 4099 -4614.76
1262.995 5  5 -1 1263 0 889280 22084 0 1656. 40. 4105 -4614.76
1263.996 5  5 -1 1264 0 890836 22123 0 1556. 39. 4111 -4614.76
1264.997 5  5 -1 1265 0 892383 22161 0 1547. 38. 4117 -4614.76
1265.997 5  5 -1 1266 0 894122 22204 0 1739. 43. 4124 146.15
1266.998 5  5 -1 1267 0 895793 22246 0 1671. 42. 4130 146.15
1267.999 5  5 -1 1268 0 897257 22282 0 1464. 36. 4136 146.15
1268.999 5  5 -1 1269 0 898867 22321 0 1610. 39. 4142 146.15
1270.000 5  5 -1 1270 0 900599 22363 0 1732. 42. 4148 146.15
1271.000 5  5 -1 1271 0 902181 22401 0 1582. 38. 4155 -4854.59
1272.000 5  5 -1 1272 0 903871 22443 0 1690. 42. 4161 -4854.59
1273.002 5  5 -1 1273 0 905481 22482 0 1610. 39. 4167 -4854.59
1274.003 5  5 -1 1274 0 906990 22519 0 1509. 37. 4173 -4854.59
1275.002 5  5 -1 1275 0 908617 22558 0 1627. 39. 4179 -4854.59
1276.004 5  5 -1 1276 0 910282 22600 0 1665. 42. 4186 95.02
1277.005 5  5 -1 1277 0 911864 22639 0 1582. 39. 4192 95.02
1278.006 5  5 -1 1278 0 913307 22674 0 1443. 35. 4198 95.02
1279.007 5  5 -1 1279 0 914811 22710 0 1504. 36. 4204 95.02
1280.008 5  5 -1 1280 0 916442 22750 0 1631. 40. 4210 95.02
1281.009 5  5 -1 1281 0 917940 22788 0 1498. 38. 4217 116.44
1282.010 5  5 -1 1282 0 919452 22826 0 1512. 38. 4223 116.44
1283.011 5  5 -1 1283 0 920975 22862 0 1523. 36. 4229 116.44
1284.012 5  5 -1 1284 0 922340 22896 0 1365. 34. 4235 116.44
1285.013 5  5 -1 1285 0 923742 22930 0 1402. 34. 4241 116.44
1286.013 5  5 -1 1286 0 925092 22964 0 1350. 34. 4248 -4884.09
1287.014 5  5 -1 1287 0 926543 23000 0 1451. 36. 4254 543.64
1288.015 5  5 -1 1288 0 927861 23033 0 1318. 33. 4260 543.64
1289.016 5  5 -1 1289 0 929396 23071 0 1535. 38. 4266 543.64
1290.017 5  5 -1 1290 0 930985 23109 0 1589. 38. 4272 543.64
1291.018 5  5 -1 1291 0 932440 23146 0 1455. 37. 4279 63.68
1292.020 5  5 -1 1292 0 933836 23180 0 1396. 34. 4285 63.68
1293.020 5  5 -1 1293 0 935318 23216 0 1482. 36. 4291 63.68
1294.021 5  5 -1 1294 0 936958 23256 0 1640. 40. 4297 63.68
1295.022 5  5 -1 1295 0 938516 23294 0 1558. 38. 4303 63.68
1296.023 5  5 -1 1296 0 940096 23333 0 1580. 39. 4310 77.96
1297.037 5  5 -1 1297 0 941749 23373 0 1653. 40. 4316 77.96
1298.024 5  5 -1 1298 0 943221 23410 0 1472. 37. 4322 77.96
1299.026 5  5 -1 1299 0 944862 23450 0 1641. 40. 4328 77.96
1300.032 5  5 -1 1300 0 946725 23494 0 1863. 44. 4334 77.96
1301.041 5  5 -1 1301 0 948336 23534 0 1611. 40. 4341 106.58
1302.042 5  5 -1 1302 0 949813 23570 0 1477. 36. 4347 106.58
1303.043 5  5 -1 1303 0 951509 23612 0 1696. 42. 4353 106.58
1304.043 5  5 -1 1304 0 953030 23649 0 1521. 37. 4359 106.58
1305.043 5  5 -1 1305 0 954549 23686 0 1519. 37. 4365 106.58
1306.044 5  5 -1 1306 0 956336 23731 0 1787. 45. 4372 116.11
1307.044 5  5 -1 1307 0 957798 23767 0 1462. 36. 4378 116.11
1308.045 5  5 -1 1308 0 959454 23808 0 1656. 41. 4384 116.11
1309.046 5  5 -1 1309 0 960903 23843 0 1449. 35. 4390 116.11
1310.047 5  5 -1 1310 0 962442 23881 0 1539. 38. 4396 116.11
1311.048 5  5 -1 1311 0 963997 23920 0 1555. 39. 4403 232.5
1312.048 5  5 -1 1312 0 965721 23962 0 1724. 42. 4409 232.5
1313.049 5  5 -1 1313 0 967156 23999 0 1435. 37. 4415 232.5
1314.050 5  5 -1 1314 0 968766 24037 0 1610. 38. 4421 232.5
1315.049 5  5 -1 1315 0 970247 24073 0 1481. 36. 4427 232.5
1316.051 5  5 -1 1316 0 972046 24120 0 1799. 47. 4434 180.11
1317.051 5  5 -1 1317 0 973592 24157 0 1546. 37. 4440 180.11
1318.052 5  5 -1 1318 0 975098 24195 0 1506. 38. 4446 180.11
1319.055 5  5 -1 1319 0 976925 24241 0 1827. 46. 4452 180.11
1320.056 5  5 -1 1320 0 978619 24282 0 1694. 41. 4458 180.11
1321.064 5  5 -1 1321 0 980284 24323 0 1665. 41. 4465 -4820.22
1322.064 5  5 -1 1322 0 981943 24363 0 1659. 40. 4471 -4820.22
1323.064 5  5 -1 1323 0 983501 24400 0 1558. 37. 4477 -4820.22
1324.065 5  5 -1 1324 0 985094 24440 0 1593. 40. 4483 -4820.22
1325.066 5  5 -1 1325 0 986701 24479 0 1607. 39. 4489 -4820.22
1326.066 5  5 -1 1326 0 988558 24526 0 1857. 47. 4496 84.62
1327.068 5  5 -1 1327 0 990113 24563 0 1555. 37. 4502 84.62
1328.067 5  5 -1 1328 0 991772 24604 0 1659. 41. 4508 84.62
1329.068 5  5 -1 1329 0 993451 24645 0 1679. 41. 4514 84.62
1330.069 5  5 -1 1330 0 995103 24685 0 1652. 40. 4520 84.62
1331.069 5  5 -1 1331 0 996800 24727 0 1697. 42. 4527 86.99
1332.069 5  5 -1 1332 0 998340 24764 0 1540. 37. 4533 86.99
1333.070 5  5 -1 1333 0 1000036 24805 0 1696. 41. 4539 86.99
1334.070 5  5 -1 1334 0 1001701 24846 0 1665. 41. 4545 86.99
1335.071 5  5 -1 1335 0 1003284 24884 0 1583. 38. 4551 86.99
1336.072 5  5 -1 1336 0 1005132 24930 0 1848. 46. 4558 83.12
1337.072 5  5 -1 1337 0 1006699 24969 0 1567. 39. 4564 83.12
1338.073 5  5 -1 1338 0 1008379 25010 0 1680. 41. 4570 83.12
1339.074 5  5 -1 1339 0 1010014 25050 0 1635. 40. 4576 83.12
1340.075 5  5 -1 1340 0 1011699 25091 0 1685. 41. 4582 83.12
1341.076 5  5 -1 1341 0 1013243 25128 0 1544. 37. 4589 38.74
1342.077 5  5 -1 1342 0 1014946 25170 0 1703. 42. 4595 38.74
1343.078 5  5 -1 1343 0 1016577 25210 0 1631. 40. 4601 38.74
1344.078 5  5 -1 1344 0 1018240 25250 0 1663. 40. 4607 38.74
1345.079 5  5 -1 1345 0 1019853 25289 0 1613. 39. 4613 38.74
1346.079 5  5 -1 1346 0 1021714 25336 0 1861. 47. 4620 54.58
1347.081 5  5 -1 1347 0 1023325 25375 0 1611. 39. 4626 54.58
1348.081 5  5 -1 1348 0 1025014 25417 0 1689. 42. 4632 54.58
1349.083 5  5 -1 1349 0 1026569 25454 0 1555. 37. 4638 54.58
1350.083 5  5 -1 1350 0 1028200 25493 0 1631. 39. 4644 54.58
1351.084 5  5 -1 1351 0 1029913 25536 0 1713. 43. 4651 44.61
1352.086 5  5 -1 1352 0 1031719 25579 0 1806. 43. 4657 44.61
1353.086 5  5 -1 1353 0 1033384 25620 0 1665. 41. 4663 44.61
1354.087 5  5 -1 1354 0 1034939 25657 0 1555. 37. 4669 44.61
1355.088 5  5 -1 1355 0 1036612 25698 0 1673. 41. 4675 44.61
1356.088 5  5 -1 1356 0 1038521 25746 0 1909. 48. 4682 88.98
1357.090 5  5 -1 1357 0 1040128 25785 0 1607. 39. 4688 88.98
1358.090 5  5 -1 1358 0 1041735 25824 0 1607. 39. 4694 88.98
1359.091 5  5 -1 1359 0 1043376 25864 0 1641. 40. 4700 88.98
1360.092 5  5 -1 1360 0 1045066 25905 0 1690. 41. 4706 88.98
1361.093 5  5 -1 1361 0 1046806 25949 0 1740. 44. 4713 273.87
1362.094 5  5 -1 1362 0 1048288 25984 0 1482. 35. 4719 273.87
1363.095 5  5 -1 1363 0 1049923 26024 0 1635. 40. 4725 273.87
1364.095 5  5 -1 1364 0 1051429 26062 0 1506. 38. 4731 273.87
1365.095 5  5 -1 1365 0 1053040 26100 0 1611. 38. 4737 273.87
1366.097 5  5 -1 1366 0 1054586 26140 0 1546. 40. 4744 34.11
1367.098 5  5 -1 1367 0 1056349 26181 0 1763. 41. 4750 34.11
1368.099 5  5 -1 1368 0 1057908 26218 0 1559. 37. 4756 34.11
1369.100 5  5 -1 1369 0 1059558 26259 0 1650. 41. 4762 34.11
1370.101 5  5 -1 1370 0 1061092 26296 0 1534. 37. 4768 34.11
1371.102 5  5 -1 1371 0 1062665 26334 0 1573. 38. 4775 26.79
1372.102 5  5 -1 1372 0 1064232 26372 0 1567. 38. 4781 26.79
1373.103 5  5 -1 1373 0 1065804 26410 0 1572. 38. 4787 26.79
1374.103 5  5 -1 1374 0 1067366 26448 0 1562. 38. 4793 26.79
1375.118 5  5 -1 1375 0 1069136 26492 0 1770. 44. 4799 26.79
1376.118 5  5 -1 1376 0 1070617 26528 0 1481. 36. 4806 26.17
1377.119 5  5 -1 1377 0 1072209 26567 0 1592. 39. 4812 26.17
1378.119 5  5 -1 1378 0 1073809 26605 0 1600. 38. 4818 26.17
1379.120 5  5 -1 1379 0 1075440 26645 0 1631. 40. 4824 26.17
1380.122 5  5 -1 1380 0 1076980 26682 0 1540. 37. 4830 26.17
1381.120 5  5 -1 1381 0 1078552 26720 0 1572. 38. 4837 26.95
1382.122 5  5 -1 1382 0 1080103 26758 0 1551. 38. 4843 26.95
1383.123 5  5 -1 1383 0 1081695 26797 0 1592. 39. 4849 26.95
1384.123 5  5 -1 1384 0 1083177 26832 0 1482. 35. 4855 26.95
1385.123 5  5 -1 1385 0 1085021 26878 0 1844. 46. 4861 26.95
1386.124 5  5 -1 1386 0 1086593 26917 0 1572. 39. 4868 120.16
1387.128 5  5 -1 1387 0 1088169 26955 0 1576. 38. 4874 120.16
1388.128 5  5 -1 1388 0 1089761 26994 0 1592. 39. 4880 120.16
1389.129 5  5 -1 1389 0 1091364 27032 0 1603. 38. 4886 120.16
1390.129 5  5 -1 1390 0 1092902 27069 0 1538. 37. 4892 120.16
1391.130 5  5 -1 1391 0 1094532 27109 0 1630. 40. 4899 -4881.15
1392.132 5  5 -1 1392 0 1096017 27145 0 1485. 36. 4905 -4881.15
1393.132 5  5 -1 1393 0 1097533 27181 0 1516. 36. 4911 -4881.15
1394.132 5  5 -1 1394 0 1099119 27220 0 1586. 39. 4917 -4881.15
1395.133 5  5 -1 1395 0 1100856 27263 0 1737. 43. 4923 -4881.15
1396.133 5  5 -1 1396 0 1102475 27303 0 1619. 40. 4930 75.72
1397.134 5  5 -1 1397 0 1104009 27340 0 1534. 37. 4936 75.72
1398.134 5  5 -1 1398 0 1105519 27376 0 1510. 36. 4942 75.72
1399.134 5  5 -1 1399 0 1107156 27416 0 1637. 40. 4948 75.72
1400.135 5  5 -1 1400 0 1108731 27454 0 1575. 38. 4954 75.72
1401.136 5  5 -1 1401 0 1110257 27492 0 1526. 38. 4961 81.51
1402.136 5  5 -1 1402 0 1111773 27528 0 1516. 36. 4967 81.51
1403.137 5  5 -1 1403 0 1113307 27565 0 1534. 37. 4973 81.51
1404.138 5  5 -1 1404 0 1114923 27605 0 1616. 40. 4979 81.51
1405.139 5  5 -1 1405 0 1116674 27648 0 1751. 43. 4985 81.51
1406.139 5  5 -1 1406 0 1118197 27685 0 1523. 37. 4992 85.39
1407.139 5  5 -1 1407 0 1119789 27724 0 1592. 39. 4998 85.39
1408.140 5  5 -1 1408 0 1121299 27760 0 1510. 36. 5004 85.39
