350.945 5  0 43818408 447814125 1361 665523 285 147 2368 204348257 30 0
351.185 5  0 43818439 447814065 1374 665116 236 100 2368 204348500 30 0
351.468 5  0 43818470 447814026 1518 665044 237 75 2368 204348750 30 0
351.709 5  0 43818481 447813992 1620 665246 210 72 2368 204349000 30 0
351.954 5  0 43818477 447813944 1736 665166 214 72 2368 204349250 30 0
352.447 5  0 43818456 447813825 1849 665037 256 36 2368 204349750 30 0
352.735 5  0 43818444 447813761 1887 664960 261 16 2368 204350000 30 0
352.953 5  0 43818439 447813680 1851 664832 299 2 2368 204350250 30 0
353.231 5  0 43818439 447813615 1832 664972 275 31 2368 204350500 30 0
353.515 5  0 43818436 447813548 1830 664998 267 19 2368 204350750 30 0
353.774 5  0 43818434 447813466 1845 665039 304 29 2368 204351000 30 0
354.015 5  0 43818428 447813385 1845 665007 301 14 2368 204351250 30 0
354.207 5  0 43818427 447813299 1825 664988 327 4 2368 204351500 30 0
354.404 5  0 43818428 447813222 1811 664938 299 3 2368 204351750 30 0
354.682 5  0 43818433 447813145 1786 664921 302 4 2368 204352000 30 0
354.979 5  0 43818433 447813075 1794 664717 262 -12 2368 204352250 30 0
355.231 5  0 43818439 447813013 1752 664705 250 -14 2368 204352500 30 0
355.702 5  0 43818466 447812884 1671 664648 245 -6 2368 204353000 30 0
355.969 5  0 43818489 447812817 1625 664634 271 -11 2368 204353250 30 0
356.175 5  0 43818522 447812740 1578 664542 292 -3 2368 204353500 30 0
356.446 5  0 43818554 447812677 1551 664470 271 1 2368 204353750 30 0
356.678 5  0 43818597 447812600 1507 664384 337 -11 2368 204354000 30 0
356.932 5  0 43818645 447812533 1463 664252 325 -16 2368 204354250 30 0
357.230 5  0 43818699 447812478 1412 664229 307 -6 2368 204354500 30 0
357.419 5  0 43818762 447812410 1361 664140 339 6 2368 204354750 30 0
357.692 5  0 43818827 447812367 1296 663976 320 -7 2368 204355000 30 0
357.978 5  0 43818897 447812321 1244 663912 323 -2 2368 204355250 30 0
358.202 5  0 43818976 447812277 1198 663995 356 17 2368 204355500 30 0
358.451 5  0 43819051 447812247 1165 663975 320 19 2368 204355750 30 0
358.646 5  0 43819118 447812239 1118 664173 290 14 2368 204356000 30 0
358.981 5  0 43819185 447812243 1008 664105 295 7 2368 204356250 30 0
359.439 5  0 43819334 447812260 1008 664016 286 7 2368 204356750 30 0
359.731 5  0 43819392 447812295 1008 664118 277 -5 2368 204357000 30 0
359.896 5  0 43819446 447812341 1008 664323 266 11 2368 204357250 30 0
360.227 5  0 43819496 447812394 718 664348 285 5 2368 204357500 30 0
360.988 5  0 43819600 447812584 294 664552 278 4 2368 204358250 30 0
361.658 5  0 43819648 447812760 61 664264 259 -4 2368 204359000 30 0
362.162 5  0 43819627 447812894 3460 664136 270 -9 2368 204359500 30 0
362.511 5  0 43819611 447812937 3373 663529 280 -28 2368 204359750 30 0
362.683 5  0 43819578 447812984 3299 663355 271 -25 2368 204360000 30 0
363.161 5  0 43819485 447813042 3117 663135 280 -1 2368 204360500 30 0
363.467 5  0 43819413 447813078 3042 663301 285 3 2368 204360750 30 0
363.740 5  0 43819377 447813078 3064 662566 241 -2 2368 204361000 30 0
364.162 5  0 43819261 447813099 3064 662424 266 -16 2368 204361500 30 0
364.431 5  0 43819187 447813122 2946 662551 280 -22 2368 204361750 30 0
364.729 5  0 43819126 447813122 2946 662373 281 -24 2368 204362000 30 0
365.437 5  0 43818916 447813083 2661 662293 292 -32 2368 204362750 30 0
365.662 5  0 43818854 447813053 2661 662374 274 -24 2368 204363000 30 0
366.175 5  0 43818764 447812951 2661 662214 264 -11 2368 204363500 30 0
366.507 5  0 43818732 447812881 2334 662052 312 -7 2368 204363750 30 0
366.671 5  0 43818694 447812811 2241 661717 296 -13 2368 204364000 30 0
366.962 5  0 43818653 447812768 2239 661565 281 -6 2368 204364250 30 0
367.166 5  0 43818605 447812721 2272 661271 285 -9 2368 204364500 30 0
367.428 5  0 43818563 447812649 2299 660712 293 4 2368 204364750 30 0
367.673 5  0 43818514 447812594 2304 660467 283 8 2368 204365000 30 0
367.954 5  0 43818453 447812575 2394 660285 293 -1 2368 204365250 30 0
368.203 5  0 43818383 447812568 2394 660278 279 -11 2368 204365500 30 0
368.649 5  0 43818251 447812570 2394 660180 264 -3 2368 204366000 30 0
369.009 5  0 43818181 447812571 2572 659801 288 -28 2368 204366250 30 0
369.366 5  0 43818052 447812641 2859 659554 276 -32 2368 204366750 30 0
369.738 5  0 43818002 447812676 3026 659393 256 -6 2368 204367000 30 0
369.880 5  0 43817964 447812705 3077 659108 227 -18 2368 204367250 30 0
370.177 5  0 43817917 447812756 3125 659300 211 -18 2368 204367500 30 0
370.515 5  0 43817883 447812811 3175 659524 170 -18 2368 204367750 30 0
370.675 5  0 43817857 447812870 3368 659341 226 -29 2368 204368000 30 0
371.176 5  0 43817834 447812982 3491 658408 275 -51 2368 204368500 30 0
371.398 5  0 43817840 447813041 3548 658395 220 -33 2368 204368750 30 0
371.916 5  0 43817872 447813172 157 658410 238 -36 2368 204369250 30 0
372.672 5  0 43817966 447813362 376 658313 278 -34 2368 204370000 30 0
372.942 5  0 43818005 447813432 424 658506 261 -41 2368 204370250 30 0
373.187 5  0 43818060 447813486 470 658431 281 -34 2368 204370500 30 0
373.411 5  0 43818120 447813525 541 658359 282 -35 2368 204370750 30 0
373.674 5  0 43818184 447813548 624 658275 281 -26 2368 204371000 30 0
374.423 5  0 43818386 447813599 624 657801 260 -31 2368 204371750 30 0
374.608 5  0 43818450 447813618 624 657753 262 -31 2368 204372000 30 0
374.958 5  0 43818521 447813631 624 657806 298 -19 2368 204372250 30 0
375.179 5  0 43818590 447813649 624 657988 285 -14 2368 204372500 30 0
375.581 5  0 43818665 447813638 814 658052 313 -7 2368 204372750 30 0
375.913 5  0 43818808 447813634 945 658233 292 3 2368 204373250 30 0
376.217 5  0 43818877 447813627 976 658352 282 18 2368 204373500 30 0
376.604 5  0 43818997 447813603 1055 658478 248 6 2368 204374000 30 0
376.844 5  0 43819036 447813606 1055 658803 190 3 2368 204374250 30 0
377.111 5  0 43819065 447813569 1369 658735 174 7 2368 204374500 30 0
377.604 5  0 43819078 447813512 1614 658803 155 15 2368 204375000 30 0
378.454 5  0 43819063 447813425 1614 658913 147 41 2368 204375750 30 0
378.875 5  0 43819058 447813384 1614 659313 132 44 2368 204376250 30 0
380.187 5  0 43819009 447813254 1614 659878 148 41 2368 204377500 30 0
382.123 5  3 43818878 447812371 2339 648889 146 -11 2368 204379500 30 0
382.486 5  3 43818852 447812345 2339 648456 125 -21 2368 204379750 30 0
382.909 5  3 43818817 447812318 2317 648328 143 12 2368 204380250 30 0
383.389 5  3 43818802 447812292 2300 647576 70 -4 2368 204380750 30 0
383.582 5  3 43818797 447812273 2300 647325 15 -4 2368 204381000 30 0
384.107 5  3 43818793 447812249 2300 646900 25 -13 2368 204381500 30 0
384.587 5  3 43818792 447812247 2391 646597 71 -10 2368 204382000 30 0
384.867 5  3 43818784 447812245 2441 646470 59 -28 2368 204382250 30 0
385.191 5  3 43818777 447812252 2607 646444 93 -25 2368 204382500 30 0
385.370 5  3 43818759 447812252 2644 646356 105 -17 2368 204382750 30 0
385.572 5  3 43818744 447812254 2665 646245 104 -3 2368 204383000 30 0
385.819 5  3 43818728 447812268 2866 646023 141 -12 2368 204383250 30 0
386.094 5  3 43818714 447812282 2774 645839 125 12 2368 204383500 30 0
386.378 5  3 43818697 447812289 2734 645590 144 7 2368 204383750 30 0
386.864 5  3 43818666 447812291 2538 645226 136 30 2368 204384250 30 0
387.329 5  3 43818632 447812263 2322 644931 161 -10 2368 204384750 30 0
387.632 5  3 43818618 447812240 2224 644979 169 11 2368 204385000 30 0
387.799 5  3 43818607 447812208 2101 644951 177 17 2368 204385250 30 0
388.079 5  3 43818600 447812166 1953 645000 159 13 2368 204385500 30 0
388.294 5  3 43818601 447812129 1850 645360 157 17 2368 204385750 30 0
388.550 5  3 43818603 447812085 1778 645302 139 21 2368 204386000 30 0
388.825 5  3 43818614 447812045 1616 645334 171 2 2368 204386250 30 0
389.078 5  3 43818638 447812010 1517 645537 186 8 2368 204386500 30 0
389.301 5  3 43818673 447811982 1376 645665 192 10 2368 204386750 30 0
389.549 5  3 43818716 447811965 1263 645945 194 43 2368 204387000 30 0
390.015 5  3 43818765 447811953 1144 646130 207 32 2368 204387250 30 0
390.091 5  3 43818808 447811945 1075 646270 158 10 2368 204387500 30 0
390.314 5  3 43818849 447811945 941 646402 180 8 2368 204387750 30 0
390.555 5  3 43818888 447811956 770 646534 176 -1 2368 204388000 30 0
390.802 5  3 43818928 447811975 665 646582 199 14 2368 204388250 30 0
391.078 5  3 43818968 447811991 670 646424 167 -18 2368 204388500 30 0
391.394 5  3 43819003 447812013 581 646589 150 -9 2368 204388750 30 0
391.591 5  3 43819033 447812047 485 647013 185 16 2368 204389000 30 0
392.190 5  3 43819092 447812118 453 647637 219 21 2368 204389500 30 0
392.493 5  3 43819134 447812157 459 647742 192 32 2368 204389750 30 0
392.880 5  3 43819211 447812225 462 647707 159 13 2368 204390250 30 0
393.055 5  3 43819246 447812259 458 647743 189 8 2368 204390500 30 0
393.365 5  3 43819284 447812293 472 647764 174 11 2368 204390750 30 0
393.531 5  3 43819320 447812321 470 647635 184 1 2368 204391000 30 0
394.047 5  3 43819356 447812358 436 647598 182 -15 2368 204391250 30 0
394.552 5  3 43819477 447812457 497 647515 179 0 2368 204392000 30 0
395.359 5  3 43819590 447812541 525 647576 182 -16 2368 204392750 30 0
396.191 5  3 43819702 447812634 477 647920 170 0 2368 204393500 30 0
396.331 5  3 43819731 447812670 399 647971 183 13 2368 204393750 30 0
396.521 5  3 43819756 447812707 388 647980 156 -5 2368 204394000 30 0
397.754 5  3 43819893 447812902 371 648677 165 -11 2368 204395250 30 0
398.211 5  3 43819913 447812941 320 648899 176 -6 2368 204395500 30 0
398.336 5  3 43819928 447812978 286 648949 167 -11 2368 204395750 30 0
398.553 5  3 43819928 447812978 286 648949 167 -11 2368 204395750 30 0
399.095 5  3 43819972 447813180 265 651719 175 -4 2368 204396500 30 0
399.516 5  3 43819992 447813245 286 652504 193 -6 2368 204396750 30 0
399.840 5  3 43820036 447813357 310 653855 174 16 2368 204397250 30 0
400.336 5  3 43820084 447813454 354 654523 185 4 2368 204397750 30 0
400.584 5  3 43820084 447813454 354 654523 185 5 2368 204397750 30 0
401.567 5  3 43820184 447813638 312 655593 185 10 2368 204398750 30 0
401.878 5  3 43820190 447813734 56 655977 175 5 2368 204399250 30 0
402.352 5  3 43820149 447813824 3378 656299 186 5 2368 204399750 30 0
402.689 5  3 43820149 447813824 3378 656299 186 5 2368 204399750 30 0
403.065 5  3 43820021 447813881 2841 656631 183 7 2368 204400500 30 0
403.506 5  3 43819974 447813876 2672 656675 187 -9 2368 204400750 30 0
404.129 5  3 43819844 447813826 2431 656945 200 -6 2368 204401500 30 0
404.247 5  3 43819801 447813795 2351 657005 213 5 2368 204401750 30 0
404.593 5  3 43819801 447813795 2351 657005 213 5 2368 204401750 30 0
405.776 5  3 43819603 447813575 2185 657274 201 5 2368 204403250 30 0
406.349 5  3 43819539 447813501 2209 657318 188 -11 2368 204403750 30 0
406.518 5  3 43819539 447813501 2209 657318 188 -12 2368 204403750 30 0
406.825 5  3 43819474 447813422 2147 657390 255 4 2368 204404250 30 0
407.363 5  3 43819449 447813369 2075 657375 212 3 2368 204404500 30 0
407.586 5  3 43819443 447813318 1941 657404 205 6 2368 204404750 30 0
407.830 5  3 43819444 447813267 1866 657389 210 11 2368 204405000 30 0
408.125 5  3 43819442 447813213 1843 657472 214 8 2368 204405250 30 0
408.906 5  3 43819409 447813062 1930 657449 206 3 2368 204406000 30 0
410.108 5  3 43819276 447812841 2169 657244 199 -23 2368 204407250 30 0
410.292 5  3 43819242 447812806 2216 657254 181 -3 2368 204407500 30 0
410.569 5  3 43819207 447812773 2214 657239 200 1 2368 204407750 30 0
410.887 5  3 43819177 447812743 2227 657242 148 -6 2368 204408000 30 0
411.296 5  3 43819108 447812676 2230 657236 207 -13 2368 204408500 30 0
411.517 5  3 43819072 447812640 2229 657244 183 -6 2368 204408750 30 0
411.829 5  3 43819038 447812606 2234 657279 198 -3 2368 204409000 30 0
412.028 5  3 43819005 447812571 2230 657442 184 20 2368 204409250 30 0
412.269 5  3 43818968 447812537 2227 657406 205 10 2368 204409500 30 0
412.481 5  3 43818934 447812498 2195 657444 204 12 2368 204409750 30 0
412.726 5  3 43818898 447812459 2198 657418 209 1 2368 204410000 30 0
413.008 5  3 43818865 447812419 2200 657489 185 20 2368 204410250 30 0
413.245 5  3 43818833 447812382 2203 657519 191 8 2368 204410500 30 0
413.516 5  3 43818800 447812343 2190 657465 209 -6 2368 204410750 30 0
413.770 5  3 43818768 447812304 2203 657437 181 -8 2368 204411000 30 0
414.033 5  3 43818733 447812270 2224 657418 194 -9 2368 204411250 30 0
414.260 5  3 43818696 447812234 2221 657250 206 -27 2368 204411500 30 0
414.501 5  3 43818662 447812190 2175 657243 225 -23 2368 204411750 30 0
414.740 5  3 43818633 447812143 2168 657312 202 -1 2368 204412000 30 0
415.058 5  3 43818605 447812100 2156 657420 207 -2 2368 204412250 30 0
415.235 5  3 43818574 447812056 2157 657440 217 -3 2368 204412500 30 0
415.486 5  3 43818545 447812013 2145 657499 194 9 2368 204412750 30 0
416.089 5  3 43818496 447811930 2078 657529 199 2 2368 204413250 30 0
416.292 5  3 43818487 447811882 1999 657698 193 11 2368 204413500 30 0
416.482 5  3 43818481 447811833 1941 657797 220 24 2368 204413750 30 0
416.797 5  3 43818471 447811780 1963 657984 198 35 2368 204414000 30 0
417.248 5  3 43818430 447811698 2107 658169 169 26 2368 204414500 30 0
417.521 5  3 43818391 447811673 2291 658112 211 -4 2368 204414750 30 0
417.852 5  3 43818346 447811661 2407 658138 177 4 2368 204415000 30 0
417.993 5  3 43818304 447811660 2562 658231 173 14 2368 204415250 30 0
418.275 5  3 43818264 447811669 2725 658365 181 34 2368 204415500 30 0
418.732 5  3 43818207 447811718 3092 658655 145 50 2368 204416000 30 0
418.993 5  3 43818192 447811754 3316 658770 174 48 2368 204416250 30 0
419.220 5  3 43818185 447811792 3397 658798 136 31 2368 204416500 30 0
419.499 5  3 43818187 447811827 3596 658767 164 14 2368 204416750 30 0
419.739 5  3 43818202 447811865 122 658868 160 12 2368 204417000 30 0
419.975 5  3 43818225 447811896 266 658877 158 9 2368 204417250 30 0
420.241 5  3 43818254 447811918 395 658760 147 -23 2368 204417500 30 0
420.469 5  3 43818290 447811937 537 658711 181 -25 2368 204417750 30 0
420.737 5  3 43818332 447811947 668 658751 160 -30 2368 204418000 30 0
420.986 5  3 43818373 447811943 811 658904 149 -9 2368 204418250 30 0
421.233 5  3 43818408 447811926 1057 659010 158 6 2368 204418500 30 0
421.455 5  3 43818440 447811896 1222 659091 172 20 2368 204418750 30 0
421.769 5  3 43818470 447811863 1307 659152 165 9 2368 204419000 30 0
421.989 5  3 43818503 447811829 1256 659242 185 2 2368 204419250 30 0
422.240 5  3 43818547 447811802 1177 659414 178 22 2368 204419500 30 0
422.465 5  3 43818592 447811796 978 659478 188 20 2368 204419750 30 0
422.705 5  3 43818640 447811807 791 659709 191 35 2368 204420000 30 0
422.984 5  3 43818681 447811829 617 659999 188 27 2368 204420250 30 0
423.228 5  3 43818709 447811862 465 660120 158 50 2368 204420500 30 0
423.446 5  3 43818732 447811894 379 660361 162 43 2368 204420750 30 0
423.724 5  3 43818754 447811931 389 660286 170 12 2368 204421000 30 0
423.974 5  3 43818784 447811953 473 660410 139 21 2368 204421250 30 0
424.233 5  3 43818818 447811962 604 660623 150 6 2368 204421500 30 0
424.432 5  3 43818852 447811969 714 660660 151 -6 2368 204421750 30 0
424.743 5  3 43818893 447811962 883 660806 168 -11 2368 204422000 30 0
425.029 5  3 43818930 447811949 975 660785 156 -4 2368 204422250 30 0
425.227 5  3 43818965 447811927 1151 660895 160 4 2368 204422500 30 0
425.470 5  3 43818994 447811902 1260 660798 171 -2 2368 204422750 30 0
425.723 5  3 43819030 447811875 1214 660941 168 -10 2368 204423000 30 0
426.022 5  3 43819069 447811865 1039 660920 165 -5 2368 204423250 30 0
426.211 5  3 43819115 447811861 990 661081 185 -4 2368 204423500 30 0
426.459 5  3 43819162 447811851 991 661179 187 -3 2368 204423750 30 0
426.712 5  3 43819202 447811838 1066 661192 153 4 2368 204424000 30 0
427.035 5  3 43819232 447811809 1259 661282 150 -1 2368 204424250 30 0
427.239 5  3 43819261 447811777 1278 661226 197 10 2368 204424500 30 0
427.463 5  3 43819302 447811758 1152 661175 175 -6 2368 204424750 30 0
427.742 5  3 43819347 447811754 966 661232 177 0 2368 204425000 30 0
427.972 5  3 43819391 447811770 719 661181 213 7 2368 204425250 30 0
428.219 5  3 43819428 447811796 604 661145 167 -9 2368 204425500 30 0
428.576 5  3 43819453 447811828 447 661126 166 4 2368 204425750 30 0
429.313 5  3 43819457 447811926 3517 661254 147 8 2368 204426500 30 0
429.418 5  3 43819435 447811953 3314 661378 162 12 2368 204426750 30 0
429.757 5  3 43819404 447811978 3173 661365 146 13 2368 204427000 30 0
430.459 5  3 43819296 447811967 2548 661401 160 29 2368 204427750 30 0
430.749 5  3 43819264 447811948 2324 661263 171 2 2368 204428000 30 0
430.965 5  3 43819237 447811920 2282 661286 163 3 2368 204428250 30 0
431.271 5  3 43819209 447811894 2274 661274 152 5 2368 204428500 30 0
431.436 5  3 43819184 447811867 2206 661332 163 21 2368 204428750 30 0
432.277 5  3 43819100 447811783 2262 661521 141 20 2368 204429500 30 0
432.563 5  3 43819064 447811768 2350 661576 175 33 2368 204429750 30 0
433.176 5  3 43818957 447811769 2648 661415 171 11 2368 204430500 30 0
433.497 5  3 43818918 447811778 2724 661409 168 10 2368 204430750 30 0
433.692 5  3 43818877 447811796 2888 661352 185 10 2368 204431000 30 0
433.998 5  3 43818842 447811821 2972 661280 162 3 2368 204431250 30 0
434.677 5  3 43818789 447811930 3369 661108 150 -11 2368 204432000 30 0
434.947 5  3 43818786 447811967 3516 660898 160 -25 2368 204432250 30 0
435.157 5  3 43818793 447812004 28 660887 142 -35 2368 204432500 30 0
435.446 5  3 43818810 447812043 162 661006 184 15 2368 204432750 30 0
435.695 5  3 43818828 447812083 178 660967 184 3 2368 204433000 30 0
435.931 5  3 43818836 447812124 121 660892 175 4 2368 204433250 30 0
436.196 5  3 43818838 447812162 90 660842 173 2 2368 204433500 30 0
436.422 5  3 43818841 447812199 99 660686 161 -9 2368 204433750 30 0
436.767 5  3 43818851 447812235 185 660527 163 -24 2368 204434000 30 0
437.006 5  3 43818873 447812264 262 660409 165 -22 2368 204434250 30 0
437.256 5  3 43818901 447812286 370 660317 147 -35 2368 204434500 30 0
437.414 5  3 43818933 447812296 541 660349 159 -11 2368 204434750 30 0
437.744 5  3 43818969 447812297 723 660224 168 -23 2368 204435000 30 0
437.931 5  3 43819011 447812291 860 660413 180 2 2368 204435250 30 0
438.277 5  3 43819052 447812286 863 660479 172 21 2368 204435500 30 0
438.435 5  3 43819090 447812283 880 660378 168 -2 2368 204435750 30 0
438.692 5  3 43819132 447812278 919 660457 179 -3 2368 204436000 30 0
438.940 5  3 43819174 447812275 869 660414 180 -17 2368 204436250 30 0
439.163 5  3 43819221 447812279 850 660517 203 11 2368 204436500 30 0
439.398 5  3 43819268 447812278 887 660525 173 6 2368 204436750 30 0
439.675 5  3 43819310 447812273 913 660508 176 -16 2368 204437000 30 0
439.913 5  3 43819354 447812271 906 660566 180 -11 2368 204437250 30 0
440.155 5  3 43819398 447812268 905 660590 182 -8 2368 204437500 30 0
440.419 5  3 43819446 447812266 893 660643 206 -3 2368 204437750 30 0
440.695 5  3 43819492 447812265 900 660549 199 -1 2368 204438000 30 0
440.945 5  3 43819536 447812263 895 660440 175 -27 2368 204438250 30 0
441.178 5  3 43819580 447812261 911 660442 173 -32 2368 204438500 30 0
441.658 5  3 43819672 447812248 935 660341 173 -36 2368 204439000 30 0
441.932 5  3 43819718 447812242 919 660263 203 -23 2368 204439250 30 0
442.404 5  3 43819812 447812233 927 660044 184 -33 2368 204439750 30 0
442.684 5  3 43819856 447812230 910 659905 184 -38 2368 204440000 30 0
443.012 5  3 43819904 447812227 896 659898 195 -27 2368 204440250 30 0
443.242 5  3 43819952 447812233 804 659822 203 -20 2368 204440500 30 0
443.775 5  3 43820036 447812269 610 659808 189 -15 2368 204441000 30 0
443.951 5  3 43820072 447812302 507 659799 227 -15 2368 204441250 30 0
444.429 5  3 43820144 447812367 483 660082 202 -1 2368 204441750 30 0
444.772 5  3 43820173 447812397 448 660136 175 5 2368 204442000 30 0
445.426 5  3 43820194 447812506 93 660193 152 -3 2368 204442750 30 0
445.684 5  3 43820175 447812540 3528 660130 195 -7 2368 204443000 30 0
446.489 5  3 43820094 447812646 3228 660210 167 -8 2368 204443750 30 0
447.747 5  3 43819930 447812807 3140 660216 177 -14 2368 204445000 30 0
448.321 5  3 43819868 447812876 3145 660320 178 2 2368 204445500 30 0
448.362 5  3 43819834 447812908 3105 660372 183 1 2368 204445750 30 0
448.872 5  3 43819795 447812932 3079 660227 182 -16 2368 204446000 30 0
448.954 5  3 43819757 447812958 3077 660157 184 -30 2368 204446250 30 0
449.248 5  3 43819716 447812978 3036 659999 181 -25 2368 204446500 30 0
449.414 5  3 43819677 447813002 3036 659976 174 -25 2368 204446750 30 0
449.613 5  3 43819640 447813027 3047 659902 180 -15 2368 204447000 30 0
449.928 5  3 43819603 447813052 3035 659916 165 -24 2368 204447250 30 0
450.398 5  3 43819537 447813112 3182 659844 181 -18 2368 204447750 30 0
450.713 5  3 43819517 447813156 3342 659959 194 -14 2368 204448000 30 0
450.992 5  3 43819506 447813198 3434 659870 165 -19 2368 204448250 30 0
451.439 5  3 43819498 447813284 3568 659855 182 -19 2368 204448750 30 0
452.447 5  3 43819523 447813476 160 660125 187 -7 2368 204449750 30 0
453.308 5  3 43819569 447813609 191 660127 206 -7 2368 204450500 30 0
454.170 5  3 43819636 447813793 204 660267 196 10 2368 204451500 30 0
455.900 5  3 43819818 447814073 452 659894 200 -23 2368 204453250 30 0
457.901 5  3 43820140 447814338 552 660220 207 11 2368 204455250 30 0
458.173 5  3 43820184 447814366 561 660313 212 14 2368 204455500 30 0
458.486 5  3 43820230 447814395 578 660439 214 33 2368 204455750 30 0
459.001 5  3 43820318 447814456 561 660516 204 11 2368 204456250 30 0
459.226 5  3 43820358 447814490 538 660424 211 -6 2368 204456500 30 0
459.464 5  3 43820396 447814522 545 660294 189 -23 2368 204456750 30 0
460.175 5  3 43820522 447814604 557 660372 229 1 2368 204457500 30 0
461.109 5  3 43820694 447814719 579 660317 175 -16 2368 204458500 30 0
461.622 5  3 43820777 447814773 572 660362 199 -1 2368 204459000 30 0
461.921 5  3 43820819 447814801 571 660378 211 4 2368 204459250 30 0
463.862 5  3 43821183 447814856 841 660327 184 -12 2368 204461250 30 0
464.151 5  3 43821231 447814858 857 660382 188 -1 2368 204461500 30 0
464.483 5  3 43821276 447814859 878 660376 174 -11 2368 204461750 30 0
464.654 5  3 43821320 447814862 853 660324 185 -18 2368 204462000 30 0
464.855 5  3 43821367 447814860 898 660379 177 -8 2368 204462250 30 0
465.672 5  3 43821482 447814809 1201 660401 166 -5 2368 204463000 30 0
466.628 5  3 43821609 447814691 1378 660449 184 1 2368 204464000 30 0
467.657 5  3 43821665 447814527 1677 660355 159 -5 2368 204465000 30 0
467.886 5  3 43821670 447814486 1713 660438 166 3 2368 204465250 30 0
468.395 5  3 43821675 447814398 1758 660458 186 -8 2368 204465750 30 0
468.872 5  3 43821682 447814305 1760 660371 205 -3 2368 204466250 30 0
469.571 5  3 43821683 447814207 1783 660298 174 -21 2368 204466750 30 0
469.617 5  3 43821686 447814163 1750 660229 182 -21 2368 204467000 30 0
469.918 5  3 43821690 447814116 1759 660214 194 -12 2368 204467250 30 0
470.126 5  3 43821693 447814067 1778 660298 198 9 2368 204467500 30 0
470.648 5  3 43821693 447813965 1806 660351 208 -3 2368 204468000 30 0
470.952 5  3 43821693 447813914 1835 660401 194 2 2368 204468250 30 0
471.407 5  3 43821681 447813822 1874 660388 189 -12 2368 204468750 30 0
472.870 5  3 43821634 447813543 1933 660722 202 3 2368 204470250 30 0
473.365 5  3 43821611 447813442 1937 660767 200 -11 2368 204470750 30 0
473.583 5  3 43821603 447813394 1926 660848 184 -1 2368 204471000 30 0
474.693 5  3 43821556 447813211 2027 661020 192 2 2368 204472000 30 0
477.125 5  3 43821232 447812903 2375 661277 188 -7 2368 204474500 30 0
477.310 5  3 43821188 447812880 2382 661231 208 -18 2368 204474750 30 0
477.935 5  3 43821107 447812836 2400 661140 175 -19 2368 204475250 30 0
478.072 5  3 43821069 447812817 2437 661134 179 -26 2368 204475500 30 0
479.336 5  3 43820864 447812730 2470 661102 177 2 2368 204476750 30 0
480.132 5  3 43820744 447812673 2447 661029 204 -16 2368 204477500 30 0
480.826 5  3 43820620 447812621 2523 661266 173 19 2368 204478250 30 0
481.118 5  3 43820577 447812610 2524 661286 188 7 2368 204478500 30 0
481.915 5  3 43820440 447812581 2583 661118 190 -18 2368 204479250 30 0
482.123 5  3 43820396 447812572 2568 661178 194 -13 2368 204479500 30 0
482.350 5  3 43820354 447812561 2576 661210 178 -9 2368 204479750 30 0
483.425 5  3 43820179 447812530 2613 661234 176 -4 2368 204480750 30 0
483.567 5  3 43820179 447812530 2613 661234 176 -4 2368 204480750 30 0
483.854 5  3 43820098 447812517 2589 661328 185 -1 2368 204481250 30 0
485.314 5  3 43819864 447812478 2626 660992 199 -22 2368 204482500 30 0
486.045 5  3 43819688 447812489 2715 661123 191 -14 2368 204483500 30 0
487.079 5  3 43819560 447812512 2787 661058 199 -9 2368 204484250 30 0
487.303 5  3 43819513 447812519 2810 660902 184 -5 2368 204484500 30 0
489.035 5  3 43819258 447812592 3020 660218 179 18 2368 204486000 30 0
490.078 5  3 43819167 447812754 3481 659677 183 -7 2368 204487250 30 0
491.095 5  3 43819160 447812923 10 659052 185 -5 2368 204488250 30 0
491.309 5  3 43819162 447812961 15 658917 148 1 2368 204488500 30 0
491.531 5  3 43819169 447812998 94 658873 167 10 2368 204488750 30 0
491.763 5  3 43819182 447813036 165 658688 168 2 2368 204489000 30 0
493.491 5  3 43819283 447813327 180 658119 200 24 2368 204490750 30 0
496.776 5  3 43819463 447813900 212 657240 207 21 2368 204494000 30 0
498.259 5  3 43819559 447814186 200 656976 209 4 2368 204495500 30 0
500.008 5  3 43819915 447814461 667 656657 361 9 2368 204497250 30 0
500.635 5  3 43820073 447814526 661 656528 347 8 2368 204497750 30 0
500.774 5  3 43820147 447814564 641 656347 353 -6 2368 204498000 30 0
501.030 5  3 43820224 447814607 609 656325 359 -9 2368 204498250 30 0
501.841 5  3 43820443 447814746 565 656176 342 -7 2368 204499000 30 0
502.481 5  3 43820639 447814877 580 656055 310 -6 2368 204499750 30 0
503.006 5  3 43820773 447814941 635 656059 294 -5 2368 204500250 30 0
503.267 5  3 43820839 447814966 671 656075 282 7 2368 204500500 30 0
503.530 5  3 43820905 447814986 700 656085 282 3 2368 204500750 30 0
504.047 5  3 43821036 447815006 799 656119 237 -4 2368 204501250 30 0
504.525 5  3 43821157 447815003 887 656083 241 17 2368 204501750 30 0
600.467 5  0 43817385 447810776 2088 663785 12 1 2368 204597750 30 0
600.733 5  3 43817345 447810744 2088 660560 16 -3 2368 204598000 30 0
600.965 5  3 43817331 447810726 2088 658210 10 -7 2368 204598250 30 0
601.208 5  3 43817331 447810690 2088 657030 5 6 2368 204598500 30 0
601.469 5  3 43817341 447810660 2088 656383 10 -3 2368 204598750 30 0
601.717 5  3 43817357 447810635 2088 656015 8 -4 2368 204599000 30 0
601.977 5  3 43817358 447810624 2088 655357 4 -6 2368 204599250 30 0
602.176 5  3 43817349 447810624 2088 654704 10 -8 2368 204599500 30 0
602.488 5  3 43817329 447810614 2088 653948 7 -5 2368 204599750 30 0
602.685 5  3 43817326 447810619 2088 653591 3 -6 2368 204600000 30 0
602.973 5  3 43817318 447810603 2088 652944 14 2 2368 204600250 30 0
603.153 5  3 43817313 447810596 2088 652277 6 7 2368 204600500 30 0
603.469 5  3 43817296 447810586 2088 651425 5 -14 2368 204600750 30 0
604.467 5  3 43817191 447810514 2088 648285 6 -20 2368 204601750 30 0
604.670 5  3 43817170 447810500 2088 647703 12 -8 2368 204602000 30 0
604.939 5  3 43817148 447810480 2088 647128 7 -2 2368 204602250 30 0
605.244 5  3 43817132 447810471 3103 646681 27 -5 2368 204602500 30 0
605.394 5  3 43817116 447810458 3103 646087 11 6 2368 204602750 30 0
605.732 5  3 43817099 447810441 2566 645448 24 -11 2368 204603000 30 0
605.980 5  3 43817083 447810425 2566 644956 11 6 2368 204603250 30 0
606.134 5  3 43817068 447810410 2566 644461 11 10 2368 204603500 30 0
606.404 5  3 43817052 447810396 2566 643950 8 -1 2368 204603750 30 0
606.665 5  3 43817039 447810385 2566 643552 12 11 2368 204604000 30 0
606.970 5  3 43817026 447810376 2566 643135 13 1 2368 204604250 30 0
607.121 5  3 43817016 447810367 2566 642890 4 14 2368 204604500 30 0
607.482 5  3 43817003 447810354 2566 642484 19 19 2368 204604750 30 0
607.680 5  3 43816990 447810342 2566 642018 19 -13 2368 204605000 30 0
607.973 5  3 43816981 447810336 2566 641632 5 -16 2368 204605250 30 0
608.138 5  3 43816974 447810333 2566 641369 12 2 2368 204605500 30 0
608.386 5  3 43816964 447810331 2566 641064 17 2 2368 204605750 30 0
608.636 5  3 43816955 447810324 2566 640837 14 3 2368 204606000 30 0
608.980 5  3 43816950 447810320 2566 640634 3 8 2368 204606250 30 0
609.129 5  3 43816944 447810316 2566 640385 8 2 2368 204606500 30 0
609.381 5  3 43816937 447810312 2566 640087 6 -8 2368 204606750 30 0
609.725 5  3 43816933 447810310 2566 639921 10 3 2368 204607000 30 0
609.959 5  3 43816928 447810305 2566 639674 1 -7 2368 204607250 30 0
610.196 5  3 43816926 447810302 2566 639522 12 -6 2368 204607500 30 0
610.396 5  3 43816924 447810300 2566 639400 7 4 2368 204607750 30 0
610.717 5  3 43816919 447810295 2566 639099 12 -19 2368 204608000 30 0
610.912 5  3 43816916 447810291 2566 638958 12 -10 2368 204608250 30 0
611.164 5  3 43816912 447810290 2566 638801 5 -2 2368 204608500 30 0
611.380 5  3 43816911 447810287 2566 638706 2 8 2368 204608750 30 0
611.615 5  3 43816912 447810281 1704 638603 33 10 2368 204609000 30 0
611.962 5  3 43816916 447810276 1704 638565 16 13 2368 204609250 30 0
612.221 5  3 43816916 447810273 1704 638463 18 11 2368 204609500 30 0
612.662 5  3 43816915 447810267 1704 638342 5 5 2368 204610000 30 0
612.905 5  3 43816913 447810266 1704 638186 16 13 2368 204610250 30 0
613.143 5  3 43816911 447810265 1704 638097 5 8 2368 204610500 30 0
613.376 5  3 43816909 447810264 1704 638023 2 9 2368 204610750 30 0
613.672 5  3 43816906 447810263 1704 637884 6 4 2368 204611000 30 0
613.915 5  3 43816905 447810262 1704 637846 13 9 2368 204611250 30 0
614.117 5  3 43816912 447810290 1704 638619 11 0 2368 204611500 30 0
614.375 5  3 43816922 447810319 1704 639361 18 0 2368 204611750 30 0
614.648 5  3 43816934 447810345 1704 640201 14 9 2368 204612000 30 0
614.913 5  3 43816945 447810367 1704 640915 11 14 2368 204612250 30 0
615.254 5  3 43816957 447810391 1704 641613 5 11 2368 204612500 30 0
615.367 5  3 43816969 447810413 1704 642267 5 11 2368 204612750 30 0
615.681 5  3 43816974 447810429 1704 642665 5 3 2368 204613000 30 0
615.897 5  3 43816981 447810444 1704 643234 9 16 2368 204613250 30 0
616.117 5  3 43816984 447810457 1704 643652 6 15 2368 204613500 30 0
616.359 5  3 43816990 447810472 1704 644057 8 0 2368 204613750 30 0
616.590 5  3 43816999 447810486 1704 644451 13 1 2368 204614000 30 0
616.971 5  3 43817007 447810497 1704 644819 2 4 2368 204614250 30 0
617.179 5  3 43817012 447810507 1704 645082 5 2 2368 204614500 30 0
617.407 5  3 43817010 447810505 1704 644907 6 -1 2368 204614750 30 0
617.646 5  3 43817006 447810503 1704 644702 11 -12 2368 204615000 30 0
617.970 5  3 43817001 447810500 1704 644538 8 -10 2368 204615250 30 0
618.098 5  3 43817000 447810499 1704 644406 8 -16 2368 204615500 30 0
618.365 5  3 43816997 447810498 1704 644274 14 -14 2368 204615750 30 0
618.677 5  3 43816995 447810497 1704 644150 17 -15 2368 204616000 30 0
618.994 5  3 43816992 447810494 1704 644029 10 -10 2368 204616250 30 0
619.144 5  3 43816990 447810492 1704 643872 7 -6 2368 204616500 30 0
619.365 5  3 43816988 447810488 1704 643737 6 -11 2368 204616750 30 0
619.698 5  3 43816984 447810484 1704 643586 10 -10 2368 204617000 30 0
619.996 5  3 43816981 447810481 1704 643418 8 -13 2368 204617250 30 0
620.116 5  3 43816981 447810477 1704 643346 1 0 2368 204617500 30 0
620.356 5  3 43816979 447810475 1704 643220 13 -9 2368 204617750 30 0
620.654 5  3 43816978 447810474 1704 643086 4 -4 2368 204618000 30 0
620.889 5  3 43816977 447810471 1704 643013 4 -3 2368 204618250 30 0
621.133 5  3 43816977 447810466 1704 642899 12 -11 2368 204618500 30 0
621.331 5  3 43816976 447810463 1704 642795 3 -9 2368 204618750 30 0
621.602 5  3 43816977 447810462 1704 642781 4 -3 2368 204619000 30 0
621.869 5  3 43816977 447810460 1704 642739 9 0 2368 204619250 30 0
622.146 5  3 43816977 447810457 1704 642730 3 4 2368 204619500 30 0
622.358 5  3 43816978 447810457 1704 642767 6 8 2368 204619750 30 0
622.574 5  3 43816981 447810457 1704 642849 3 10 2368 204620000 30 0
622.873 5  3 43816982 447810458 1704 642914 5 12 2368 204620250 30 0
623.176 5  3 43816983 447810458 1704 642891 8 11 2368 204620500 30 0
623.352 5  3 43816984 447810456 1704 642844 8 10 2368 204620750 30 0
623.678 5  3 43816986 447810453 1704 642802 12 14 2368 204621000 30 0
623.860 5  3 43816989 447810451 1704 642846 13 9 2368 204621250 30 0
624.152 5  3 43816994 447810449 1704 642952 13 31 2368 204621500 30 0
624.374 5  3 43816992 447810447 1704 642912 9 21 2368 204621750 30 0
624.651 5  3 43816992 447810446 1704 642892 9 2 2368 204622000 30 0
624.983 5  3 43816996 447810447 1704 642989 5 11 2368 204622250 30 0
625.137 5  3 43816997 447810448 1704 642991 2 10 2368 204622500 30 0
625.374 5  3 43816997 447810448 1704 642998 3 6 2368 204622750 30 0
625.633 5  3 43816999 447810449 1704 643004 5 -1 2368 204623000 30 0
625.935 5  3 43817000 447810452 1704 643046 11 2 2368 204623250 30 0
626.200 5  3 43817001 447810452 1704 643048 10 3 2368 204623500 30 0
626.391 5  3 43817002 447810452 1704 643105 3 2 2368 204623750 30 0
626.646 5  3 43817003 447810452 1704 643110 9 0 2368 204624000 30 0
626.918 5  3 43817005 447810452 1704 643175 2 0 2368 204624250 30 0
627.163 5  3 43817008 447810450 1704 643214 9 6 2368 204624500 30 0
627.427 5  3 43817011 447810452 1704 643304 7 13 2368 204624750 30 0
627.594 5  3 43817015 447810454 1704 643381 9 11 2368 204625000 30 0
628.002 5  3 43817019 447810456 1704 643474 6 9 2368 204625250 30 0
628.111 5  3 43817021 447810456 1704 643537 9 10 2368 204625500 30 0
628.370 5  3 43817025 447810458 1704 643704 9 12 2368 204625750 30 0
628.623 5  3 43817029 447810460 1704 643800 10 1 2368 204626000 30 0
628.895 5  3 43817031 447810461 1704 643926 8 4 2368 204626250 30 0
629.138 5  3 43817033 447810461 1704 644072 8 16 2368 204626500 30 0
629.336 5  3 43817033 447810461 1704 644158 12 9 2368 204626750 30 0
629.613 5  3 43817035 447810460 1704 644281 12 11 2368 204627000 30 0
629.873 5  3 43817036 447810459 1704 644380 6 10 2368 204627250 30 0
630.131 5  3 43817037 447810457 1704 644458 10 15 2368 204627500 30 0
630.389 5  3 43817042 447810454 1412 644563 22 19 2368 204627750 30 0
630.562 5  3 43817056 447810457 827 644658 73 12 2368 204628000 30 0
630.895 5  3 43817076 447810464 728 644714 71 1 2368 204628250 30 0
631.068 5  3 43817084 447810474 728 644767 24 17 2368 204628500 30 0
631.423 5  3 43817084 447810485 270 644935 78 15 2368 204628750 30 0
631.589 5  3 43817083 447810498 270 645094 21 32 2368 204629000 30 0
631.927 5  3 43817085 447810502 270 645277 16 52 2368 204629250 30 0
632.091 5  3 43817086 447810510 252 645478 33 43 2368 204629500 30 0
632.351 5  3 43817096 447810524 351 645717 73 45 2368 204629750 30 0
632.714 5  3 43817108 447810542 342 645681 74 -13 2368 204630000 30 0
632.890 5  3 43817120 447810555 342 645719 36 5 2368 204630250 30 0
633.060 5  3 43817128 447810557 342 645746 17 10 2368 204630500 30 0
633.317 5  3 43817135 447810559 342 645867 19 4 2368 204630750 30 0
633.611 5  3 43817139 447810558 342 645994 26 15 2368 204631000 30 0
633.894 5  3 43817139 447810552 342 646049 11 8 2368 204631250 30 0
634.385 5  3 43817154 447810569 298 646461 50 20 2368 204631750 30 0
634.615 5  3 43817159 447810580 298 646651 19 21 2368 204632000 30 0
634.987 5  3 43817159 447810582 298 646753 5 12 2368 204632250 30 0
635.049 5  3 43817160 447810579 298 646889 5 27 2368 204632500 30 0
635.319 5  3 43817162 447810579 298 646977 5 18 2368 204632750 30 0
635.596 5  3 43817166 447810581 298 647153 3 8 2368 204633000 30 0
635.942 5  3 43817167 447810580 298 647146 1 10 2368 204633250 30 0
636.114 5  3 43817168 447810580 298 647208 19 7 2368 204633500 30 0
636.379 5  3 43817167 447810578 298 647170 6 -10 2368 204633750 30 0
636.631 5  3 43817167 447810579 298 647175 1 -5 2368 204634000 30 0
636.902 5  3 43817169 447810578 298 647199 10 -15 2368 204634250 30 0
637.070 5  3 43817170 447810575 298 647223 13 -14 2368 204634500 30 0
637.323 5  3 43817171 447810573 298 647284 1 -9 2368 204634750 30 0
637.600 5  3 43817173 447810571 298 647296 3 -10 2368 204635000 30 0
637.870 5  3 43817174 447810570 298 647310 7 -1 2368 204635250 30 0
638.125 5  3 43817174 447810569 298 647320 7 3 2368 204635500 30 0
638.400 5  3 43817173 447810567 298 647359 5 8 2368 204635750 30 0
638.561 5  3 43817173 447810567 298 647363 7 -2 2368 204636000 30 0
638.913 5  3 43817172 447810568 298 647358 10 -3 2368 204636250 30 0
639.163 5  3 43817170 447810569 298 647411 14 1 2368 204636500 30 0
639.338 5  3 43817170 447810572 298 647466 9 1 2368 204636750 30 0
639.626 5  3 43817169 447810572 298 647489 3 -1 2368 204637000 30 0
639.895 5  3 43817170 447810573 298 647560 10 16 2368 204637250 30 0
640.072 5  3 43817172 447810575 323 647583 21 9 2368 204637500 30 0
640.374 5  3 43817177 447810582 369 647607 59 9 2368 204637750 30 0
640.626 5  3 43817177 447810582 369 647607 59 9 2368 204637750 30 0
640.928 5  3 43817204 447810608 472 647642 76 2 2368 204638250 30 0
641.399 5  3 43817254 447810638 561 647736 139 -8 2368 204638750 30 0
641.573 5  3 43817254 447810638 561 647736 139 -8 2368 204638750 30 0
641.867 5  3 43817318 447810671 632 647827 157 2 2368 204639250 30 0
642.088 5  3 43817352 447810686 655 647849 142 -7 2368 204639500 30 0
642.306 5  3 43817388 447810704 616 647928 168 6 2368 204639750 30 0
642.588 5  3 43817388 447810704 616 647928 168 6 2368 204639750 30 0
642.923 5  3 43817467 447810744 621 648192 196 20 2368 204640250 30 0
643.094 5  3 43817509 447810765 643 648262 176 12 2368 204640500 30 0
643.360 5  3 43817552 447810786 648 648306 198 -8 2368 204640750 30 0
643.617 5  3 43817552 447810786 648 648306 198 -9 2368 204640750 30 0
643.868 5  3 43817642 447810830 635 648476 198 -2 2368 204641250 30 0
644.036 5  3 43817688 447810854 648 648503 201 -10 2368 204641500 30 0
644.296 5  3 43817736 447810874 662 648592 193 7 2368 204641750 30 0
644.581 5  3 43817736 447810874 662 648592 193 8 2368 204641750 30 0
644.846 5  3 43817828 447810921 653 648704 200 -3 2368 204642250 30 0
645.117 5  3 43817879 447810944 653 648834 223 0 2368 204642500 30 0
645.379 5  3 43817937 447810970 659 648989 243 6 2368 204642750 30 0
645.549 5  3 43817937 447810970 659 648989 243 7 2368 204642750 30 0
645.883 5  3 43818056 447811021 654 649284 265 10 2368 204643250 30 0
646.156 5  3 43818118 447811054 622 649343 278 13 2368 204643500 30 0
646.377 5  3 43818183 447811085 631 649378 284 1 2368 204643750 30 0
647.374 5  3 43818440 447811201 653 649721 283 -11 2368 204644750 30 0
648.263 5  3 43818719 447811331 660 650114 298 2 2368 204645750 30 0
648.880 5  3 43818859 447811391 668 650196 297 -16 2368 204646250 30 0
649.168 5  3 43818931 447811419 668 650339 309 8 2368 204646500 30 0
649.579 5  3 43819002 447811448 679 650425 296 1 2368 204646750 30 0
649.877 5  3 43819144 447811500 682 650654 296 7 2368 204647250 30 0
651.124 5  3 43819361 447811678 303 651161 276 18 2368 204648250 30 0
651.842 5  3 43819309 447811856 3405 651523 253 18 2368 204649000 30 0
653.720 5  3 43819099 447812299 3315 651931 295 6 2368 204650750 30 0
654.560 5  3 43818995 447812562 3373 652074 282 23 2368 204651750 30 0
654.836 5  3 43818976 447812632 3416 652023 282 -3 2368 204652000 30 0
655.862 5  3 43818914 447812918 3442 652058 299 4 2368 204653000 30 0
656.090 5  3 43818898 447812989 3430 652106 289 11 2368 204653250 30 0
657.078 5  3 43818910 447813293 85 652229 295 12 2368 204654250 30 0
657.291 5  3 43818939 447813362 196 652229 299 17 2368 204654500 30 0
657.543 5  3 43818985 447813420 322 652290 291 11 2368 204654750 30 0
659.268 5  3 43819381 447813671 452 652241 272 10 2368 204656500 30 0
660.161 5  3 43819572 447813723 830 652070 279 8 2368 204657250 30 0
660.557 5  3 43819708 447813758 672 652047 283 -6 2368 204657750 30 0
661.149 5  3 43819801 447813860 430 652039 273 16 2368 204658250 30 0
662.041 5  3 43820033 447813951 819 651838 259 -15 2368 204659250 30 0
662.558 5  3 43820157 447813982 672 651899 251 -2 2368 204659750 30 0
663.258 5  3 43820275 447814128 440 651907 266 -23 2368 204660500 30 0
664.052 5  3 43820451 447814167 862 651959 235 -11 2368 204661250 30 0
664.338 5  3 43820514 447814156 933 651981 258 -22 2368 204661500 30 0
666.118 5  3 43820915 447814244 943 651993 234 -2 2368 204663250 30 0
668.112 5  3 43821473 447814237 946 652438 299 -9 2368 204665250 30 0
669.047 5  3 43821755 447814190 1006 652440 282 -17 2368 204666250 30 0
669.304 5  3 43821822 447814179 984 652441 271 -18 2368 204666500 30 0
669.838 5  3 43821950 447814206 736 652413 253 4 2368 204667000 30 0
670.272 5  3 43822018 447814303 338 652393 244 5 2368 204667500 30 0
670.792 5  3 43822010 447814422 3582 652347 244 -9 2368 204668000 30 0
671.033 5  3 43821982 447814475 3403 652369 242 -8 2368 204668250 30 0
671.204 5  3 43821939 447814513 3220 652394 248 -14 2368 204668500 30 0
671.771 5  3 43821824 447814542 2836 652313 237 -13 2368 204669000 30 0
672.433 5  3 43821721 447814504 2455 652371 241 2 2368 204669500 30 0
673.258 5  3 43821661 447814286 1878 652455 254 -6 2368 204670500 30 0
673.822 5  3 43821639 447814171 1971 652576 241 11 2368 204671000 30 0
674.046 5  3 43821610 447814121 2074 652596 249 7 2368 204671250 30 0
674.527 5  3 43821519 447814041 2284 652720 252 -3 2368 204671750 30 0
674.888 5  3 43821466 447814009 2343 652748 279 -5 2368 204672000 30 0
675.281 5  3 43821372 447813921 2215 652924 269 -3 2368 204672500 30 0
675.828 5  3 43821332 447813801 2018 653068 263 11 2368 204673000 30 0
676.112 5  3 43821307 447813741 2059 653095 281 0 2368 204673250 30 0
676.407 5  3 43821270 447813687 2144 653154 276 -6 2368 204673500 30 0
676.485 5  3 43821223 447813644 2227 653183 270 -5 2368 204673750 30 0
677.031 5  3 43821107 447813575 2368 653313 294 -4 2368 204674250 30 0
677.404 5  3 43821045 447813545 2396 653392 281 -2 2368 204674500 30 0
677.980 5  3 43820862 447813463 2449 653446 282 -13 2368 204675250 30 0
678.565 5  3 43820730 447813428 2542 653391 286 -15 2368 204675750 30 0
679.792 5  3 43820386 447813466 2819 653409 289 8 2368 204677000 30 0
680.493 5  3 43820210 447813579 3041 653414 278 0 2368 204677750 30 0
681.268 5  3 43820090 447813745 3254 653450 286 5 2368 204678500 30 0
682.721 5  3 43819906 447814145 3338 653519 317 -12 2368 204680000 30 0
683.999 5  3 43819969 447814467 349 653478 252 -13 2368 204681250 30 0
684.774 5  3 43820165 447814493 896 653623 273 6 2368 204682000 30 0
685.790 5  3 43820419 447814515 616 653693 248 6 2368 204683000 30 0
685.964 5  3 43820467 447814557 561 653659 246 -4 2368 204683250 30 0
686.777 5  3 43820643 447814587 915 653526 235 -14 2368 204684000 30 0
687.294 5  3 43820764 447814565 971 653444 265 -19 2368 204684500 30 0
687.743 5  3 43820895 447814592 765 653508 261 -8 2368 204685000 30 0
689.693 5  3 43821434 447814540 1194 653205 336 -23 2368 204687000 30 0
690.112 5  3 43821501 447814488 1267 653144 332 -21 2368 204687250 30 0
692.050 5  3 43821495 447813905 2193 652691 352 -5 2368 204689250 30 0
693.065 5  3 43821228 447813684 2190 652510 363 -10 2368 204690250 30 0
693.454 5  3 43821139 447813536 2170 652449 352 7 2368 204690750 30 0
694.179 5  3 43820924 447813416 2475 652383 365 -2 2368 204691500 30 0
695.015 5  3 43820646 447813354 2559 652417 414 -11 2368 204692250 30 0
695.493 5  3 43820452 447813314 2574 652507 405 3 2368 204692750 30 0
695.744 5  3 43820356 447813291 2562 652562 405 -2 2368 204693000 30 0
695.960 5  3 43820260 447813270 2568 652578 396 7 2368 204693250 30 0
696.276 5  3 43820166 447813267 2662 652559 382 0 2368 204693500 30 0
696.608 5  3 43820082 447813295 2788 652503 344 1 2368 204693750 30 0
697.752 5  3 43819943 447813678 43 652435 357 -2 2368 204695000 30 0
698.238 5  3 43820039 447813830 328 652474 357 -17 2368 204695500 30 0
698.683 5  3 43820202 447813909 632 652457 370 -6 2368 204696000 30 0
699.408 5  3 43820495 447813951 784 652402 401 -1 2368 204696750 30 0
700.193 5  3 43820775 447814078 609 652430 412 1 2368 204697500 30 0
700.611 5  3 43820858 447814139 548 652438 400 -7 2368 204697750 30 0
701.212 5  3 43821084 447814321 542 652535 365 -7 2368 204698500 30 0
701.571 5  3 43821164 447814368 576 652550 371 -4 2368 204698750 30 0
702.220 5  3 43821424 447814458 744 652633 348 4 2368 204699500 30 0
702.946 5  3 43821689 447814453 952 652693 348 4 2368 204700250 30 0
703.170 5  3 43821775 447814430 1014 652730 359 5 2368 204700500 30 0
703.652 5  3 43821934 447814352 1164 652833 333 9 2368 204701000 30 0
704.430 5  3 43822107 447814159 1440 652781 349 -2 2368 204701750 30 0
706.532 5  3 43822062 447813474 1990 652666 372 -6 2368 204703750 30 0
706.701 5  3 43822018 447813389 2057 652690 383 3 2368 204704000 30 0
707.142 5  3 43821896 447813232 2192 652728 413 1 2368 204704500 30 0
707.440 5  3 43821821 447813163 2242 652789 406 7 2368 204704750 30 0
708.091 5  3 43821654 447813040 2333 652847 428 4 2368 204705250 30 0
709.109 5  3 43821280 447812849 2456 653100 423 10 2368 204706250 30 0
712.517 5  3 43819972 447812294 2477 652823 405 7 2368 204709750 30 0
713.031 5  3 43819790 447812223 2473 652798 405 9 2368 204710250 30 0
713.713 5  3 43819513 447812162 2650 652747 366 16 2368 204711000 30 0
713.891 5  3 43819429 447812187 2791 652702 357 1 2368 204711250 30 0
714.148 5  3 43819353 447812232 2918 652743 351 17 2368 204711500 30 0
714.899 5  3 43819176 447812424 3227 652656 361 0 2368 204712250 30 0
715.703 5  3 43819111 447812681 3501 652672 348 -23 2368 204713000 30 0
715.962 5  3 43819113 447812769 3576 652620 361 -17 2368 204713250 30 0
716.409 5  3 43819147 447812943 105 652604 354 -11 2368 204713750 30 0
716.682 5  3 43819178 447813028 171 652552 366 -19 2368 204714000 30 0
717.131 5  3 43819263 447813197 257 652550 388 0 2368 204714500 30 0
718.690 5  3 43819604 447813636 506 652411 370 -13 2368 204716000 30 0
719.671 5  3 43819935 447813815 619 652438 378 4 2368 204717000 30 0
719.878 5  3 43820019 447813858 631 652518 381 13 2368 204717250 30 0
720.397 5  3 43820190 447813942 638 652579 390 0 2368 204717750 30 0
720.888 5  3 43820363 447814023 644 652539 386 -4 2368 204718250 30 0
721.386 5  3 43820539 447814103 649 652600 394 3 2368 204718750 30 0
721.660 5  3 43820628 447814143 655 652596 386 -6 2368 204719000 30 0
722.054 5  3 43820807 447814224 648 652588 375 -11 2368 204719500 30 0
722.374 5  3 43820893 447814267 635 652625 393 -1 2368 204719750 30 0
722.660 5  3 43820893 447814267 635 652625 393 -1 2368 204719750 30 0
722.897 5  3 43821064 447814352 631 652660 373 -2 2368 204720250 30 0
725.301 5  3 43821921 447814659 995 653021 341 19 2368 204722750 30 0
731.363 5  3 43821091 447813165 2226 653123 384 -19 2368 204728500 30 0
731.907 5  3 43820969 447813013 2189 653164 404 -10 2368 204729000 30 0
732.663 5  3 43820763 447812811 2292 653233 378 5 2368 204729750 30 0
732.926 5  3 43820683 447812762 2359 653299 374 11 2368 204730000 30 0
733.489 5  3 43820510 447812694 2482 653382 374 18 2368 204730500 30 0
734.651 5  3 43820098 447812665 2834 653521 220 -10 2368 204731750 30 0
736.142 5  3 43820058 447812690 2559 652740 61 -58 2368 204733250 30 0
737.400 5  3 43820056 447812684 2559 652609 50 -41 2368 204734500 30 0
737.978 5  3 43820075 447812689 2559 652523 77 10 2368 204735000 30 0
738.141 5  3 43820096 447812701 3463 652466 85 -1 2368 204735250 30 0
738.292 5  3 43820114 447812708 3463 652392 65 -20 2368 204735500 30 0
739.559 5  3 43820106 447812665 230 652931 31 54 2368 204736750 30 0
742.305 5  3 43820024 447812521 230 654059 12 95 2368 204739500 30 0
742.923 5  3 43820010 447812493 230 654600 7 118 2368 204740000 30 0
744.927 5  3 43819876 447812384 230 656166 44 111 2368 204742000 30 0
748.295 5  3 43819813 447812252 3100 656036 39 80 2368 204745500 30 0
748.549 5  3 43819805 447812243 3100 655872 53 72 2368 204745750 30 0
749.649 5  3 43819764 447812209 3100 655034 76 58 2368 204746750 30 0
749.903 5  3 43819769 447812212 3100 654777 36 32 2368 204747000 30 0
750.287 5  3 43819776 447812189 3100 654409 44 30 2368 204747500 30 0
751.162 5  3 43819788 447812168 3100 654317 10 71 2368 204748250 30 0
751.505 5  3 43819786 447812151 3100 654189 70 12 2368 204748500 30 0
751.902 5  3 43819775 447812140 3100 653387 23 0 2368 204749000 30 0
753.285 5  3 43819746 447812113 3100 652888 15 40 2368 204750500 30 0
753.809 5  3 43819773 447812117 3100 653488 62 75 2368 204751000 30 0
755.007 5  3 43819813 447812054 3100 654460 73 78 2368 204752250 30 0
755.269 5  3 43819835 447812068 3100 654406 88 105 2368 204752500 30 0
755.998 5  3 43819878 447812103 3100 653710 27 98 2368 204753250 30 0
756.991 5  3 43819890 447812175 3100 652221 18 46 2368 204754250 30 0
759.565 5  3 43819960 447812335 3 650720 18 -25 2368 204756750 30 0
760.251 5  3 43819970 447812360 3 651243 8 1 2368 204757500 30 0
763.780 5  3 43820094 447812542 398 654303 22 5 2368 204761000 30 0
764.516 5  3 43820099 447812569 243 654739 34 -13 2368 204761750 30 0
765.235 5  3 43820097 447812584 298 655035 19 6 2368 204762500 30 0
766.048 5  3 43820104 447812602 477 655324 10 1 2368 204763250 30 0
766.249 5  3 43820107 447812608 501 655448 31 11 2368 204763500 30 0
767.483 5  3 43820115 447812633 501 656109 3 17 2368 204764750 30 0
767.723 5  3 43820114 447812637 501 656199 10 10 2368 204765000 30 0
767.937 5  3 43820112 447812642 501 656298 6 5 2368 204765250 30 0
769.479 5  3 43820104 447812663 501 656871 13 19 2368 204766750 30 0
770.186 5  3 43820099 447812667 501 656966 6 5 2368 204767500 30 0
770.477 5  3 43820097 447812667 501 657001 4 8 2368 204767750 30 0
770.987 5  3 43820093 447812672 501 656967 10 -1 2368 204768250 30 0
772.202 5  3 43820073 447812675 501 656781 4 1 2368 204769500 30 0
772.444 5  3 43820071 447812678 484 656765 12 11 2368 204769750 30 0
773.501 5  3 43820063 447812682 484 656614 4 -2 2368 204770750 30 0
773.663 5  3 43820060 447812684 484 656589 9 6 2368 204771000 30 0
777.463 5  3 43820023 447812696 3315 656148 4 1 2368 204774750 30 0
777.965 5  3 43820021 447812695 3315 656050 7 0 2368 204775250 30 0
778.191 5  3 43820020 447812695 3315 656033 10 -5 2368 204775500 30 0
778.460 5  3 43820021 447812695 3315 655973 6 -8 2368 204775750 30 0
778.760 5  3 43820021 447812696 3315 655943 6 -5 2368 204776000 30 0
779.200 5  3 43820020 447812700 174 655861 6 3 2368 204776500 30 0
779.954 5  3 43820012 447812699 174 655776 1 0 2368 204777250 30 0
780.678 5  3 43820007 447812697 174 655693 12 5 2368 204778000 30 0
781.198 5  3 43820004 447812697 174 655620 5 2 2368 204778500 30 0
783.736 5  3 43819992 447812697 174 655283 2 -1 2368 204781000 30 0
784.460 5  3 43819989 447812696 174 655210 3 5 2368 204781750 30 0
785.497 5  3 43819985 447812694 174 655155 8 -1 2368 204782750 30 0
787.414 5  3 43819983 447812693 2974 655094 5 -3 2368 204784750 30 0
789.945 5  3 43819978 447812699 3378 654898 6 -5 2368 204787250 30 0
790.469 5  3 43819978 447812699 3378 654875 2 2 2368 204787750 30 0
793.482 5  3 43819967 447812702 2660 654641 5 5 2368 204790750 30 0
793.749 5  3 43819967 447812705 3562 654629 20 2 2368 204791000 30 0
794.207 5  3 43819981 447812720 447 654624 44 3 2368 204791500 30 0
795.258 5  3 43820031 447812733 1006 654610 63 7 2368 204792500 30 0
795.422 5  3 43820044 447812727 1080 654584 61 0 2368 204792750 30 0
797.902 5  3 43820077 447812658 2021 654555 40 14 2368 204795250 30 0
798.942 5  3 43820080 447812422 1749 654303 327 -21 2368 204796250 30 0
799.115 5  3 43820094 447812339 1718 654272 357 -26 2368 204796500 30 0
799.455 5  3 43820115 447812251 1678 654227 370 -20 2368 204796750 30 0
799.886 5  3 43820173 447812077 1624 654230 376 -20 2368 204797250 30 0
800.843 5  3 43820334 447811737 1523 654165 374 -9 2368 204798250 30 0
801.434 5  3 43820431 447811590 1478 654157 321 -1 2368 204798750 30 0
802.192 5  3 43820589 447811483 1159 654099 222 -4 2368 204799500 30 0
803.193 5  3 43820666 447811569 312 654186 74 9 2368 204800500 30 0
803.846 5  3 43820684 447811616 168 654296 98 17 2368 204801250 30 0
804.130 5  3 43820693 447811639 168 654404 100 27 2368 204801500 30 0
806.695 5  3 43820715 447811985 3571 654344 218 9 2368 204803750 30 0
807.143 5  3 43820705 447812161 3544 654502 242 12 2368 204804500 30 0
809.544 5  3 43820671 447812693 3564 654695 225 13 2368 204806750 30 0
809.904 5  3 43820674 447812749 3585 654727 229 20 2368 204807000 30 0
810.428 5  3 43820686 447812859 30 654833 229 12 2368 204807500 30 0
810.855 5  3 43820702 447812964 62 654892 218 8 2368 204808000 30 0
811.420 5  3 43820717 447813055 62 654927 152 5 2368 204808500 30 0
811.638 5  3 43820720 447813088 59 654905 122 4 2368 204808750 30 0
812.217 5  3 43820721 447813134 3 654927 64 10 2368 204809250 30 0
812.337 5  3 43820722 447813146 26 654893 42 -8 2368 204809500 30 0
813.373 5  3 43820729 447813155 44 654869 13 3 2368 204810500 30 0
814.432 5  3 43820732 447813153 44 654796 11 4 2368 204811500 30 0
815.381 5  3 43820735 447813154 216 654790 17 4 2368 204812500 30 0
815.641 5  3 43820736 447813155 216 654747 7 -4 2368 204812750 30 0
815.806 5  3 43820736 447813154 216 654699 6 -3 2368 204813000 30 0
816.849 5  3 43820733 447813154 216 654519 10 -4 2368 204814000 30 0
817.397 5  3 43820736 447813202 64 654494 183 17 2368 204814500 30 0
818.326 5  3 43820728 447813427 3533 654405 277 -1 2368 204815500 30 0
820.542 5  3 43820499 447813930 100 654541 242 12 2368 204817750 30 0
821.615 5  3 43820666 447814081 534 654540 234 6 2368 204818750 30 0
822.380 5  3 43820841 447814129 759 654682 245 8 2368 204819500 30 0
822.865 5  3 43820960 447814127 919 654720 238 9 2368 204820000 30 0
823.040 5  3 43821017 447814110 1033 654750 236 0 2368 204820250 30 0
824.353 5  3 43821082 447813885 1902 654636 223 2 2368 204821500 30 0
824.561 5  3 43821056 447813837 2024 654627 208 11 2368 204821750 30 0
825.884 5  3 43820880 447813866 3141 654763 177 11 2368 204823000 30 0
826.896 5  3 43820827 447814057 3435 654782 222 5 2368 204824000 30 0
827.180 5  3 43820815 447814108 3433 654793 210 7 2368 204824250 30 0
827.620 5  3 43820798 447814212 3530 654818 211 1 2368 204824750 30 0
828.310 5  3 43820880 447814317 457 654854 176 7 2368 204825500 30 0
830.094 5  3 43821177 447814175 1339 655006 227 -4 2368 204827250 30 0
830.305 5  3 43821213 447814130 1398 655028 229 -11 2368 204827500 30 0
830.605 5  3 43821247 447814084 1416 655011 229 -6 2368 204827750 30 0
831.056 5  3 43821316 447813988 1433 654958 235 2 2368 204828250 30 0
833.785 5  3 43821265 447813613 2645 654693 195 -2 2368 204831000 30 0
834.849 5  3 43821088 447813694 3022 654683 214 8 2368 204832000 30 0
835.297 5  3 43821010 447813762 3079 654660 203 8 2368 204832500 30 0
835.577 5  3 43820975 447813797 3110 654690 209 15 2368 204832750 30 0
836.068 5  3 43820906 447813873 3169 654639 192 4 2368 204833250 30 0
836.855 5  3 43820855 447814008 3464 654553 201 0 2368 204834000 30 0
837.246 5  3 43820895 447814084 240 654589 163 16 2368 204834500 30 0
837.824 5  3 43820975 447814103 687 654582 159 10 2368 204835000 30 0
839.182 5  3 43821205 447813928 1371 654585 205 23 2368 204836500 30 0
840.785 5  3 43821096 447813744 2630 654557 180 13 2368 204838000 30 0
841.348 5  3 43821026 447813793 2967 654507 177 10 2368 204838500 30 0
