5.375 1 ROVER_CTRL 0. 0. 0. 0. 1400. 600. 1000. 0. 0. 0. 0. 0.
5.376 1 GPS_INT 0 0 0 0 0 0 -17000 0 0 0 429496729 99900 28250 9999 0 0 1
5.376 1 SVINFO 0 0 0 0 0 0 0
5.376 1 GPS 0 16602145 0 0 -17000 0 0 2148 28250 31 0
5.376 1 SVINFO 0 0 0 0 0 0 0
5.392 1 INS 0 0 0 0 0 0 -28 -303 -8544
5.407 1 ATTITUDE -0.206845 3.133178 0.013516
5.471 1 ROVER_STATUS 2 0 0 2 0 28 8.124451
5.487 1 INS 0 0 0 0 0 0 0 -284 -8446
5.503 1 ATTITUDE -0.206738 3.133154 0.013487
5.503 1 PONG 
5.620 1 GPS_INT 0 0 0 0 0 0 -17000 0 0 0 429496729 99900 28500 9999 0 0 1
5.621 1 SVINFO 0 0 0 0 0 0 0
5.621 1 INS 0 0 0 0 0 0 -33 -309 -8489
5.621 1 GPS 0 16602145 0 0 -17000 0 0 2148 28500 31 0
5.621 1 SVINFO 0 0 0 0 0 0 0
5.621 1 ATTITUDE -0.206657 3.133102 0.013542
5.685 1 INS 0 0 0 0 0 0 1 -299 -8486
5.700 1 ATTITUDE -0.206638 3.133044 0.013536
5.781 1 INS 0 0 0 0 0 0 -28 -304 -8488
5.812 1 ATTITUDE -0.206607 3.132981 0.013487
5.868 1 ROVER_CTRL 0. 0. 0. 0. 1400. 600. 1000. 0. 0. 0. 0. 0.
5.872 1 GPS_INT 0 0 0 0 0 0 -17000 0 0 0 429496729 99900 28750 9999 0 0 1
5.873 1 SVINFO 0 0 0 0 0 0 0
5.874 1 GPS 0 16602145 0 0 -17000 0 0 2148 28750 31 0
5.874 1 SVINFO 0 0 0 0 0 0 0
5.896 1 CBF 0. 0. 0. 0. 4 0 2. 1.
5.897 1 CBF 0. 0. 0. 0. 4 0 2. 1.
5.898 1 INS 0 0 0 0 0 0 -4 -300 -8507
5.909 1 ATTITUDE -0.206545 3.133021 0.013477
5.941 1 ROTORCRAFT_NAV_STATUS 26 0 0. 0. 0 3 0
5.983 1 LINK_REPORT 1 -1 6 0 3421 93 0 1807. 50. 1 22.9
5.989 1 INS 0 0 0 0 0 0 -24 -286 -8474
6.005 1 ATTITUDE -0.206459 3.133024 0.013379
6.140 1 CBF_REC 3 0 0 0. 0. 0. 0.
6.141 1 CBF_REC 4 0 0 0. 0. 0. 0.
6.142 1 CBF_REC 5 0 0 0. 0. 0. 0.
6.143 1 CBF_REC 6 0 0 0. 0. 0. 0.
6.144 1 CBF_REC 3 0 0 0. 0. 0. 0.
6.145 1 CBF_REC 4 0 0 0. 0. 0. 0.
6.145 1 CBF_REC 5 0 0 0. 0. 0. 0.
6.146 1 GPS 0 16602145 0 0 -17000 0 0 2148 29000 31 0
6.147 1 SVINFO 0 0 0 0 0 0 0
6.148 1 ATTITUDE -0.206385 3.133077 0.013389
6.187 1 INS 0 0 0 0 0 0 7 -321 -8520
6.203 1 ATTITUDE -0.20628 3.133034 0.013399
6.295 1 INS 0 0 0 0 0 0 1 -298 -8485
6.296 1 WP_MOVED_ENU 21 -760 -1031 2560
6.296 1 WP_MOVED_ENU 21 -760 -1031 2560
6.310 1 ATTITUDE -0.206204 3.132972 0.01334
6.376 1 ROVER_CTRL 0. 0. 0. 0. 1400. 600. 1000. 0. 0. 0. 0. 0.
6.378 1 GPS_INT 0 0 0 0 0 0 -17000 0 0 0 429496729 99900 29250 9999 0 0 1
6.379 1 SVINFO 0 0 0 0 0 0 0
6.380 1 DATALINK_REPORT 1 1 1292 1783 0 109
6.381 1 GPS 0 16602145 0 0 -17000 0 0 2148 29250 31 0
6.382 1 SVINFO 0 0 0 0 0 0 0
6.391 1 INS 0 0 0 0 0 0 -14 -304 -8477
6.407 1 ATTITUDE -0.206041 3.132899 0.013294
6.487 1 INS 0 0 0 0 0 0 -24 -336 -8492
6.502 1 ATTITUDE -0.205863 3.132876 0.013211
6.620 1 GPS_INT 0 0 0 0 0 0 -17000 0 0 0 429496729 99900 29500 9999 0 0 1
6.621 1 SVINFO 0 0 0 0 0 0 0
6.622 1 INS 0 0 0 0 0 0 -29 -316 -8463
6.623 1 GPS 0 16602145 0 0 -17000 0 0 2148 29500 31 0
6.624 1 SVINFO 0 0 0 0 0 0 0
6.625 1 ATTITUDE -0.20576 3.132707 0.013207
6.683 1 INS 0 0 0 0 0 0 -33 -300 -8494
6.698 1 ATTITUDE -0.205664 3.132728 0.013227
6.779 1 INS 0 0 0 0 0 0 1 -295 -8473
6.811 1 ATTITUDE -0.205666 3.132733 0.01326
6.867 1 ROVER_CTRL 0. 0. 0. 0. 1400. 600. 1000. 0. 0. 0. 0. 0.
6.869 1 GPS_INT 0 0 0 0 0 0 -17000 0 0 0 429496729 99900 29750 9999 0 0 1
6.875 1 SVINFO 0 0 0 0 0 0 0
6.875 1 GPS 0 16602145 0 0 -17000 0 0 2148 29750 31 0
6.876 1 SVINFO 0 0 0 0 0 0 0
6.892 1 CBF 0. 0. 0. 0. 4 0 2. 1.
6.893 1 CBF 0. 0. 0. 0. 4 0 2. 1.
6.894 1 INS 0 0 0 0 0 0 -19 -326 -8489
6.907 1 ATTITUDE -0.205686 3.132669 0.013278
6.972 1 ROVER_STATUS 2 0 0 2 0 30 8.11562
6.985 1 LINK_REPORT 1 -1 7 0 5181 141 0 1760. 48. 1 22.9
6.988 1 INS 0 0 0 0 0 0 -14 -300 -8474
7.004 1 ATTITUDE -0.20557 3.132659 0.01324
7.138 1 CBF_REC 3 0 0 0. 0. 0. 0.
7.139 1 CBF_REC 4 0 0 0. 0. 0. 0.
7.140 1 CBF_REC 5 0 0 0. 0. 0. 0.
7.140 1 CBF_REC 6 0 0 0. 0. 0. 0.
7.141 1 CBF_REC 3 0 0 0. 0. 0. 0.
7.142 1 CBF_REC 4 0 0 0. 0. 0. 0.
7.143 1 CBF_REC 5 0 0 0. 0. 0. 0.
7.144 1 GPS 0 16602145 0 0 -17000 0 0 2148 30000 31 0
7.145 1 SVINFO 0 0 0 0 0 0 0
7.146 1 ATTITUDE -0.205435 3.132696 0.013288
7.186 1 INS 0 0 0 0 0 0 -48 -331 -8465
7.201 1 ATTITUDE -0.205329 3.132845 0.013263
7.294 1 ENERGY 0 8.11562 0.2 1.623124 1.007168 0.001433 0.011641
7.295 1 INS 0 0 0 0 0 0 -29 -323 -8501
7.310 1 ATTITUDE -0.205251 3.132917 0.013193
7.365 1 ROVER_CTRL 0. 0. 0. 0. 1400. 600. 1000. 0. 0. 0. 0. 0.
7.366 1 GPS_INT 0 0 0 0 0 0 -17000 0 0 0 429496729 99900 30250 9999 0 0 1
7.367 1 SVINFO 0 0 0 0 0 0 0
7.367 1 GPS 0 16602145 0 0 -17000 0 0 2148 30250 31 0
7.367 1 SVINFO 0 0 0 0 0 0 0
7.382 1 INS 0 0 0 0 0 0 -24 -340 -8489
7.397 1 ATTITUDE -0.205125 3.132838 0.01326
7.477 1 INS 0 0 0 0 0 0 11 -340 -8488
7.509 1 ATTITUDE -0.205017 3.132872 0.013276
7.526 1 ROTORCRAFT_NAV_STATUS 28 0 0. 0. 0 3 0
7.633 1 GPS_INT 0 0 0 0 0 0 -17000 0 0 0 429496729 99900 30500 9999 0 0 1
7.635 1 SVINFO 0 0 0 0 0 0 0
7.637 1 INS 0 0 0 0 0 0 -4 -324 -8495
7.638 1 WP_MOVED_ENU 22 -775 1018 2560
7.639 1 WP_MOVED_ENU 22 -775 1018 2560
7.640 1 GPS 0 16602145 0 0 -17000 0 0 2148 30500 31 0
7.641 1 SVINFO 0 0 0 0 0 0 0
7.642 1 ATTITUDE -0.20487 3.132834 0.013193
7.680 1 INS 0 0 0 0 0 0 11 -341 -8484
7.695 1 ATTITUDE -0.204852 3.132912 0.013199
7.727 1 ALIVE 28,6,106,14,164,137,173,184,116,84,13,92,87,70,70,25
7.775 1 INS 0 0 0 0 0 0 -28 -312 -8527
7.807 1 ATTITUDE -0.204845 3.132837 0.013202
7.863 1 ROVER_CTRL 0. 0. 0. 0. 1400. 600. 1000. 0. 0. 0. 0. 0.
7.863 1 GPS_INT 0 0 0 0 0 0 -17000 0 0 0 429496729 99900 30750 9999 0 0 1
7.863 1 SVINFO 0 0 0 0 0 0 0
7.863 1 GPS 0 16602145 0 0 -17000 0 0 2148 30750 31 0
7.864 1 SVINFO 0 0 0 0 0 0 0
7.888 1 CBF 0. 0. 0. 0. 4 0 2. 1.
7.889 1 CBF 0. 0. 0. 0. 4 0 2. 1.
7.889 1 INS 0 0 0 0 0 0 -33 -345 -8489
7.904 1 ATTITUDE -0.204691 3.132849 0.013204
7.989 1 INS 0 0 0 0 0 0 -43 -328 -8471
7.990 1 LINK_REPORT 1 -1 8 0 7038 191 0 1857. 50. 1 22.9
8.001 1 ATTITUDE -0.204681 3.132783 0.013169
8.135 1 CBF_REC 3 0 0 0. 0. 0. 0.
8.136 1 CBF_REC 4 0 0 0. 0. 0. 0.
8.137 1 CBF_REC 5 0 0 0. 0. 0. 0.
8.138 1 CBF_REC 6 0 0 0. 0. 0. 0.
8.139 1 CBF_REC 3 0 0 0. 0. 0. 0.
8.139 1 CBF_REC 4 0 0 0. 0. 0. 0.
8.140 1 CBF_REC 5 0 0 0. 0. 0. 0.
8.142 1 GPS 0 16602145 0 0 -17000 0 0 2148 31000 31 0
8.143 1 SVINFO 0 0 0 0 0 0 0
8.143 1 ATTITUDE -0.204671 3.132795 0.013123
8.183 1 INS 0 0 0 0 0 0 21 -334 -8564
8.199 1 ATTITUDE -0.204715 3.132907 0.013113
8.279 1 INS 0 0 0 0 0 0 -29 -324 -8445
8.294 1 ATTITUDE -0.20462 3.132891 0.013106
8.327 1 ROVER_CTRL 0. 0. 0. 0. 1400. 600. 1000. 0. 0. 0. 0. 0.
8.365 1 GPS_INT 0 0 0 0 0 0 -17000 0 0 0 429496729 99900 31250 9999 0 0 1
8.366 1 SVINFO 0 0 0 0 0 0 0
8.367 1 GPS 0 16602145 0 0 -17000 0 0 2148 31250 31 0
8.368 1 SVINFO 0 0 0 0 0 0 0
8.381 1 INS 0 0 0 0 0 0 -53 -348 -8469
8.397 1 ATTITUDE -0.20454 3.132719 0.013027
8.477 1 ROVER_STATUS 2 0 0 2 0 31 8.124451
8.478 1 INS 0 0 0 0 0 0 2 -387 -8525
8.493 1 ATTITUDE -0.204452 3.132694 0.013059
8.621 1 GPS_INT 0 0 0 0 0 0 -17000 0 0 0 429496729 99900 31500 9999 0 0 1
8.622 1 SVINFO 0 0 0 0 0 0 0
8.623 1 INS 0 0 0 0 0 0 -58 -341 -8454
8.625 1 GPS 0 16602145 0 0 -17000 0 0 2148 31500 31 0
8.625 1 SVINFO 0 0 0 0 0 0 0
8.626 1 ATTITUDE -0.204436 3.132577 0.013043
8.685 1 INS 0 0 0 0 0 0 -33 -307 -8523
8.700 1 ATTITUDE -0.204344 3.132522 0.012961
8.781 1 INS 0 0 0 0 0 0 -10 -346 -8453
8.796 1 ATTITUDE -0.204385 3.132524 0.012938
8.863 1 ROVER_CTRL 0. 0. 0. 0. 1400. 600. 1000. 0. 0. 0. 0. 0.
8.864 1 GPS_INT 0 0 0 0 0 0 -17000 0 0 0 429496729 99900 31750 9999 0 0 1
8.865 1 SVINFO 0 0 0 0 0 0 0
8.865 1 GPS 0 16602145 0 0 -17000 0 0 2148 31750 31 0
8.866 1 SVINFO 0 0 0 0 0 0 0
8.902 1 CBF 0. 0. 0. 0. 4 0 2. 1.
8.902 1 CBF 0. 0. 0. 0. 4 0 2. 1.
8.903 1 INS 0 0 0 0 0 0 -38 -346 -8551
8.904 1 WP_MOVED_ENU 23 15239 15493 2560
8.904 1 WP_MOVED_ENU 23 15239 15493 2560
8.905 1 ATTITUDE -0.204251 3.132483 0.012821
8.982 1 INS 0 0 0 0 0 0 -43 -325 -8458
8.985 1 LINK_REPORT 1 -1 9 0 8774 238 0 1736. 47. 1 22.9
8.998 1 ATTITUDE -0.204221 3.132496 0.01276
9.132 1 CBF_REC 3 0 0 0. 0. 0. 0.
9.133 1 CBF_REC 4 0 0 0. 0. 0. 0.
9.134 1 CBF_REC 5 0 0 0. 0. 0. 0.
9.135 1 CBF_REC 6 0 0 0. 0. 0. 0.
9.135 1 CBF_REC 3 0 0 0. 0. 0. 0.
9.136 1 CBF_REC 4 0 0 0. 0. 0. 0.
9.137 1 CBF_REC 5 0 0 0. 0. 0. 0.
9.138 1 GPS 0 16602145 0 0 -17000 0 0 2148 32000 31 0
9.139 1 SVINFO 0 0 0 0 0 0 0
9.139 1 ATTITUDE -0.204173 3.132425 0.012752
9.140 1 ROTORCRAFT_NAV_STATUS 29 0 0. 0. 0 3 0
9.180 1 INS 0 0 0 0 0 0 -14 -396 -8502
9.196 1 ATTITUDE -0.204073 3.132375 0.012693
9.276 1 INS 0 0 0 0 0 0 -43 -319 -8436
9.292 1 ATTITUDE -0.203935 3.13242 0.012798
9.325 1 ROVER_CTRL 0. 0. 0. 0. 1400. 600. 1000. 0. 0. 0. 0. 0.
9.363 1 GPS_INT 0 0 0 0 0 0 -17000 0 0 0 429496729 99900 32250 9999 0 0 1
9.364 1 SVINFO 0 0 0 0 0 0 0
9.365 1 GPS 0 16602145 0 0 -17000 0 0 2148 32250 31 0
9.365 1 SVINFO 0 0 0 0 0 0 0
9.378 1 INS 0 0 0 0 0 0 -39 -377 -8515
9.394 1 ATTITUDE -0.203841 3.132293 0.012738
9.474 1 INS 0 0 0 0 0 0 -30 -397 -8442
9.490 1 ATTITUDE -0.203693 3.132167 0.012679
9.617 1 GPS_INT 0 0 0 0 0 0 -17000 0 0 0 429496729 99900 32500 9999 0 0 1
9.618 1 SVINFO 0 0 0 0 0 0 0
9.618 1 INS 0 0 0 0 0 0 -33 -378 -8491
9.618 1 GPS 0 16602145 0 0 -17000 0 0 2148 32500 31 0
9.618 1 SVINFO 0 0 0 0 0 0 0
9.618 1 ATTITUDE -0.203658 3.132192 0.012581
9.681 1 INS 0 0 0 0 0 0 -18 -357 -8516
9.697 1 ATTITUDE -0.203607 3.132123 0.01261
9.779 1 INS 0 0 0 0 0 0 -63 -331 -8467
9.793 1 ATTITUDE -0.203564 3.132203 0.012658
9.862 1 ROVER_CTRL 0. 0. 0. 0. 1400. 600. 1000. 0. 0. 0. 0. 0.
9.863 1 GPS_INT 0 0 0 0 0 0 -17000 0 0 0 429496729 99900 32750 9999 0 0 1
9.863 1 SVINFO 0 0 0 0 0 0 0
9.864 1 GPS 0 16602145 0 0 -17000 0 0 2148 32750 31 0
9.865 1 SVINFO 0 0 0 0 0 0 0
9.903 1 CBF 0. 0. 0. 0. 4 0 2. 1.
9.903 1 CBF 0. 0. 0. 0. 4 0 2. 1.
9.903 1 INS 0 0 0 0 0 0 -18 -366 -8493
9.904 1 ATTITUDE -0.203378 3.132018 0.012671
9.967 1 ROVER_STATUS 2 0 0 2 0 33 8.124451
9.984 1 INS 0 0 0 0 0 0 -58 -371 -8464
9.986 1 LINK_REPORT 1 -1 10 0 10486 284 0 1712. 46. 1 22.9
9.999 1 ATTITUDE -0.203223 3.131855 0.012649
10.063 1 CBF_REC 3 0 0 0. 0. 0. 0.
10.122 1 CBF_REC 4 0 0 0. 0. 0. 0.
10.123 1 CBF_REC 5 0 0 0. 0. 0. 0.
10.123 1 CBF_REC 6 0 0 0. 0. 0. 0.
10.124 1 CBF_REC 3 0 0 0. 0. 0. 0.
10.124 1 CBF_REC 4 0 0 0. 0. 0. 0.
10.126 1 CBF_REC 5 0 0 0. 0. 0. 0.
10.127 1 GPS 0 16602145 0 0 -17000 0 0 2148 33000 31 0
10.127 1 SVINFO 0 0 0 0 0 0 0
10.127 1 ATTITUDE -0.203193 3.131875 0.012652
10.183 1 INS 0 0 0 0 0 0 -62 -351 -8464
10.184 1 WP_MOVED_ENU 24 15493 -15239 2560
10.184 1 WP_MOVED_ENU 24 15493 -15239 2560
10.199 1 ATTITUDE -0.203076 3.131824 0.012678
10.281 1 INS 0 0 0 0 0 0 -39 -385 -8466
10.296 1 ATTITUDE -0.203 3.131834 0.012763
10.362 1 ROVER_CTRL 0. 0. 0. 0. 1400. 600. 1000. 0. 0. 0. 0. 0.
10.362 1 GPS_INT 0 0 0 0 0 0 -17000 0 0 0 429496729 99900 33250 9999 0 0 1
10.363 1 SVINFO 0 0 0 0 0 0 0
10.363 1 GPS 0 16602145 0 0 -17000 0 0 2148 33250 31 0
10.364 1 SVINFO 0 0 0 0 0 0 0
10.389 1 INS_REF 485064565 -31598534 411664691 404506486 -37271496 702390 650000 0.
10.390 1 INS 0 0 0 0 0 0 -48 -378 -8475
10.391 1 ATTITUDE -0.202852 3.131763 0.012768
10.421 1 ALIVE 28,6,106,14,164,137,173,184,116,84,13,92,87,70,70,25
10.468 1 INS 0 0 0 0 0 0 -14 -397 -8478
10.500 1 ATTITUDE -0.202813 3.131654 0.012776
10.501 1 PONG 
10.614 1 GPS_INT 0 0 0 0 0 0 -17000 0 0 0 429496729 99900 33500 9999 0 0 1
10.615 1 SVINFO 0 0 0 0 0 0 0
10.615 1 INS 0 0 0 0 0 0 -30 -356 -8482
10.616 1 GPS 0 16602145 0 0 -17000 0 0 2148 33500 31 0
10.617 1 SVINFO 0 0 0 0 0 0 0
10.618 1 ATTITUDE -0.20275 3.131623 0.012854
10.677 1 INS 0 0 0 0 0 0 -25 -414 -8518
10.692 1 ATTITUDE -0.202785 3.131541 0.012791
10.725 1 ROTORCRAFT_NAV_STATUS 31 0 0. 0. 0 3 0
10.773 1 INS 0 0 0 0 0 0 -44 -381 -8487
10.788 1 ATTITUDE -0.202721 3.131496 0.012803
10.821 1 ROVER_CTRL 0. 0. 0. 0. 1400. 600. 1000. 0. 0. 0. 0. 0.
10.859 1 GPS_INT 0 0 0 0 0 0 -17000 0 0 0 429496729 99900 33750 9999 0 0 1
10.861 1 SVINFO 0 0 0 0 0 0 0
10.861 1 GPS 0 16602145 0 0 -17000 0 0 2148 33750 31 0
10.862 1 SVINFO 0 0 0 0 0 0 0
10.901 1 CBF 0. 0. 0. 0. 4 0 2. 1.
10.902 1 CBF 0. 0. 0. 0. 4 0 2. 1.
10.903 1 INS 0 0 0 0 0 0 -59 -385 -8493
10.904 1 ATTITUDE -0.202648 3.131464 0.012795
10.965 1 INS 0 0 0 0 0 0 -40 -392 -8455
10.987 1 LINK_REPORT 1 -1 11 0 12314 334 0 1828. 50. 2 19.73
10.997 1 ATTITUDE -0.202589 3.131452 0.012756
11.061 1 CBF_REC 3 0 0 0. 0. 0. 0.
11.120 1 CBF_REC 4 0 0 0. 0. 0. 0.
11.120 1 CBF_REC 5 0 0 0. 0. 0. 0.
11.121 1 CBF_REC 6 0 0 0. 0. 0. 0.
11.122 1 CBF_REC 3 0 0 0. 0. 0. 0.
11.122 1 CBF_REC 4 0 0 0. 0. 0. 0.
11.123 1 CBF_REC 5 0 0 0. 0. 0. 0.
11.124 1 GPS 0 16602145 0 0 -17000 0 0 2148 34000 31 0
11.125 1 SVINFO 0 0 0 0 0 0 0
11.126 1 ATTITUDE -0.202571 3.131476 0.012758
11.168 1 INS 0 0 0 0 0 0 -30 -377 -8481
11.199 1 ATTITUDE -0.202487 3.131385 0.012741
11.280 1 INS 0 0 0 0 0 0 1 -351 -8514
11.295 1 ATTITUDE -0.202383 3.131413 0.012725
11.362 1 ROVER_CTRL 0. 0. 0. 0. 1400. 600. 1000. 0. 0. 0. 0. 0.
11.363 1 GPS_INT 0 0 0 0 0 0 -17000 0 0 0 429496729 99900 34250 9999 0 0 1
11.365 1 SVINFO 0 0 0 0 0 0 0
11.366 1 GPS 0 16602145 0 0 -17000 0 0 2148 34250 31 0
11.367 1 SVINFO 0 0 0 0 0 0 0
11.378 1 INS 0 0 0 0 0 0 -24 -377 -8500
11.393 1 ATTITUDE -0.202344 3.13137 0.012668
11.425 1 DATALINK_REPORT 1 2 1534 1753 0 129
11.457 1 ROVER_STATUS 2 0 0 2 0 34 8.124451
11.499 1 INS 0 0 0 0 0 0 -24 -365 -8468
11.500 1 WP_MOVED_ENU 25 -15239 -15493 2560
11.501 1 WP_MOVED_ENU 25 -15239 -15493 2560
11.502 1 ATTITUDE -0.202274 3.131274 0.012515
11.612 1 GPS_INT 0 0 0 0 0 0 -17000 0 0 0 429496729 99900 34500 9999 0 0 1
11.613 1 SVINFO 0 0 0 0 0 0 0
11.614 1 INS 0 0 0 0 0 0 -44 -378 -8495
11.616 1 GPS 0 16602145 0 0 -17000 0 0 2148 34500 31 0
11.616 1 SVINFO 0 0 0 0 0 0 0
11.616 1 ATTITUDE -0.202147 3.131217 0.012438
11.675 1 INS 0 0 0 0 0 0 -29 -399 -8493
11.690 1 ATTITUDE -0.202086 3.131225 0.012458
11.783 1 ENERGY 0 8.124451 0.15 1.218668 1.006173 0.001651 0.013412
11.784 1 INS 0 0 0 0 0 0 -34 -375 -8479
11.799 1 ATTITUDE -0.201958 3.131265 0.012433
11.854 1 ROVER_CTRL 0. 0. 0. 0. 1400. 600. 1000. 0. 0. 0. 0. 0.
11.857 1 GPS_INT 0 0 0 0 0 0 -17000 0 0 0 429496729 99900 34750 9999 0 0 1
11.858 1 SVINFO 0 0 0 0 0 0 0
11.858 1 GPS 0 16602145 0 0 -17000 0 0 2148 34750 31 0
11.859 1 SVINFO 0 0 0 0 0 0 0
11.880 1 CBF 0. 0. 0. 0. 4 0 2. 1.
11.881 1 CBF 0. 0. 0. 0. 4 0 2. 1.
11.881 1 INS 0 0 0 0 0 0 -39 -392 -8472
11.896 1 ATTITUDE -0.20182 3.131306 0.012413
11.975 1 INS 0 0 0 0 0 0 -33 -396 -8527
11.986 1 LINK_REPORT 1 -1 12 0 14112 383 0 1798. 49. 2 19.73
11.991 1 ATTITUDE -0.201722 3.131296 0.01241
12.115 1 CBF_REC 3 0 0 0. 0. 0. 0.
12.115 1 CBF_REC 4 0 0 0. 0. 0. 0.
12.116 1 CBF_REC 5 0 0 0. 0. 0. 0.
12.117 1 CBF_REC 6 0 0 0. 0. 0. 0.
12.118 1 CBF_REC 3 0 0 0. 0. 0. 0.
12.118 1 CBF_REC 4 0 0 0. 0. 0. 0.
12.119 1 CBF_REC 5 0 0 0. 0. 0. 0.
12.120 1 GPS 0 16602145 0 0 -17000 0 0 2148 35000 31 0
12.121 1 SVINFO 0 0 0 0 0 0 0
12.121 1 ATTITUDE -0.201724 3.131249 0.012431
12.167 1 INS 0 0 0 0 0 0 -34 -406 -8475
12.194 1 ATTITUDE -0.201673 3.131246 0.012397
12.274 1 INS 0 0 0 0 0 0 -58 -408 -8488
12.290 1 ATTITUDE -0.201609 3.131214 0.012347
12.371 1 ROVER_CTRL 0. 0. 0. 0. 1400. 600. 1000. 0. 0. 0. 0. 0.
12.372 1 GPS_INT 0 0 0 0 0 0 -17000 0 0 0 429496729 99900 35250 9999 0 0 1
12.374 1 SVINFO 0 0 0 0 0 0 0
12.374 1 ROTORCRAFT_NAV_STATUS 32 0 0. 0. 0 3 0
12.380 1 GPS 0 16602145 0 0 -17000 0 0 2148 35250 31 0
12.381 1 SVINFO 0 0 0 0 0 0 0
12.382 1 INS 0 0 0 0 0 0 -9 -381 -8472
12.386 1 ATTITUDE -0.201514 3.131157 0.01228
12.467 1 INS 0 0 0 0 0 0 -52 -371 -8470
12.482 1 ATTITUDE -0.20133 3.131184 0.012209
12.611 1 GPS_INT 0 0 0 0 0 0 -17000 0 0 0 429496729 99900 35500 9999 0 0 1
12.612 1 SVINFO 0 0 0 0 0 0 0
12.616 1 INS 0 0 0 0 0 0 -30 -416 -8444
12.617 1 GPS 0 16602145 0 0 -17000 0 0 2148 35500 31 0
12.617 1 SVINFO 0 0 0 0 0 0 0
12.618 1 ATTITUDE -0.201278 3.131254 0.012255
12.675 1 INS 0 0 0 0 0 0 -37 -403 -8485
12.690 1 ATTITUDE -0.201184 3.131329 0.012204
12.780 1 INS 0 0 0 0 0 0 -48 -400 -8475
12.781 1 WP_MOVED_ENU 26 -15493 15239 2560
12.781 1 WP_MOVED_ENU 26 -15493 15239 2560
12.795 1 ATTITUDE -0.201113 3.131233 0.012149
12.851 1 ROVER_CTRL 0. 0. 0. 0. 1400. 600. 1000. 0. 0. 0. 0. 0.
12.851 1 GPS_INT 0 0 0 0 0 0 -17000 0 0 0 429496729 99900 35750 9999 0 0 1
12.852 1 SVINFO 0 0 0 0 0 0 0
12.852 1 GPS 0 16602145 0 0 -17000 0 0 2148 35750 31 0
12.852 1 SVINFO 0 0 0 0 0 0 0
12.883 1 CBF 0. 0. 0. 0. 4 0 2. 1.
12.884 1 CBF 0. 0. 0. 0. 4 0 2. 1.
12.884 1 INS 0 0 0 0 0 0 -53 -393 -8458
12.893 1 ATTITUDE -0.201066 3.131137 0.012106
12.957 1 ROVER_STATUS 2 0 0 2 0 36 8.124451
12.973 1 INS 0 0 0 0 0 0 -27 -413 -8511
12.988 1 LINK_REPORT 1 -1 13 0 15876 431 0 1764. 48. 2 19.73
12.989 1 ATTITUDE -0.201058 3.131156 0.012131
13.123 1 CBF_REC 3 0 0 0. 0. 0. 0.
13.124 1 CBF_REC 4 0 0 0. 0. 0. 0.
13.124 1 CBF_REC 5 0 0 0. 0. 0. 0.
13.125 1 CBF_REC 6 0 0 0. 0. 0. 0.
13.126 1 CBF_REC 3 0 0 0. 0. 0. 0.
13.127 1 CBF_REC 4 0 0 0. 0. 0. 0.
13.127 1 CBF_REC 5 0 0 0. 0. 0. 0.
13.128 1 GPS 0 16602145 0 0 -17000 0 0 2148 36000 31 0
13.129 1 SVINFO 0 0 0 0 0 0 0
13.130 1 ATTITUDE -0.200983 3.131091 0.012107
13.130 1 ALIVE 28,6,106,14,164,137,173,184,116,84,13,92,87,70,70,25
13.171 1 INS 0 0 0 0 0 0 -28 -411 -8466
13.186 1 ATTITUDE -0.200868 3.131218 0.012144
13.267 1 INS 0 0 0 0 0 0 -43 -420 -8448
13.283 1 ATTITUDE -0.200775 3.131193 0.01218
13.315 1 ROVER_CTRL 0. 0. 0. 0. 1400. 600. 1000. 0. 0. 0. 0. 0.
13.353 1 GPS_INT 0 0 0 0 0 0 -17000 0 0 0 429496729 99900 36250 9999 0 0 1
13.354 1 SVINFO 0 0 0 0 0 0 0
13.354 1 GPS 0 16602145 0 0 -17000 0 0 2148 36250 31 0
13.355 1 SVINFO 0 0 0 0 0 0 0
13.368 1 INS 0 0 0 0 0 0 -47 -412 -8481
13.383 1 ATTITUDE -0.200648 3.131144 0.012179
13.464 1 INS 0 0 0 0 0 0 -86 -406 -8485
13.480 1 ATTITUDE -0.200623 3.131249 0.012154
13.608 1 GPS_INT 0 0 0 0 0 0 -17000 0 0 0 429496729 99900 36500 9999 0 0 1
13.609 1 SVINFO 0 0 0 0 0 0 0
13.610 1 INS 0 0 0 0 0 0 -71 -403 -8475
13.611 1 GPS 0 16602145 0 0 -17000 0 0 2148 36500 31 0
13.611 1 SVINFO 0 0 0 0 0 0 0
13.612 1 ATTITUDE -0.20056 3.131143 0.012109
13.672 1 INS 0 0 0 0 0 0 -43 -434 -8446
13.687 1 ATTITUDE -0.200575 3.131096 0.012143
13.768 1 INS 0 0 0 0 0 0 -56 -427 -8504
13.783 1 ATTITUDE -0.200488 3.13114 0.012096
13.851 1 ROVER_CTRL 0. 0. 0. 0. 1400. 600. 1000. 0. 0. 0. 0. 0.
13.851 1 GPS_INT 0 0 0 0 0 0 -17000 0 0 0 429496729 99900 36750 9999 0 0 1
13.852 1 SVINFO 0 0 0 0 0 0 0
13.852 1 GPS 0 16602145 0 0 -17000 0 0 2148 36750 31 0
13.852 1 SVINFO 0 0 0 0 0 0 0
13.892 1 CBF 0. 0. 0. 0. 4 0 2. 1.
13.893 1 CBF 0. 0. 0. 0. 4 0 2. 1.
13.893 1 INS 0 0 0 0 0 0 -48 -392 -8451
13.893 1 ATTITUDE -0.200354 3.131061 0.012082
13.908 1 ROTORCRAFT_NAV_STATUS 34 0 0. 0. 0 3 0
13.957 1 INS 0 0 0 0 0 0 -23 -443 -8475
13.989 1 LINK_REPORT 1 -1 14 0 17594 477 0 1718. 46. 2 19.73
13.989 1 ATTITUDE -0.20029 3.131107 0.012122
14.053 1 CBF_REC 3 0 0 0. 0. 0. 0.
14.123 1 CBF_REC 4 0 0 0. 0. 0. 0.
14.124 1 CBF_REC 5 0 0 0. 0. 0. 0.
14.126 1 CBF_REC 6 0 0 0. 0. 0. 0.
14.127 1 CBF_REC 3 0 0 0. 0. 0. 0.
14.128 1 CBF_REC 4 0 0 0. 0. 0. 0.
14.129 1 CBF_REC 5 0 0 0. 0. 0. 0.
14.130 1 WP_MOVED_ENU 27 -20 2560 2560
14.131 1 WP_MOVED_ENU 27 -20 2560 2560
14.132 1 GPS 0 16602145 0 0 -17000 0 0 2148 37000 31 0
14.133 1 SVINFO 0 0 0 0 0 0 0
14.134 1 ATTITUDE -0.200237 3.131059 0.012046
14.171 1 INS 0 0 0 0 0 0 -47 -410 -8482
14.187 1 ATTITUDE -0.200106 3.131148 0.011976
14.267 1 INS 0 0 0 0 0 0 -61 -435 -8483
14.283 1 ATTITUDE -0.200078 3.131209 0.011945
14.350 1 ROVER_CTRL 0. 0. 0. 0. 1400. 600. 1000. 0. 0. 0. 0. 0.
14.352 1 GPS_INT 0 0 0 0 0 0 -17000 0 0 0 429496729 99900 37250 9999 0 0 1
14.354 1 SVINFO 0 0 0 0 0 0 0
14.355 1 GPS 0 16602145 0 0 -17000 0 0 2148 37250 31 0
14.356 1 SVINFO 0 0 0 0 0 0 0
14.366 1 INS 0 0 0 0 0 0 -47 -393 -8470
14.384 1 ATTITUDE -0.199919 3.131132 0.011958
14.462 1 ROVER_STATUS 2 0 0 2 0 37 8.124451
14.463 1 INS 0 0 0 0 0 0 -92 -420 -8481
14.478 1 ATTITUDE -0.199973 3.131074 0.011885
14.605 1 GPS_INT 0 0 0 0 0 0 -17000 0 0 0 429496729 99900 37500 9999 0 0 1
14.606 1 SVINFO 0 0 0 0 0 0 0
14.606 1 INS 0 0 0 0 0 0 -27 -406 -8505
14.606 1 GPS 0 16602145 0 0 -17000 0 0 2148 37500 31 0
14.606 1 SVINFO 0 0 0 0 0 0 0
14.607 1 ATTITUDE -0.199943 3.131137 0.011745
14.669 1 INS 0 0 0 0 0 0 -18 -408 -8491
14.686 1 ATTITUDE -0.199892 3.131065 0.011719
14.765 1 INS 0 0 0 0 0 0 -67 -442 -8474
14.781 1 ATTITUDE -0.199748 3.131008 0.011727
14.849 1 ROVER_CTRL 0. 0. 0. 0. 1400. 600. 1000. 0. 0. 0. 0. 0.
14.851 1 GPS_INT 0 0 0 0 0 0 -17000 0 0 0 429496729 99900 37750 9999 0 0 1
14.852 1 SVINFO 0 0 0 0 0 0 0
14.853 1 GPS 0 16602145 0 0 -17000 0 0 2148 37750 31 0
14.854 1 SVINFO 0 0 0 0 0 0 0
14.889 1 CBF 0. 0. 0. 0. 4 0 2. 1.
14.890 1 CBF 0. 0. 0. 0. 4 0 2. 1.
14.891 1 INS 0 0 0 0 0 0 -37 -419 -8536
14.893 1 AUTOPILOT_VERSION 60200 v6.2_unstable-625-gabdc35bad-dirty
14.893 1 ATTITUDE -0.199645 3.131029 0.011795
14.969 1 INS 0 0 0 0 0 0 -38 -409 -8466
14.984 1 ATTITUDE -0.199657 3.130952 0.01182
14.989 1 LINK_REPORT 1 -1 15 0 19407 526 0 1813. 49. 2 19.73
15.108 1 CBF_REC 3 0 0 0. 0. 0. 0.
15.109 1 CBF_REC 4 0 0 0. 0. 0. 0.
15.110 1 CBF_REC 5 0 0 0. 0. 0. 0.
15.111 1 CBF_REC 6 0 0 0. 0. 0. 0.
15.112 1 CBF_REC 3 0 0 0. 0. 0. 0.
15.113 1 CBF_REC 4 0 0 0. 0. 0. 0.
15.114 1 CBF_REC 5 0 0 0. 0. 0. 0.
15.114 1 GPS 0 16602145 0 0 -17000 0 0 2148 38000 31 0
15.115 1 SVINFO 0 0 0 0 0 0 0
15.116 1 ATTITUDE -0.199606 3.130921 0.011726
15.155 1 INS 0 0 0 0 0 0 -27 -442 -8497
15.187 1 ATTITUDE -0.199568 3.1308 0.011658
15.267 1 INS 0 0 0 0 0 0 -62 -414 -8506
15.283 1 ATTITUDE -0.199607 3.130741 0.011675
15.349 1 ROVER_CTRL 0. 0. 0. 0. 1400. 600. 1000. 0. 0. 0. 0. 0.
15.350 1 GPS_INT 0 0 0 0 0 0 -17000 0 0 0 429496729 99900 38250 9999 0 0 1
15.351 1 SVINFO 0 0 0 0 0 0 0
15.352 1 GPS 0 16602145 0 0 -17000 0 0 2148 38250 31 0
15.353 1 SVINFO 0 0 0 0 0 0 0
15.375 1 INS 0 0 0 0 0 0 -58 -440 -8482
15.375 1 WP_MOVED_ENU 28 -30 3842 2560
15.376 1 WP_MOVED_ENU 28 -30 3842 2560
15.377 1 ATTITUDE -0.19948 3.130934 0.011593
15.454 1 INS 0 0 0 0 0 0 -52 -425 -8478
15.486 1 ATTITUDE -0.199454 3.130847 0.011522
15.502 1 PONG 
15.517 1 ROTORCRAFT_NAV_STATUS 36 0 0. 0. 0 3 0
15.597 1 GPS_INT 0 0 0 0 0 0 -17000 0 0 0 429496729 99900 38500 9999 0 0 1
15.598 1 SVINFO 0 0 0 0 0 0 0
15.598 1 INS 0 0 0 0 0 0 -97 -412 -8442
15.598 1 GPS 0 16602145 0 0 -17000 0 0 2148 38500 31 0
15.598 1 SVINFO 0 0 0 0 0 0 0
15.599 1 ATTITUDE -0.199403 3.130753 0.011479
15.661 1 INS 0 0 0 0 0 0 -71 -442 -8516
15.678 1 ATTITUDE -0.199329 3.130576 0.011407
15.758 1 INS 0 0 0 0 0 0 -62 -448 -8487
15.774 1 ATTITUDE -0.199233 3.130583 0.011385
15.806 1 ALIVE 28,6,106,14,164,137,173,184,116,84,13,92,87,70,70,25
15.886 1 ROVER_CTRL 0. 0. 0. 0. 1400. 600. 1000. 0. 0. 0. 0. 0.
15.887 1 GPS_INT 0 0 0 0 0 0 -17000 0 0 0 429496729 99900 38750 9999 0 0 1
15.887 1 SVINFO 0 0 0 0 0 0 0
15.888 1 GPS 0 16602145 0 0 -17000 0 0 2148 38750 31 0
15.889 1 SVINFO 0 0 0 0 0 0 0
15.890 1 CBF 0. 0. 0. 0. 4 0 2. 1.
15.891 1 CBF 0. 0. 0. 0. 4 0 2. 1.
15.892 1 INS 0 0 0 0 0 0 -82 -485 -8474
15.892 1 ATTITUDE -0.199127 3.130443 0.011386
15.943 1 ROVER_STATUS 2 0 0 2 0 39 8.124451
15.960 1 INS 0 0 0 0 0 0 -52 -456 -8468
15.976 1 ATTITUDE -0.199002 3.130445 0.011448
15.989 1 LINK_REPORT 1 -1 16 0 21214 576 0 1807. 50. 3 19.88
16.111 1 CBF_REC 3 0 0 0. 0. 0. 0.
16.111 1 CBF_REC 4 0 0 0. 0. 0. 0.
16.112 1 CBF_REC 5 0 0 0. 0. 0. 0.
16.113 1 CBF_REC 6 0 0 0. 0. 0. 0.
16.115 1 CBF_REC 3 0 0 0. 0. 0. 0.
16.116 1 CBF_REC 4 0 0 0. 0. 0. 0.
16.117 1 CBF_REC 5 0 0 0. 0. 0. 0.
16.117 1 GPS 0 16602145 0 0 -17000 0 0 2148 39000 31 0
16.118 1 SVINFO 0 0 0 0 0 0 0
16.119 1 ATTITUDE -0.198982 3.130417 0.011391
16.159 1 INS 0 0 0 0 0 0 -62 -450 -8471
16.174 1 ATTITUDE -0.198885 3.130335 0.011351
16.268 1 ENERGY 0 8.124451 0.175 1.421779 1.00542 0.001871 0.0152
16.268 1 INS 0 0 0 0 0 0 -52 -467 -8488
16.284 1 ATTITUDE -0.198735 3.1304 0.011311
16.339 1 ROVER_CTRL 0. 0. 0. 0. 1400. 600. 1000. 0. 0. 0. 0. 0.
16.339 1 GPS_INT 0 0 0 0 0 0 -17000 0 0 0 429496729 99900 39250 9999 0 0 1
16.340 1 SVINFO 0 0 0 0 0 0 0
16.340 1 GPS 0 16602145 0 0 -17000 0 0 2148 39250 31 0
16.340 1 SVINFO 0 0 0 0 0 0 0
16.355 1 INS 0 0 0 0 0 0 -52 -441 -8487
16.371 1 ATTITUDE -0.198662 3.130347 0.011309
16.452 1 INS 0 0 0 0 0 0 -32 -470 -8517
16.483 1 ATTITUDE -0.198556 3.130375 0.011333
16.499 1 DATALINK_REPORT 1 3 1778 1765 0 149
16.596 1 GPS_INT 0 0 0 0 0 0 -17000 0 0 0 429496729 99900 39500 9999 0 0 1
16.598 1 SVINFO 0 0 0 0 0 0 0
16.599 1 INS 0 0 0 0 0 0 -75 -426 -8489
16.600 1 GPS 0 16602145 0 0 -17000 0 0 2148 39500 31 0
16.600 1 SVINFO 0 0 0 0 0 0 0
16.601 1 ATTITUDE -0.19847 3.130347 0.011361
16.669 1 INS 0 0 0 0 0 0 -86 -470 -8468
16.670 1 WP_MOVED_ENU 29 -40 5122 2560
16.671 1 WP_MOVED_ENU 29 -40 5122 2560
16.685 1 ATTITUDE -0.198389 3.130347 0.011306
16.765 1 INS 0 0 0 0 0 0 -61 -454 -8524
16.781 1 ATTITUDE -0.19835 3.130319 0.011259
16.848 1 ROVER_CTRL 0. 0. 0. 0. 1400. 600. 1000. 0. 0. 0. 0. 0.
16.849 1 GPS_INT 0 0 0 0 0 0 -17000 0 0 0 429496729 99900 39750 9999 0 0 1
16.850 1 SVINFO 0 0 0 0 0 0 0
16.851 1 GPS 0 16602145 0 0 -17000 0 0 2148 39750 31 0
16.852 1 SVINFO 0 0 0 0 0 0 0
16.853 1 CBF 0. 0. 0. 0. 4 0 2. 1.
16.875 1 CBF 0. 0. 0. 0. 4 0 2. 1.
16.876 1 INS 0 0 0 0 0 0 -70 -464 -8526
16.877 1 ATTITUDE -0.198327 3.13035 0.011289
16.954 1 INS 0 0 0 0 0 0 -42 -421 -8414
16.971 1 ATTITUDE -0.198252 3.130246 0.011322
16.991 1 LINK_REPORT 1 -1 17 0 22988 624 0 1774. 48. 3 19.88
17.108 1 CBF_REC 3 0 0 0. 0. 0. 0.
17.109 1 CBF_REC 4 0 0 0. 0. 0. 0.
17.110 1 CBF_REC 5 0 0 0. 0. 0. 0.
17.110 1 CBF_REC 6 0 0 0. 0. 0. 0.
17.111 1 CBF_REC 3 0 0 0. 0. 0. 0.
17.111 1 CBF_REC 4 0 0 0. 0. 0. 0.
17.112 1 CBF_REC 5 0 0 0. 0. 0. 0.
17.113 1 GPS 0 16602145 0 0 -17000 0 0 2148 40000 31 0
17.114 1 SVINFO 0 0 0 0 0 0 0
17.114 1 ATTITUDE -0.198108 3.130189 0.011244
17.115 1 ROTORCRAFT_NAV_STATUS 37 0 0. 0. 0 3 0
17.156 1 INS 0 0 0 0 0 0 -83 -469 -8418
17.172 1 ATTITUDE -0.198056 3.13018 0.011229
17.252 1 INS 0 0 0 0 0 0 -53 -478 -8504
17.283 1 ATTITUDE -0.198069 3.130053 0.011225
17.340 1 ROVER_CTRL 0. 0. 0. 0. 1400. 600. 1000. 0. 0. 0. 0. 0.
17.341 1 GPS_INT 0 0 0 0 0 0 -17000 0 0 0 429496729 99900 40250 9999 0 0 1
17.342 1 SVINFO 0 0 0 0 0 0 0
17.343 1 GPS 0 16602145 0 0 -17000 0 0 2148 40250 31 0
17.344 1 SVINFO 0 0 0 0 0 0 0
17.355 1 INS 0 0 0 0 0 0 -12 -467 -8134
17.371 1 ATTITUDE -0.198034 3.130086 0.011221
17.466 1 ROVER_STATUS 2 0 0 2 0 40 8.124451
17.466 1 INS 0 0 0 0 0 0 -68 -514 -8939
17.481 1 ATTITUDE -0.197887 3.130123 0.011272
17.594 1 GPS_INT 0 0 0 0 0 0 -17000 0 0 0 429496729 99900 40500 9999 0 0 1
17.596 1 SVINFO 0 0 0 0 0 0 0
17.596 1 INS 0 0 0 0 0 0 -108 -472 -8432
17.597 1 GPS 0 16602145 0 0 -17000 0 0 2148 40500 31 0
17.597 1 SVINFO 0 0 0 0 0 0 0
17.598 1 ATTITUDE -0.197894 3.130006 0.011237
17.658 1 INS 0 0 0 0 0 0 -41 -401 -8563
17.673 1 ATTITUDE -0.197788 3.130082 0.011238
17.754 1 INS 0 0 0 0 0 0 -59 -485 -8410
17.769 1 ATTITUDE -0.197696 3.130029 0.011291
17.841 1 ROVER_CTRL 0. 0. 0. 0. 1400. 600. 1000. 0. 0. 0. 0. 0.
17.842 1 GPS_INT 0 0 0 0 0 0 -17000 0 0 0 429496729 99900 40750 9999 0 0 1
17.844 1 SVINFO 0 0 0 0 0 0 0
17.845 1 GPS 0 16602145 0 0 -17000 0 0 2148 40750 31 0
17.845 1 SVINFO 0 0 0 0 0 0 0
17.892 1 CBF 0. 0. 0. 0. 4 0 2. 1.
17.892 1 CBF 0. 0. 0. 0. 4 0 2. 1.
17.893 1 INS 0 0 0 0 0 0 -55 -471 -8333
17.894 1 ATTITUDE -0.19759 3.130055 0.011271
17.963 1 INS 0 0 0 0 0 0 -92 -472 -8525
17.963 1 WP_MOVED_ENU 30 -1323 5112 2560
17.964 1 WP_MOVED_ENU 30 -1323 5112 2560
17.978 1 ATTITUDE -0.197476 3.129939 0.011279
17.991 1 LINK_REPORT 1 -1 18 0 24752 672 0 1764. 48. 3 19.88
18.043 1 CBF_REC 3 0 0 0. 0. 0. 0.
18.101 1 CBF_REC 4 0 0 0. 0. 0. 0.
18.102 1 CBF_REC 5 0 0 0. 0. 0. 0.
18.103 1 CBF_REC 6 0 0 0. 0. 0. 0.
18.103 1 CBF_REC 3 0 0 0. 0. 0. 0.
18.104 1 CBF_REC 4 0 0 0. 0. 0. 0.
18.105 1 CBF_REC 5 0 0 0. 0. 0. 0.
18.106 1 GPS 0 16602145 0 0 -17000 0 0 2148 41000 31 0
18.106 1 SVINFO 0 0 0 0 0 0 0
18.107 1 ATTITUDE -0.196808 3.133148 0.010995
18.149 1 INS 0 0 0 0 0 0 -280 -84 -8426
18.181 1 ATTITUDE -0.196065 3.128707 0.01158
18.261 1 INS 0 0 0 0 0 0 63 -636 -8599
18.277 1 ATTITUDE -0.194383 3.128676 0.011082
18.343 1 ROVER_CTRL 0. 0. 0. 0. 1400. 600. 1000. 0. 0. 0. 0. 0.
18.344 1 GPS_INT 0 0 0 0 0 0 -17000 0 0 0 429496729 99900 41250 9999 0 0 1
18.346 1 SVINFO 0 0 0 0 0 0 0
18.346 1 GPS 0 16602145 0 0 -17000 0 0 2148 41250 31 0
18.347 1 SVINFO 0 0 0 0 0 0 0
18.358 1 INS 0 0 0 0 0 0 -369 -250 -8153
18.374 1 ATTITUDE -0.193022 3.129978 0.011499
18.453 1 INS 0 0 0 0 0 0 -331 -398 -8660
18.470 1 ATTITUDE -0.19184 3.13041 0.011181
18.502 1 ALIVE 28,6,106,14,164,137,173,184,116,84,13,92,87,70,70,25
18.587 1 GPS_INT 0 0 0 0 0 0 -17000 0 0 0 429496729 99900 41500 9999 0 0 1
18.588 1 SVINFO 0 0 0 0 0 0 0
18.589 1 INS 0 0 0 0 0 0 100 -433 -8423
18.590 1 GPS 0 16602145 0 0 -17000 0 0 2148 41500 31 0
18.591 1 SVINFO 0 0 0 0 0 0 0
18.591 1 ATTITUDE -0.191531 3.130883 0.011013
18.651 1 INS 0 0 0 0 0 0 -25 -671 -8908
18.667 1 ATTITUDE -0.191147 3.130747 0.011184
18.699 1 ROTORCRAFT_NAV_STATUS 39 0 0. 0. 0 3 0
18.747 1 INS 0 0 0 0 0 0 -110 -612 -8638
18.779 1 ATTITUDE -0.19113 3.131947 0.010751
18.834 1 ROVER_CTRL 0. 0. 0. 0. 1400. 600. 1000. 0. 0. 0. 0. 0.
18.836 1 GPS_INT 0 0 0 0 0 0 -17000 0 0 0 429496729 99900 41750 9999 0 0 1
18.837 1 SVINFO 0 0 0 0 0 0 0
18.838 1 GPS 0 16602145 0 0 -17000 0 0 2148 41750 31 0
18.839 1 SVINFO 0 0 0 0 0 0 0
18.873 1 CBF 0. 0. 0. 0. 4 0 2. 1.
18.874 1 CBF 0. 0. 0. 0. 4 0 2. 1.
18.875 1 INS 0 0 0 0 0 0 -78 -351 -8415
18.876 1 ATTITUDE -0.191184 3.130669 0.00956
18.936 1 ROVER_STATUS 2 0 0 2 0 42 8.11562
18.952 1 INS 0 0 0 0 0 0 -3015 -969 -7367
18.968 1 ATTITUDE -0.191792 3.131138 0.01014
18.991 1 LINK_REPORT 1 -1 19 0 26494 719 0 1742. 47. 3 19.88
19.104 1 CBF_REC 3 0 0 0. 0. 0. 0.
19.105 1 CBF_REC 4 0 0 0. 0. 0. 0.
19.106 1 CBF_REC 5 0 0 0. 0. 0. 0.
19.106 1 CBF_REC 6 0 0 0. 0. 0. 0.
19.107 1 CBF_REC 3 0 0 0. 0. 0. 0.
19.108 1 CBF_REC 4 0 0 0. 0. 0. 0.
19.108 1 CBF_REC 5 0 0 0. 0. 0. 0.
19.108 1 GPS 0 16602145 0 0 -17000 0 0 2148 42000 31 0
19.108 1 SVINFO 0 0 0 0 0 0 0
19.109 1 ATTITUDE -0.191824 3.130941 0.010366
19.152 1 INS 0 0 0 0 0 0 16 -657 -8551
19.167 1 ATTITUDE -0.191562 3.131622 0.010676
19.261 1 INS 0 0 0 0 0 0 -174 -456 -8500
19.262 1 WP_MOVED_ENU 31 -1313 3832 2560
19.263 1 WP_MOVED_ENU 31 -1313 3832 2560
19.277 1 ATTITUDE -0.192424 3.13019 0.0098
19.333 1 ROVER_CTRL 0. 0. 0. 0. 1400. 600. 1000. 0. 0. 0. 0. 0.
19.334 1 GPS_INT 0 0 0 0 0 0 -17000 0 0 0 429496729 99900 42250 9999 0 0 1
19.335 1 SVINFO 0 0 0 0 0 0 0
19.336 1 GPS 0 16602145 0 0 -17000 0 0 2148 42250 31 0
19.336 1 SVINFO 0 0 0 0 0 0 0
19.348 1 INS 0 0 0 0 0 0 -99 -512 -8423
19.364 1 ATTITUDE -0.195333 3.126564 0.007721
19.444 1 INS 0 0 0 0 0 0 394 -314 -8311
19.476 1 ATTITUDE -0.196375 3.126052 0.006847
19.589 1 GPS_INT 0 0 0 0 0 0 -17000 0 0 0 429496729 99900 42500 9999 0 0 1
19.591 1 SVINFO 0 0 0 0 0 0 0
19.591 1 INS 0 0 0 0 0 0 -325 -473 -8578
19.592 1 GPS 0 16602145 0 0 -17000 0 0 2148 42500 31 0
19.593 1 SVINFO 0 0 0 0 0 0 0
19.594 1 ATTITUDE -0.198932 3.122238 0.004456
19.652 1 INS 0 0 0 0 0 0 59 -837 -8435
19.668 1 ATTITUDE -0.204194 3.11143 -0.002149
19.748 1 INS 0 0 0 0 0 0 134 -787 -8745
19.764 1 ATTITUDE -0.213061 3.099439 -0.010607
19.835 1 ROVER_CTRL 0. 0. 0. 0. 1400. 600. 1000. 0. 0. 0. 0. 0.
19.837 1 GPS_INT 0 0 0 0 0 0 -17000 0 0 0 429496729 99900 42750 9999 0 0 1
19.838 1 SVINFO 0 0 0 0 0 0 0
19.838 1 GPS 0 16602145 0 0 -17000 0 0 2148 42750 31 0
19.839 1 SVINFO 0 0 0 0 0 0 0
19.877 1 CBF 0. 0. 0. 0. 4 0 2. 1.
19.878 1 CBF 0. 0. 0. 0. 4 0 2. 1.
19.878 1 INS 0 0 0 0 0 0 -80 -764 -8349
19.879 1 ATTITUDE -0.21371 3.097695 -0.010706
19.956 1 INS 0 0 0 0 0 0 785 -199 -8174
19.972 1 ATTITUDE -0.215653 3.095394 -0.007928
19.992 1 LINK_REPORT 1 -1 20 0 28206 765 0 1712. 46. 3 19.88
20.036 1 CBF_REC 3 0 0 0. 0. 0. 0.
20.095 1 CBF_REC 4 0 0 0. 0. 0. 0.
20.095 1 CBF_REC 5 0 0 0. 0. 0. 0.
20.095 1 CBF_REC 6 0 0 0. 0. 0. 0.
20.095 1 CBF_REC 3 0 0 0. 0. 0. 0.
20.095 1 CBF_REC 4 0 0 0. 0. 0. 0.
20.096 1 CBF_REC 5 0 0 0. 0. 0. 0.
20.096 1 GPS 0 16602145 0 0 -17000 0 0 2148 43000 31 0
20.096 1 SVINFO 0 0 0 0 0 0 0
20.096 1 ATTITUDE -0.214726 3.095065 -0.009134
20.143 1 INS 0 0 0 0 0 0 -183 -355 -8547
20.175 1 ATTITUDE -0.212862 3.097138 -0.007618
20.255 1 INS 0 0 0 0 0 0 -557 -600 -8502
20.271 1 ATTITUDE -0.21205 3.09837 -0.007345
20.363 1 ROVER_CTRL 0. 0. 0. 0. 1400. 600. 1000. 0. 0. 0. 0. 0.
20.365 1 GPS_INT 0 0 0 0 0 0 -17000 0 0 0 429496729 99900 43250 9999 0 0 1
20.366 1 SVINFO 0 0 0 0 0 0 0
20.367 1 ROTORCRAFT_NAV_STATUS 40 0 0. 0. 0 3 0
20.368 1 GPS 0 16602145 0 0 -17000 0 0 2148 43250 31 0
20.369 1 SVINFO 0 0 0 0 0 0 0
20.370 1 INS_REF 485064565 -31598534 411664691 404506486 -37271496 702390 650000 0.
20.371 1 INS 0 0 0 0 0 0 117 -539 -8648
20.372 1 ATTITUDE -0.212068 3.098049 -0.00734
20.442 1 ROVER_STATUS 2 0 0 2 0 43 8.124451
20.458 1 INS 0 0 0 0 0 0 -52 -615 -8403
20.474 1 ATTITUDE -0.213134 3.093603 -0.009629
20.506 1 PONG 
20.598 1 GPS_INT 0 0 0 0 0 0 -17000 0 0 0 429496729 99900 43500 9999 0 0 1
20.599 1 SVINFO 0 0 0 0 0 0 0
20.600 1 INS 0 0 0 0 0 0 300 -1472 -8229
20.601 1 WP_MOVED_ENU 32 -1300 2549 2560
20.602 1 WP_MOVED_ENU 32 -1300 2549 2560
20.603 1 GPS 0 16602145 0 0 -17000 0 0 2148 43500 31 0
20.604 1 SVINFO 0 0 0 0 0 0 0
20.605 1 ATTITUDE -0.213681 3.082554 -0.017923
20.646 1 INS 0 0 0 0 0 0 2216 -344 -8138
20.661 1 ATTITUDE -0.212423 3.081653 -0.019832
20.741 1 ENERGY 0 8.11562 0.2 1.623124 1.004831 0.002093 0.017005
20.758 1 INS 0 0 0 0 0 0 -142 -725 -8448
20.773 1 ATTITUDE -0.212469 3.080545 -0.018217
20.829 1 ROVER_CTRL 0. 0. 0. 0. 1400. 600. 1000. 0. 0. 0. 0. 0.
20.830 1 GPS_INT 0 0 0 0 0 0 -17000 0 0 0 429496729 99900 43750 9999 0 0 1
20.831 1 SVINFO 0 0 0 0 0 0 0
20.832 1 GPS 0 16602145 0 0 -17000 0 0 2148 43750 31 0
20.832 1 SVINFO 0 0 0 0 0 0 0
20.868 1 CBF 0. 0. 0. 0. 4 0 2. 1.
20.869 1 CBF 0. 0. 0. 0. 4 0 2. 1.
20.870 1 INS 0 0 0 0 0 0 -189 -588 -8427
20.871 1 ATTITUDE -0.212936 3.079717 -0.016956
20.947 1 INS 0 0 0 0 0 0 -268 -476 -8175
20.963 1 ATTITUDE -0.213019 3.077304 -0.017069
20.992 1 LINK_REPORT 1 -1 21 0 30066 816 0 1860. 51. 4 23.31
21.994 1 LINK_REPORT 1 -1 22 0 30066 816 0 0. 0. 4 23.31
22.994 1 LINK_REPORT 1 -1 23 1 30066 816 0 0. 0. 4 23.31
23.995 1 LINK_REPORT 1 -1 24 2 30066 816 0 0. 0. 4 23.31
24.996 1 LINK_REPORT 1 -1 25 3 30066 816 0 0. 0. 4 23.31
25.997 1 LINK_REPORT 1 -1 26 4 30066 816 0 0. 0. 5 -4977.45
26.998 1 LINK_REPORT 1 -1 27 5 30066 816 0 0. 0. 5 -4977.45
28.000 1 LINK_REPORT 1 -1 28 6 30066 816 0 0. 0. 5 -4977.45
29.001 1 LINK_REPORT 1 -1 29 7 30066 816 0 0. 0. 5 -4977.45
30.002 1 LINK_REPORT 1 -1 30 8 30066 816 0 0. 0. 5 -4977.45
31.003 1 LINK_REPORT 1 -1 31 9 30066 816 0 0. 0. 5 -9978.14
32.003 1 LINK_REPORT 1 -1 32 10 30066 816 0 0. 0. 5 -9978.14
33.004 1 LINK_REPORT 1 -1 33 11 30066 816 0 0. 0. 5 -9978.14
34.005 1 LINK_REPORT 1 -1 34 12 30066 816 0 0. 0. 5 -9978.14
35.006 1 LINK_REPORT 1 -1 35 13 30066 816 0 0. 0. 5 -9978.14
36.007 1 LINK_REPORT 1 -1 36 14 30066 816 0 0. 0. 5 -14978.63
37.008 1 LINK_REPORT 1 -1 37 15 30066 816 0 0. 0. 5 -14978.63
38.010 1 LINK_REPORT 1 -1 38 16 30066 816 0 0. 0. 5 -14978.63
39.010 1 LINK_REPORT 1 -1 39 17 30066 816 0 0. 0. 5 -14978.63
40.011 1 LINK_REPORT 1 -1 40 18 30066 816 0 0. 0. 5 -14978.63
41.012 1 LINK_REPORT 1 -1 41 19 30066 816 0 0. 0. 5 -19979.57
42.013 1 LINK_REPORT 1 -1 42 20 30066 816 0 0. 0. 5 -19979.57
43.014 1 LINK_REPORT 1 -1 43 21 30066 816 0 0. 0. 5 -19979.57
44.015 1 LINK_REPORT 1 -1 44 22 30066 816 0 0. 0. 5 -19979.57
45.016 1 LINK_REPORT 1 -1 45 23 30066 816 0 0. 0. 5 -19979.57
46.017 1 LINK_REPORT 1 -1 46 24 30066 816 0 0. 0. 5 -24980.87
47.019 1 LINK_REPORT 1 -1 47 25 30066 816 0 0. 0. 5 -24980.87
48.020 1 LINK_REPORT 1 -1 48 26 30066 816 0 0. 0. 5 -24980.87
49.021 1 LINK_REPORT 1 -1 49 27 30066 816 0 0. 0. 5 -24980.87
50.022 1 LINK_REPORT 1 -1 50 28 30066 816 0 0. 0. 5 -24980.87
51.023 1 LINK_REPORT 1 -1 51 29 30066 816 0 0. 0. 5 -29981.45
52.024 1 LINK_REPORT 1 -1 52 30 30066 816 0 0. 0. 5 -29981.45
53.026 1 LINK_REPORT 1 -1 53 31 30066 816 0 0. 0. 5 -29981.45
54.028 1 LINK_REPORT 1 -1 54 32 30066 816 0 0. 0. 5 -29981.45
55.028 1 LINK_REPORT 1 -1 55 33 30066 816 0 0. 0. 5 -29981.45
56.028 1 LINK_REPORT 1 -1 56 34 30066 816 0 0. 0. 5 -34982.26
57.030 1 LINK_REPORT 1 -1 57 35 30066 816 0 0. 0. 5 -34982.26
58.031 1 LINK_REPORT 1 -1 58 36 30066 816 0 0. 0. 5 -34982.26
59.032 1 LINK_REPORT 1 -1 59 37 30066 816 0 0. 0. 5 -34982.26
60.033 1 LINK_REPORT 1 -1 60 38 30066 816 0 0. 0. 5 -34982.26
61.035 1 LINK_REPORT 1 -1 61 39 30066 816 0 0. 0. 5 -39983.23
62.036 1 LINK_REPORT 1 -1 62 40 30066 816 0 0. 0. 5 -39983.23
63.037 1 LINK_REPORT 1 -1 63 41 30066 816 0 0. 0. 5 -39983.23
64.038 1 LINK_REPORT 1 -1 64 42 30066 816 0 0. 0. 5 -39983.23
65.040 1 LINK_REPORT 1 -1 65 43 30066 816 0 0. 0. 5 -39983.23
66.040 1 LINK_REPORT 1 -1 66 44 30066 816 0 0. 0. 5 -44983.7
67.042 1 LINK_REPORT 1 -1 67 45 30066 816 0 0. 0. 5 -44983.7
68.043 1 LINK_REPORT 1 -1 68 46 30066 816 0 0. 0. 5 -44983.7
69.044 1 LINK_REPORT 1 -1 69 47 30066 816 0 0. 0. 5 -44983.7
70.045 1 LINK_REPORT 1 -1 70 48 30066 816 0 0. 0. 5 -44983.7
71.046 1 LINK_REPORT 1 -1 71 49 30066 816 0 0. 0. 5 -49984.59
72.047 1 LINK_REPORT 1 -1 72 50 30066 816 0 0. 0. 5 -49984.59
73.048 1 LINK_REPORT 1 -1 73 51 30066 816 0 0. 0. 5 -49984.59
74.050 1 LINK_REPORT 1 -1 74 52 30066 816 0 0. 0. 5 -49984.59
75.051 1 LINK_REPORT 1 -1 75 53 30066 816 0 0. 0. 5 -49984.59
76.051 1 LINK_REPORT 1 -1 76 54 30066 816 0 0. 0. 5 -54985.94
77.053 1 LINK_REPORT 1 -1 77 55 30066 816 0 0. 0. 5 -54985.94
78.054 1 LINK_REPORT 1 -1 78 56 30066 816 0 0. 0. 5 -54985.94
79.055 1 LINK_REPORT 1 -1 79 57 30066 816 0 0. 0. 5 -54985.94
80.056 1 LINK_REPORT 1 -1 80 58 30066 816 0 0. 0. 5 -54985.94
81.058 1 LINK_REPORT 1 -1 81 59 30066 816 0 0. 0. 5 -59987.14
82.059 1 LINK_REPORT 1 -1 82 60 30066 816 0 0. 0. 5 -59987.14
83.060 1 LINK_REPORT 1 -1 83 61 30066 816 0 0. 0. 5 -59987.14
