8.939 5 LINK_REPORT 5 -1 9 0 3971 110 0 3238. 90. 0 0.
9.008 5 GPS_INT 0 0 0 0 0 0 0 0 0 0 0 0 0 0 0 0 1
9.009 5 SVINFO 0 0 0 0 0 0 0
9.009 5 STATIC_CONTROL 0 0. 0 0. 0. 0. 0. 0. 0. 0. 0. 0. 0.
9.009 5 INS 0 0 0 0 0 0 0 0 0
9.009 5 LIDAR 0. 0. 0 1
9.009 5 ATTITUDE 0. 0. 0.
9.009 5 ROVER_CTRL 0. 0. 0. 0. 1400. 600. 1000. 0. 0. 0. 0. 0.
9.010 5 GPS 0 0 0 0 0 0 0 0 0 0 0
9.010 5 SVINFO 0 0 0 0 0 0 0
9.010 5 INS 0 0 0 0 0 0 0 0 0
9.010 5 LIDAR 0. 0. 0 1
9.010 5 ATTITUDE 0. 0. 0.
9.078 5 ROTORCRAFT_FP 0 0 0 0 0 0 0 0 0 0 0 0 0 390 0
9.078 5 INS 0 0 0 0 0 0 0 0 0
9.078 5 LIDAR 0. 0. 0 1
9.078 5 ATTITUDE 0. 0. 0.
9.078 5 GPS_INT 0 0 0 0 0 0 0 0 0 0 0 0 0 0 0 0 1
9.079 5 SVINFO 0 0 0 0 0 0 0
9.079 5 ENERGY 4 8.354055 0.2 1.670811 1. 7.7e-05 0.000644
9.079 5 INS 0 0 0 0 0 0 0 0 0
9.079 5 LIDAR 0. 0. 0 1
9.079 5 ATTITUDE 0. 0. 0.
9.110 5 INS 0 0 0 0 0 0 0 0 0
9.126 5 LIDAR 0. 0. 0 1
9.126 5 ATTITUDE 0. 0. 0.
9.158 5 INS 0 0 0 0 0 0 0 0 0
9.174 5 LIDAR 0. 0. 0 1
9.176 5 ATTITUDE 0. 0. 0.
9.238 5 GPS_INT 0 0 0 0 0 0 0 0 0 0 0 0 0 0 0 0 1
9.239 5 SVINFO 0 0 0 0 0 0 0
9.240 5 GPS 0 0 0 0 0 0 0 0 0 0 0
9.240 5 SVINFO 0 0 0 0 0 0 0
9.241 5 INS 0 0 0 0 0 0 0 0 0
9.241 5 LIDAR 0. 0. 0 1
9.242 5 ATTITUDE 0. 0. 0.
9.290 5 ROTORCRAFT_FP 0 0 0 0 0 0 0 0 0 0 0 0 0 390 0
9.292 5 INS 0 0 0 0 0 0 0 0 0
9.292 5 LIDAR 0. 0. 0 1
9.293 5 ATTITUDE 0. 0. 0.
9.306 5 STATE_FILTER_STATUS 6 5 0
9.307 5 GPS_SOL 0 0 0 0
9.307 5 IMU_MAG_RAW 255 0 0 0
9.333 5 INS 0 0 0 0 0 0 0 0 0
9.333 5 LIDAR 0. 0. 0 1
9.334 5 ATTITUDE 0. 0. 0.
9.383 5 GPS_INT 0 0 0 0 0 0 0 0 0 0 0 0 0 0 0 0 1
9.384 5 SVINFO 0 0 0 0 0 0 0
9.385 5 ROVER_STATUS 0 60 0 0 0 4 8.362886
9.386 5 INS 0 0 0 0 0 0 0 0 0
9.387 5 LIDAR 0. 0. 0 1
9.387 5 ATTITUDE 0. 0. 0.
9.414 5 INS 0 0 0 0 0 0 0 0 0
9.414 5 LIDAR 0. 0. 0 1
9.429 5 ATTITUDE 0. 0. 0.
9.540 5 ROVER_CTRL 0. 0. 0. 0. 1400. 600. 1000. 0. 0. 0. 0. 0.
9.541 5 GPS 0 0 0 0 0 0 0 0 0 0 0
9.541 5 SVINFO 0 0 0 0 0 0 0
9.542 5 INS 0 0 0 0 0 0 0 0 0
9.542 5 LIDAR 0. 0. 0 1
9.543 5 ATTITUDE 0. 0. 0.
9.543 5 GPS_INT 0 0 0 0 0 0 0 0 0 0 0 0 0 0 0 0 1
9.544 5 SVINFO 0 0 0 0 0 0 0
9.545 5 ROTORCRAFT_FP 0 0 0 0 0 0 0 0 0 0 0 0 0 390 0
9.546 5 INS 0 0 0 0 0 0 0 0 0
9.546 5 LIDAR 0. 0. 0 1
9.547 5 ATTITUDE 0. 0. 0.
9.555 5 INS 0 0 0 0 0 0 0 0 0
9.571 5 LIDAR 0. 0. 0 1
9.571 5 ATTITUDE 0. 0. 0.
9.603 5 INS 0 0 0 0 0 0 0 0 0
9.619 5 LIDAR 0. 0. 0 1
9.620 5 ATTITUDE 0. 0. 0.
9.662 5 GPS_INT 0 0 0 0 0 0 0 0 0 0 0 0 0 0 0 0 1
9.663 5 SVINFO 0 0 0 0 0 0 0
9.663 5 INS 0 0 0 0 0 0 0 0 0
9.677 5 LIDAR 0. 0. 0 1
9.678 5 ATTITUDE 0. 0. 0.
9.732 5 GPS 0 0 0 0 0 0 0 0 0 0 0
9.733 5 SVINFO 0 0 0 0 0 0 0
9.734 5 INS 0 0 0 0 0 0 0 0 0
9.734 5 LIDAR 0. 0. 0 1
9.735 5 ATTITUDE 0. 0. 0.
9.735 5 DATALINK_REPORT 2 0 193 1444 0 0
9.808 5 ROTORCRAFT_FP 0 0 0 0 0 0 0 0 0 0 0 0 0 390 0
9.809 5 INS 0 0 0 0 0 0 0 0 0
9.809 5 LIDAR 0. 0. 0 1
9.810 5 ATTITUDE 0. 0. 0.
9.810 5 GPS_INT 0 0 0 0 0 0 0 0 0 0 0 0 0 0 0 0 1
9.811 5 SVINFO 0 0 0 0 0 0 0
9.811 5 INS 0 0 0 0 0 0 0 0 0
9.822 5 LIDAR 0. 0. 0 1
9.823 5 ATTITUDE 0. 0. 0.
9.855 5 INS 0 0 0 0 0 0 0 0 0
9.871 5 LIDAR 0. 0. 0 1
9.871 5 ATTITUDE 0. 0. 0.
9.939 5 LINK_REPORT 5 -1 10 0 7410 205 0 3439. 95. 0 0.
9.997 5 STATIC_CONTROL 0 0. 0 0. 0. 0. 0. 0. 0. 0. 0. 0. 0.
9.998 5 INS 0 0 0 0 0 0 0 0 0
9.999 5 AUTOPILOT_VERSION 60200 v6.2_unstable-646-g8eafc4b7c-dirty
9.999 5 LIDAR 0. 0. 0 1
10.000 5 ATTITUDE 0. 0. 0.
10.001 5 GPS_INT 0 0 0 0 0 0 0 0 0 0 0 0 0 0 0 0 1
10.002 5 SVINFO 0 0 0 0 0 0 0
10.002 5 DL_VALUE 1 5.
10.003 5 ROVER_CTRL 0. 0. 0. 0. 1400. 600. 1000. 0. 0. 0. 0. 0.
10.003 5 GPS 0 0 0 0 0 0 0 0 0 0 0
10.004 5 SVINFO 0 0 0 0 0 0 0
10.005 5 INS 0 0 0 0 0 0 0 0 0
10.005 5 LIDAR 0. 0. 0 1
10.006 5 ATTITUDE 0. 0. 0.
10.048 5 ROTORCRAFT_FP 0 0 0 0 0 0 0 0 0 0 0 0 0 390 0
10.049 5 INS 0 0 0 0 0 0 0 0 0
10.050 5 LIDAR 0. 0. 0 1
10.050 5 ATTITUDE 0. 0. 0.
10.050 5 WP_MOVED_ENU 2 -276 -3691 2560
10.051 5 WP_MOVED_ENU 2 -276 -3691 2560
10.062 5 INS 0 0 0 0 0 0 0 0 0
10.063 5 LIDAR 0. 0. 0 1
10.078 5 ATTITUDE 0. 0. 0.
10.127 5 GPS_INT 0 0 0 0 0 0 0 0 0 0 0 0 0 0 0 0 1
10.128 5 SVINFO 0 0 0 0 0 0 0
10.128 5 ROTORCRAFT_NAV_STATUS 2 0 0. 0. 0 2 0
10.129 5 IMU_MAG_RAW 255 0 0 0
10.129 5 INS 0 0 0 0 0 0 0 0 0
10.130 5 LIDAR 0. 0. 0 1
10.130 5 ATTITUDE 0. 0. 0.
10.158 5 INS 0 0 0 0 0 0 0 0 0
10.174 5 LIDAR 0. 0. 0 1
10.174 5 ATTITUDE 0. 0. 0.
10.229 5 GPS 0 0 0 0 0 0 0 0 0 0 0
10.230 5 SVINFO 0 0 0 0 0 0 0
10.230 5 INS 0 0 0 0 0 0 0 0 0
10.231 5 LIDAR 0. 0. 0 1
10.231 5 ATTITUDE 0. 0. 0.
10.284 5 GPS_INT 0 0 0 0 0 0 0 0 0 0 0 0 0 0 0 0 1
10.286 5 SVINFO 0 0 0 0 0 0 0
10.286 5 ROTORCRAFT_FP 0 0 0 0 0 0 0 0 0 0 0 0 0 390 0
10.287 5 INS 0 0 0 0 0 0 0 0 0
10.288 5 LIDAR 0. 0. 0 1
10.288 5 ATTITUDE 0. 0. 0.
10.313 5 INS 0 0 0 0 0 0 0 0 0
10.314 5 LIDAR 0. 0. 0 1
10.329 5 ATTITUDE 0. 0. 0.
10.361 5 INS 0 0 0 0 0 0 0 0 0
10.362 5 LIDAR 0. 0. 0 1
10.376 5 ATTITUDE 0. 0. 0.
10.414 5 GPS_INT 0 0 0 0 0 0 0 0 0 0 0 0 0 0 0 0 1
10.415 5 SVINFO 0 0 0 0 0 0 0
10.416 5 INS 0 0 0 0 0 0 0 0 0
10.416 5 LIDAR 0. 0. 0 1
10.429 5 ATTITUDE 0. 0. 0.
10.494 5 ROVER_CTRL 0. 0. 0. 0. 1400. 600. 1000. 0. 0. 0. 0. 0.
10.495 5 GPS 0 0 0 0 0 0 0 0 0 0 0
10.496 5 SVINFO 0 0 0 0 0 0 0
10.496 5 INS 0 0 0 0 0 0 0 0 0
10.497 5 LIDAR 0. 0. 0 1
10.497 5 ATTITUDE 0. 0. 0.
10.565 5 ROTORCRAFT_FP 0 0 0 0 0 0 0 0 0 0 0 0 0 390 0
10.566 5 INS 0 0 0 0 0 0 0 0 0
10.567 5 PONG 
10.567 5 LIDAR 0. 0. 0 1
10.567 5 ATTITUDE 0. 0. 0.
10.568 5 GPS_INT 0 0 0 0 0 0 0 0 0 0 0 0 0 0 0 0 1
10.569 5 SVINFO 0 0 0 0 0 0 0
10.569 5 INS 0 0 0 0 0 0 0 0 0
10.569 5 LIDAR 0. 0. 0 1
10.569 5 ATTITUDE 0. 0. 0.
10.613 5 INS 0 0 0 0 0 0 0 0 0
10.613 5 LIDAR 0. 0. 0 1
10.628 5 ATTITUDE 0. 0. 0.
10.661 5 INS 0 0 0 0 0 0 0 0 0
10.662 5 LIDAR 0. 0. 0 1
10.676 5 ATTITUDE 0. 0. 0.
10.725 5 GPS_INT 0 0 0 0 0 0 0 0 0 0 0 0 0 0 0 0 1
10.726 5 SVINFO 0 0 0 0 0 0 0
10.727 5 GPS 0 0 0 0 0 0 0 0 0 0 0
10.727 5 SVINFO 0 0 0 0 0 0 0
10.728 5 INS 0 0 0 0 0 0 0 0 0
10.728 5 LIDAR 0. 0. 0 1
10.729 5 ATTITUDE 0. 0. 0.
10.782 5 ROTORCRAFT_FP 0 0 0 0 0 0 0 0 0 0 0 0 0 390 0
10.783 5 INS 0 0 0 0 0 0 0 0 0
10.783 5 LIDAR 0. 0. 0 1
10.784 5 ATTITUDE 0. 0. 0.
10.814 5 INS 0 0 0 0 0 0 0 0 0
10.814 5 LIDAR 0. 0. 0 1
10.815 5 ATTITUDE 0. 0. 0.
10.866 5 GPS_INT 0 0 0 0 0 0 0 0 0 0 0 0 0 0 0 0 1
10.868 5 SVINFO 0 0 0 0 0 0 0
10.868 5 ROVER_STATUS 0 60 0 0 0 5 8.336393
10.869 5 INS 0 0 0 0 0 0 0 0 0
10.869 5 LIDAR 0. 0. 0 1
10.940 5 LINK_REPORT 5 -1 11 0 10884 301 0 3474. 96. 1 129.63
10.946 5 ATTITUDE 0. 0. 0.
10.946 5 STATIC_CONTROL 0 0. 0 0. 0. 0. 0. 0. 0. 0. 0. 0. 0.
10.947 5 IMU_MAG_RAW 255 0 0 0
10.948 5 INS 0 0 0 0 0 0 0 0 0
10.948 5 LIDAR 0. 0. 0 1
10.948 5 ATTITUDE 0. 0. 0.
11.039 5 ROVER_CTRL 0. 0. 0. 0. 1400. 600. 1000. 0. 0. 0. 0. 0.
11.040 5 GPS 0 0 0 0 0 0 0 0 0 0 0
11.041 5 SVINFO 0 0 0 0 0 0 0
11.041 5 INS 0 0 0 0 0 0 0 0 0
11.042 5 LIDAR 0. 0. 0 1
11.042 5 ATTITUDE 0. 0. 0.
11.043 5 GPS_INT 0 0 0 0 0 0 0 0 0 0 0 0 0 0 0 0 1
11.044 5 SVINFO 0 0 0 0 0 0 0
11.044 5 ROTORCRAFT_FP 0 0 0 0 0 0 0 0 0 0 0 0 0 390 0
11.046 5 INS 0 0 0 0 0 0 0 0 0
11.046 5 LIDAR 0. 0. 0 1
11.047 5 ATTITUDE 0. 0. 0.
11.055 5 INS 0 0 0 0 0 0 0 0 0
11.071 5 LIDAR 0. 0. 0 1
11.071 5 ATTITUDE 0. 0. 0.
11.103 5 INS 0 0 0 0 0 0 0 0 0
11.119 5 LIDAR 0. 0. 0 1
11.120 5 ATTITUDE 0. 0. 0.
11.161 5 GPS_INT 0 0 0 0 0 0 0 0 0 0 0 0 0 0 0 0 1
11.162 5 SVINFO 0 0 0 0 0 0 0
11.162 5 INS 0 0 0 0 0 0 0 0 0
11.163 5 LIDAR 0. 0. 0 1
11.176 5 ATTITUDE 0. 0. 0.
11.231 5 GPS 0 16602145 0 0 -17000 0 0 0 6000 31 0
11.232 5 SVINFO 0 0 0 0 0 0 0
11.232 5 INS 0 0 0 0 0 0 0 0 0
11.233 5 ALIVE 96,139,29,68,150,246,72,142,157,40,89,186,210,225,152,96
11.234 5 LIDAR 0. 0. 0 1
11.234 5 ATTITUDE 0. 0. 0.
11.318 5 ROTORCRAFT_FP 0 0 0 0 0 0 0 0 0 0 0 0 0 375 0
11.319 5 INS 0 0 0 0 0 0 0 0 0
11.319 5 LIDAR 0. 0. 0 1
11.320 5 ATTITUDE 0. 0. 0.
11.320 5 GPS_INT 0 0 0 0 0 0 -17000 0 0 0 0 0 6000 0 0 0 1
11.321 5 SVINFO 0 0 0 0 0 0 0
11.321 5 GPS_SOL 0 0 0 0
11.321 5 INS 0 0 0 0 0 0 0 0 0
11.321 5 LIDAR 0. 0. 0 1
11.321 5 ATTITUDE 0. 0. 0.
11.333 5 WP_MOVED_ENU 3 -668 -2721 2560
11.333 5 WP_MOVED_ENU 3 -668 -2721 2560
11.349 5 INS 0 0 0 0 0 0 0 0 0
11.380 5 LIDAR 0. 0. 0 1
11.380 5 ATTITUDE 0. 0. 0.
11.384 5 UART_ERRORS 0 0 0 0
11.385 5 UART_ERRORS 0 0 0 0
11.385 5 UART_ERRORS 0 2 2719 0
11.412 5 INS 0 0 0 0 0 0 0 0 0
11.413 5 LIDAR 0. 0. 0 1
11.413 5 ATTITUDE 0. 0. 0.
11.489 5 GPS_INT 0 0 0 0 0 0 -17000 0 0 0 0 0 6000 0 0 0 1
11.490 5 SVINFO 0 0 0 0 0 0 0
11.491 5 ROVER_CTRL 0. 0. 0. 0. 1400. 600. 1000. 0. 0. 0. 0. 0.
11.492 5 GPS 0 16602145 0 0 -17000 0 0 0 6000 31 0
11.492 5 SVINFO 0 0 0 0 0 0 0
11.493 5 INS 0 0 0 0 0 0 0 0 0
11.493 5 LIDAR 0. 0. 0 1
11.494 5 ATTITUDE 0. 0. 0.
11.540 5 ROTORCRAFT_FP 0 0 0 0 0 0 0 0 0 0 0 0 0 375 0
11.541 5 INS 0 0 0 0 0 0 0 0 0
11.542 5 LIDAR 0. 0. 0 1
11.542 5 ATTITUDE 0. 0. 0.
11.543 5 DL_VALUE 2 5.
11.556 5 INS 0 0 0 0 0 0 0 0 0
11.571 5 LIDAR 0. 0. 0 1
11.572 5 ATTITUDE 0. 0. 0.
11.609 5 GPS_INT 0 0 0 0 0 0 -17000 0 0 0 0 0 6000 0 0 0 1
11.610 5 SVINFO 0 0 0 0 0 0 0
11.611 5 INS 0 0 0 0 0 0 0 0 0
11.611 5 LIDAR 0. 0. 0 1
11.625 5 ATTITUDE 0. 0. 0.
11.656 5 INS 0 0 0 0 0 0 0 0 0
11.657 5 LIDAR 0. 0. 0 1
11.673 5 ATTITUDE 0. 0. 0.
11.689 5 ROTORCRAFT_NAV_STATUS 4 0 0. 0. 0 2 0
11.788 5 IMU_MAG_RAW 255 0 0 0
11.789 5 GPS 0 16602145 0 0 -17000 0 0 0 6000 31 0
11.790 5 SVINFO 0 0 0 0 0 0 0
11.790 5 INS 0 0 0 0 0 0 0 0 0
11.791 5 LIDAR 0. 0. 0 1
11.791 5 ATTITUDE 0. 0. 0.
11.792 5 GPS_INT 0 0 0 0 0 0 -17000 0 0 0 0 0 6000 0 0 0 1
11.793 5 SVINFO 0 0 0 0 0 0 0
11.794 5 ROTORCRAFT_FP 0 0 0 0 0 0 0 0 0 0 0 0 0 390 0
11.795 5 INS 0 0 0 0 0 0 0 0 0
11.795 5 LIDAR 0. 0. 0 1
11.796 5 ATTITUDE 0. 0. 0.
11.805 5 INS 0 0 0 0 0 0 0 0 0
11.821 5 LIDAR 0. 0. 0 1
11.821 5 ATTITUDE 0. 0. 0.
11.853 5 INS 0 0 0 0 0 0 0 0 0
11.868 5 LIDAR 0. 0. 0 1
11.869 5 ATTITUDE 0. 0. 0.
11.921 5 GPS_INT 0 0 0 0 0 0 -17000 0 0 0 0 0 6000 0 0 0 1
11.922 5 SVINFO 0 0 0 0 0 0 0
11.923 5 STATIC_CONTROL 0 0. 0 0. 0. 0. 0. 0. 0. 0. 0. 0. 0.
11.924 5 INS 0 0 0 0 0 0 0 0 0
11.925 5 LIDAR 0. 0. 0 1
11.926 5 ATTITUDE 0. 0. 0.
11.941 5 LINK_REPORT 5 -1 12 0 14615 406 0 3731. 105. 1 129.63
11.987 5 ROVER_CTRL 0. 0. 0. 0. 1400. 600. 1000. 0. 0. 0. 0. 0.
11.988 5 GPS 0 16602145 0 0 -17000 0 0 0 6000 31 0
11.988 5 SVINFO 0 0 0 0 0 0 0
11.989 5 INS 0 0 0 0 0 0 0 0 0
11.990 5 LIDAR 0. 0. 0 1
11.990 5 ATTITUDE 0. 0. 0.
12.051 5 ROTORCRAFT_FP 0 0 0 0 0 0 0 0 0 0 0 0 0 390 0
12.052 5 INS 0 0 0 0 0 0 0 0 0
12.056 5 LIDAR 0. 0. 0 1
12.057 5 ATTITUDE 0. 0. 0.
12.057 5 GPS_INT 0 0 0 0 0 0 -17000 0 0 0 0 0 6000 0 0 0 1
12.057 5 SVINFO 0 0 0 0 0 0 0
12.057 5 INS 0 0 0 0 0 0 0 0 0
12.066 5 LIDAR 0. 0. 0 1
12.066 5 ATTITUDE 0. 0. 0.
12.098 5 INS 0 0 0 0 0 0 0 0 0
12.114 5 LIDAR 0. 0. 0 1
12.115 5 ATTITUDE 0. 0. 0.
12.146 5 INS 0 0 0 0 0 0 0 0 0
12.162 5 LIDAR 0. 0. 0 1
12.163 5 ATTITUDE 0. 0. 0.
12.226 5 GPS_INT 0 0 0 0 0 0 -17000 0 0 0 0 0 7000 0 0 0 1
12.227 5 SVINFO 0 0 0 0 0 0 0
12.228 5 GPS 0 16602145 0 0 -17000 0 0 0 7000 31 0
12.229 5 SVINFO 0 0 0 0 0 0 0
12.229 5 INS 0 0 0 0 0 0 0 0 0
12.230 5 LIDAR 0. 0. 0 1
12.230 5 ATTITUDE 0. 0. 0.
12.280 5 ROTORCRAFT_FP 0 0 0 0 0 0 0 0 0 0 0 0 0 390 0
12.281 5 INS 0 0 0 0 0 0 0 0 0
12.282 5 LIDAR 0. 0. 0 1
12.282 5 ATTITUDE 0. 0. 0.
12.295 5 INS 0 0 0 0 0 0 0 0 0
12.311 5 LIDAR 0. 0. 0 1
12.311 5 ATTITUDE 0. 0. 0.
12.367 5 GPS_INT 0 0 0 0 0 0 -17000 0 0 0 0 0 7000 0 0 0 1
12.368 5 SVINFO 0 0 0 0 0 0 0
12.368 5 ROVER_STATUS 0 60 0 0 0 7 8.354055
12.369 5 INS 0 0 0 0 0 0 0 0 0
12.369 5 LIDAR 0. 0. 0 1
12.370 5 ATTITUDE 0. 0. 0.
12.398 5 INS 0 0 0 0 0 0 0 0 0
12.418 5 LIDAR 0. 0. 0 1
12.419 5 ATTITUDE 0. 0. 0.
12.540 5 ROVER_CTRL 0. 0. 0. 0. 1400. 600. 1000. 0. 0. 0. 0. 0.
12.540 5 GPS 0 16602145 0 0 -17000 0 0 0 7000 31 0
12.541 5 SVINFO 0 0 0 0 0 0 0
12.542 5 INS 0 0 0 0 0 0 0 0 0
12.542 5 LIDAR 0. 0. 0 1
12.542 5 ATTITUDE 0. 0. 0.
12.543 5 GPS_INT 0 0 0 0 0 0 -17000 0 0 0 0 0 7000 0 0 0 1
12.543 5 SVINFO 0 0 0 0 0 0 0
12.544 5 STATE_FILTER_STATUS 6 5 0
12.544 5 IMU_MAG_RAW 255 0 0 0
12.545 5 ROTORCRAFT_FP 0 0 0 0 0 0 0 0 0 0 0 0 0 390 0
12.545 5 INS 0 0 0 0 0 0 0 0 0
12.545 5 LIDAR 0. 0. 0 1
12.545 5 ATTITUDE 0. 0. 0.
12.554 5 INS 0 0 0 0 0 0 0 0 0
12.554 5 LIDAR 0. 0. 0 1
12.569 5 ATTITUDE 0. 0. 0.
12.602 5 INS 0 0 0 0 0 0 0 0 0
12.618 5 LIDAR 0. 0. 0 1
12.618 5 ATTITUDE 0. 0. 0.
12.667 5 GPS_INT 0 0 0 0 0 0 -17000 0 0 0 0 0 7000 0 0 0 1
12.668 5 SVINFO 0 0 0 0 0 0 0
12.669 5 WP_MOVED_ENU 4 -1180 -2723 2560
12.669 5 WP_MOVED_ENU 4 -1180 -2723 2560
12.670 5 INS 0 0 0 0 0 0 0 0 0
12.670 5 LIDAR 0. 0. 0 1
12.671 5 ATTITUDE 0. 0. 0.
12.722 5 GPS 0 16602145 0 0 -17000 0 0 0 7000 31 0
12.723 5 SVINFO 0 0 0 0 0 0 0
12.723 5 INS 0 0 0 0 0 0 0 0 0
12.724 5 LIDAR 0. 0. 0 1
12.724 5 ATTITUDE 0. 0. 0.
12.798 5 ROTORCRAFT_FP 0 0 0 0 0 0 0 0 0 0 0 0 0 390 0
12.799 5 INS 0 0 0 0 0 0 0 0 0
12.800 5 LIDAR 0. 0. 0 1
12.800 5 ATTITUDE 0. 0. 0.
12.801 5 GPS_INT 0 0 0 0 0 0 -17000 0 0 0 0 0 7000 0 0 0 1
12.802 5 SVINFO 0 0 0 0 0 0 0
12.802 5 INS 0 0 0 0 0 0 0 0 0
12.814 5 LIDAR 0. 0. 0 1
12.814 5 ATTITUDE 0. 0. 0.
12.846 5 INS 0 0 0 0 0 0 0 0 0
12.862 5 LIDAR 0. 0. 0 1
12.862 5 ATTITUDE 0. 0. 0.
12.920 5 STATIC_CONTROL 0 0. 0 0. 0. 0. 0. 0. 0. 0. 0. 0. 0.
12.921 5 INS 0 0 0 0 0 0 0 0 0
12.922 5 LIDAR 0. 0. 0 1
12.922 5 ATTITUDE 0. 0. 0.
12.942 5 LINK_REPORT 5 -1 13 0 17929 498 0 3314. 92. 1 129.63
12.981 5 GPS_INT 0 0 0 0 0 0 -17000 0 0 0 0 0 7000 0 0 0 1
12.982 5 SVINFO 0 0 0 0 0 0 0
12.983 5 ROVER_CTRL 0. 0. 0. 0. 1400. 600. 1000. 0. 0. 0. 0. 0.
12.983 5 GPS 0 16602145 0 0 -17000 0 0 0 7000 31 0
12.984 5 SVINFO 0 0 0 0 0 0 0
12.984 5 INS 0 0 0 0 0 0 0 0 0
12.984 5 LIDAR 0. 0. 0 1
12.985 5 ATTITUDE 0. 0. 0.
13.023 5 ROTORCRAFT_FP 0 0 0 0 0 0 0 0 0 0 0 0 0 390 0
13.025 5 INS 0 0 0 0 0 0 0 0 0
13.025 5 LIDAR 0. 0. 0 1
13.026 5 ATTITUDE 0. 0. 0.
13.055 5 INS 0 0 0 0 0 0 0 0 0
13.055 5 LIDAR 0. 0. 0 1
13.070 5 ATTITUDE 0. 0. 0.
13.097 5 GPS_INT 0 0 0 0 0 0 -17000 0 0 0 0 0 7000 0 0 0 1
13.098 5 SVINFO 0 0 0 0 0 0 0
13.098 5 INS 0 0 0 0 0 0 0 0 0
13.113 5 LIDAR 0. 0. 0 1
13.113 5 ATTITUDE 0. 0. 0.
13.128 5 DL_VALUE 3 1.
13.145 5 INS 0 0 0 0 0 0 0 0 0
13.160 5 LIDAR 0. 0. 0 1
13.161 5 ATTITUDE 0. 0. 0.
13.193 5 GPS 0 16602145 0 0 -17000 0 0 2148 8000 31 0
13.194 5 SVINFO 0 0 0 0 0 0 0
13.219 5 INS 0 0 0 0 0 0 0 0 0
13.220 5 LIDAR 0. 0. 0 1
13.220 5 ATTITUDE 0. 0. 0.
13.272 5 GPS_INT 0 0 0 0 0 0 -17000 0 0 0 429496729 2345 8000 9999 0 0 1
13.273 5 SVINFO 0 0 0 0 0 0 0
13.274 5 ROTORCRAFT_FP 0 0 0 0 0 0 0 0 0 0 0 0 0 390 0
13.275 5 INS 0 0 0 0 0 0 0 0 0
13.275 5 LIDAR 0. 0. 0 1
13.276 5 ATTITUDE 0. 0. 0.
13.287 5 GPS_SOL 429496729 2345 9999 0
13.288 5 ROTORCRAFT_NAV_STATUS 5 0 0. 0. 0 2 0
13.318 5 IMU_MAG_RAW 255 0 0 0
13.319 5 INS 0 0 0 0 0 0 0 0 0
13.319 5 LIDAR 0. 0. 0 1
13.320 5 ATTITUDE 0. 0. 0.
13.350 5 INS 0 0 0 0 0 0 0 0 0
13.366 5 LIDAR 0. 0. 0 1
13.366 5 ATTITUDE 0. 0. 0.
13.404 5 GPS_INT 0 0 0 0 0 0 -17000 0 0 0 429496729 2345 8000 9999 0 0 1
13.405 5 SVINFO 0 0 0 0 0 0 0
13.405 5 INS 0 0 0 0 0 0 0 0 0
13.406 5 LIDAR 0. 0. 0 1
13.420 5 ATTITUDE 0. 0. 0.
13.483 5 ROVER_CTRL 0. 0. 0. 0. 1400. 600. 1000. 0. 0. 0. 0. 0.
13.484 5 GPS 0 16602145 0 0 -17000 0 0 2148 8250 31 0
13.485 5 SVINFO 0 0 0 0 0 0 0
13.485 5 INS 0 0 0 0 0 0 0 0 0
13.486 5 LIDAR 0. 0. 0 1
13.487 5 ATTITUDE 0. 0. 0.
13.567 5 ROTORCRAFT_FP 0 0 0 0 0 0 0 0 0 0 0 0 0 390 0
13.569 5 INS 0 0 0 0 0 0 0 0 0
13.569 5 LIDAR 0. 0. 0 1
13.570 5 ATTITUDE 0. 0. 0.
13.570 5 GPS_INT 0 0 0 0 0 0 -17000 0 0 0 429496729 2358 8250 9999 0 0 1
13.571 5 SVINFO 0 0 0 0 0 0 0
13.571 5 ENERGY 4 8.354055 0.2 1.670811 1.152542 0.000353 0.002952
13.572 5 INS 0 0 0 0 0 0 0 0 0
13.572 5 LIDAR 0. 0. 0 1
13.572 5 ATTITUDE 0. 0. 0.
13.599 5 INS 0 0 0 0 0 0 0 0 0
13.615 5 LIDAR 0. 0. 0 1
13.615 5 ATTITUDE 0. 0. 0.
13.647 5 INS 0 0 0 0 0 0 0 0 0
13.663 5 LIDAR 0. 0. 0 1
13.664 5 ATTITUDE 0. 0. 0.
13.725 5 GPS_INT 0 0 0 0 0 0 -17000 0 0 0 429496729 2371 8500 9999 0 0 1
13.726 5 SVINFO 0 0 0 0 0 0 0
13.726 5 GPS 0 16602145 0 0 -17000 0 0 2148 8500 31 0
13.727 5 SVINFO 0 0 0 0 0 0 0
13.727 5 INS 0 0 0 0 0 0 0 0 0
13.728 5 LIDAR 0. 0. 0 1
13.728 5 ATTITUDE 0. 0. 0.
13.778 5 ROTORCRAFT_FP 0 0 0 0 0 0 0 0 0 0 0 0 0 390 0
13.779 5 INS 0 0 0 0 0 0 0 0 0
13.780 5 LIDAR 0. 0. 0 1
13.780 5 ATTITUDE 0. 0. 0.
13.819 5 INS 0 0 0 0 0 0 0 0 0
13.820 5 INS_REF 485058423 -31614026 411670698 404513595 -37290189 702390 650000 0.
13.821 5 LIDAR 0. 0. 0 1
13.821 5 ATTITUDE 0. 0. 0.
13.869 5 GPS_INT 0 0 0 0 0 0 -17000 0 0 0 429496729 2371 8500 9999 0 0 1
13.871 5 SVINFO 0 0 0 0 0 0 0
13.871 5 ROVER_STATUS 0 60 0 0 0 8 8.354055
13.872 5 INS 0 0 0 0 0 0 0 0 0
13.872 5 LIDAR 0. 0. 0 1
13.873 5 ATTITUDE 0. 0. 0.
13.934 5 STATIC_CONTROL 0 0. 0 0. 0. 0. 0. 0. 0. 0. 0. 0. 0.
13.935 5 INS 0 0 0 0 0 0 0 0 0
13.936 5 ALIVE 96,139,29,68,150,246,72,142,157,40,89,186,210,225,152,96
13.937 5 LIDAR 0. 0. 0 1
13.937 5 ATTITUDE 0. 0. 0.
13.938 5 WP_MOVED_ENU 5 1482 -2703 2560
13.938 5 WP_MOVED_ENU 5 1482 -2703 2560
13.942 5 LINK_REPORT 5 -1 14 0 21500 597 0 3571. 99. 1 129.63
14.027 5 ROVER_CTRL 0. 0. 0. 0. 1400. 600. 1000. 0. 0. 0. 0. 0.
14.028 5 GPS 0 16602145 0 0 -17000 0 0 2148 8750 31 0
14.029 5 SVINFO 0 0 0 0 0 0 0
14.029 5 INS 0 0 0 0 0 0 0 0 0
14.030 5 LIDAR 0. 0. 0 1
14.030 5 ATTITUDE 0. 0. 0.
14.031 5 GPS_INT 0 0 0 0 0 0 -17000 0 0 0 429496729 2384 8750 9999 0 0 1
14.031 5 SVINFO 0 0 0 0 0 0 0
14.032 5 ROTORCRAFT_FP 0 0 0 0 0 0 0 0 0 0 0 0 0 390 0
14.236 5 INS 0 0 0 0 0 0 0 0 0
14.236 5 LIDAR 0. 0. 0 1
14.236 5 ATTITUDE 0. 0. 0.
14.236 5 INS 0 0 0 0 0 0 0 0 0
14.236 5 LIDAR 0. 0. 0 1
14.236 5 ATTITUDE 0. 0. 0.
14.236 5 IMU_MAG_RAW 255 0 0 0
14.236 5 INS 0 0 0 0 0 0 0 0 0
14.236 5 LIDAR 0. 0. 0 1
14.236 5 ATTITUDE 0. 0. 0.
14.237 5 GPS_INT 0 0 0 0 0 0 -17000 0 0 0 429496729 2384 8750 9999 0 0 1
14.237 5 SVINFO 0 0 0 0 0 0 0
14.237 5 INS 0 0 0 0 0 0 0 0 0
14.237 5 LIDAR 0. 0. 0 1
14.237 5 ATTITUDE 0. 0. 0.
14.237 5 GPS 0 16602145 0 0 -17000 0 0 2148 9000 31 0
14.237 5 SVINFO 0 0 0 0 0 0 0
14.237 5 INS 0 0 0 0 0 0 0 0 0
14.238 5 LIDAR 0. 0. 0 1
14.238 5 ATTITUDE 0. 0. 0.
14.293 5 ROTORCRAFT_FP 0 0 0 0 0 0 0 0 0 0 0 0 0 390 0
14.293 5 INS 0 0 0 0 0 0 0 0 0
14.293 5 LIDAR 0. 0. 0 1
14.294 5 ATTITUDE 0. 0. 0.
14.294 5 GPS_INT 0 0 0 0 0 0 -17000 0 0 0 429496729 2397 9000 9999 0 0 1
14.294 5 SVINFO 0 0 0 0 0 0 0
14.294 5 INS 0 0 0 0 0 0 0 0 0
14.309 5 LIDAR 0. 0. 0 1
14.309 5 ATTITUDE 0. 0. 0.
14.342 5 INS 0 0 0 0 0 0 0 0 0
14.357 5 LIDAR 0. 0. 0 1
14.358 5 ATTITUDE 0. 0. 0.
14.390 5 INS 0 0 0 0 0 0 0 0 0
14.405 5 LIDAR 0. 0. 0 1
14.406 5 ATTITUDE 0. 0. 0.
14.483 5 GPS_INT 0 0 0 0 0 0 -17000 0 0 0 429496729 2410 9250 9999 0 0 1
14.484 5 SVINFO 0 0 0 0 0 0 0
14.484 5 ROVER_CTRL 0. 0. 0. 0. 1400. 600. 1000. 0. 0. 0. 0. 0.
14.485 5 GPS 0 16602145 0 0 -17000 0 0 2148 9250 31 0
14.486 5 SVINFO 0 0 0 0 0 0 0
14.486 5 INS 0 0 0 0 0 0 0 0 0
14.486 5 LIDAR 0. 0. 0 1
14.486 5 ATTITUDE 0. 0. 0.
14.520 5 ROTORCRAFT_FP 0 0 0 0 0 0 0 0 0 0 0 0 0 390 0
14.521 5 INS 0 0 0 0 0 0 0 0 0
14.521 5 LIDAR 0. 0. 0 1
14.522 5 ATTITUDE 0. 0. 0.
14.553 5 INS 0 0 0 0 0 0 0 0 0
14.554 5 LIDAR 0. 0. 0 1
14.554 5 ATTITUDE 0. 0. 0.
14.595 5 GPS_INT 0 0 0 0 0 0 -17000 0 0 0 429496729 2410 9250 9999 0 0 1
14.596 5 SVINFO 0 0 0 0 0 0 0
14.596 5 INS 0 0 0 0 0 0 0 0 0
14.610 5 LIDAR 0. 0. 0 1
14.610 5 ATTITUDE 0. 0. 0.
14.642 5 INS 0 0 0 0 0 0 0 0 0
14.658 5 LIDAR 0. 0. 0 1
14.659 5 ATTITUDE 0. 0. 0.
14.716 5 GPS 0 16602145 0 0 -17000 0 0 2148 9500 31 0
14.716 5 SVINFO 0 0 0 0 0 0 0
14.717 5 INS 0 0 0 0 0 0 0 0 0
14.717 5 LIDAR 0. 0. 0 1
14.718 5 ATTITUDE 0. 0. 0.
14.776 5 GPS_INT 0 0 0 0 0 0 -17000 0 0 0 429496729 2423 9500 9999 0 0 1
14.777 5 SVINFO 0 0 0 0 0 0 0
14.777 5 DL_VALUE 4 1.
14.778 5 ROTORCRAFT_FP 0 0 0 0 0 0 0 0 0 0 0 0 0 390 0
14.778 5 INS 0 0 0 0 0 0 0 0 0
14.779 5 LIDAR 0. 0. 0 1
14.780 5 ATTITUDE 0. 0. 0.
14.792 5 INS 0 0 0 0 0 0 0 0 0
14.820 5 LIDAR 0. 0. 0 1
14.820 5 ATTITUDE 0. 0. 0.
14.821 5 DATALINK_REPORT 4 1 680 3448 0 0
14.852 5 INS 0 0 0 0 0 0 0 0 0
14.853 5 LIDAR 0. 0. 0 1
14.854 5 ATTITUDE 0. 0. 0.
14.928 5 GPS_INT 0 0 0 0 0 0 -17000 0 0 0 429496729 2423 9500 9999 0 0 1
14.930 5 SVINFO 0 0 0 0 0 0 0
14.931 5 ROTORCRAFT_NAV_STATUS 7 0 0. 0. 0 2 0
14.932 5 STATIC_CONTROL 0 0. 0 0. 0. 0. 0. 0. 0. 0. 0. 0. 0.
14.933 5 IMU_MAG_RAW 255 0 0 0
14.933 5 INS 0 0 0 0 0 0 0 0 0
14.934 5 LIDAR 0. 0. 0 1
14.935 5 ATTITUDE 0. 0. 0.
14.943 5 LINK_REPORT 5 -1 15 0 24908 691 0 3408. 94. 1 129.63
14.978 5 ROVER_CTRL 0. 0. 0. 0. 1400. 600. 1000. 0. 0. 0. 0. 0.
14.979 5 GPS 0 16602145 0 0 -17000 0 0 2148 9750 31 0
14.979 5 SVINFO 0 0 0 0 0 0 0
14.979 5 INS 0 0 0 0 0 0 0 0 0
14.980 5 LIDAR 0. 0. 0 1
14.980 5 ATTITUDE 0. 0. 0.
15.042 5 ROTORCRAFT_FP 0 0 0 0 0 0 0 0 0 0 0 0 0 390 0
15.043 5 INS 0 0 0 0 0 0 0 0 0
15.043 5 LIDAR 0. 0. 0 1
15.044 5 ATTITUDE 0. 0. 0.
15.044 5 GPS_INT 0 0 0 0 0 0 -17000 0 0 0 429496729 2436 9750 9999 0 0 1
15.045 5 SVINFO 0 0 0 0 0 0 0
15.046 5 INS 0 0 0 0 0 0 0 0 0
15.056 5 LIDAR 0. 0. 0 1
15.057 5 ATTITUDE 0. 0. 0.
15.089 5 INS 0 0 0 0 0 0 0 0 0
15.104 5 LIDAR 0. 0. 0 1
15.105 5 ATTITUDE 0. 0. 0.
15.136 5 INS 0 0 0 0 0 0 0 0 0
15.152 5 LIDAR 0. 0. 0 1
15.152 5 ATTITUDE 0. 0. 0.
15.217 5 GPS_INT 0 0 0 0 0 0 -17000 0 0 0 429496729 2436 9750 9999 0 0 1
15.218 5 SVINFO 0 0 0 0 0 0 0
15.219 5 GPS 0 16602145 0 0 -17000 0 0 2148 10000 31 0
15.219 5 SVINFO 0 0 0 0 0 0 0
15.220 5 INS 0 0 0 0 0 0 0 0 0
15.220 5 LIDAR 0. 0. 0 1
15.221 5 ATTITUDE 0. 0. 0.
15.221 5 UBLOX_INFO 38400 34 18 17 0 7 15
15.232 5 WP_MOVED_ENU 6 -1559 2547 2560
15.233 5 WP_MOVED_ENU 6 -1559 2547 2560
15.271 5 ROTORCRAFT_FP 0 0 0 0 0 0 0 0 0 0 0 0 0 390 0
15.271 5 INS 0 0 0 0 0 0 0 0 0
15.271 5 LIDAR 0. 0. 0 1
15.271 5 ATTITUDE 0. 0. 0.
15.302 5 GPS_SOL 429496729 2449 9999 0
15.302 5 INS 0 0 0 0 0 0 0 0 0
15.302 5 LIDAR 0. 0. 0 1
15.302 5 ATTITUDE 0. 0. 0.
15.357 5 GPS_INT 0 0 0 0 0 0 -17000 0 0 0 429496729 2449 10000 9999 0 0 1
15.357 5 SVINFO 0 0 0 0 0 0 0
15.357 5 ROVER_STATUS 0 60 0 0 0 10 8.354055
15.357 5 INS 0 0 0 0 0 0 0 0 0
15.357 5 LIDAR 0. 0. 0 1
15.358 5 ATTITUDE 0. 0. 0.
15.389 5 INS 0 0 0 0 0 0 0 0 0
15.405 5 LIDAR 0. 0. 0 1
15.405 5 ATTITUDE 0. 0. 0.
15.530 5 ROVER_CTRL 0. 0. 0. 0. 1400. 600. 1000. 0. 0. 0. 0. 0.
15.531 5 GPS 0 16602145 0 0 -17000 0 0 2148 10250 31 0
15.531 5 SVINFO 0 0 0 0 0 0 0
15.532 5 INS 0 0 0 0 0 0 0 0 0
15.533 5 UART_ERRORS 0 0 0 0
15.533 5 LIDAR 0. 0. 0 1
15.533 5 ATTITUDE 0. 0. 0.
15.534 5 GPS_INT 0 0 0 0 0 0 -17000 0 0 0 429496729 2462 10250 9999 0 0 1
15.534 5 SVINFO 0 0 0 0 0 0 0
15.535 5 PONG 
15.535 5 ROTORCRAFT_FP 0 0 0 0 0 0 0 0 0 0 0 0 0 390 0
15.535 5 INS 0 0 0 0 0 0 0 0 0
15.535 5 LIDAR 0. 0. 0 1
15.536 5 ATTITUDE 0. 0. 0.
15.545 5 INS 0 0 0 0 0 0 0 0 0
15.546 5 LIDAR 0. 0. 0 1
15.562 5 ATTITUDE 0. 0. 0.
15.593 5 INS 0 0 0 0 0 0 0 0 0
15.609 5 LIDAR 0. 0. 0 1
15.609 5 ATTITUDE 0. 0. 0.
15.645 5 GPS_INT 0 0 0 0 0 0 -17000 0 0 0 429496729 2462 10250 9999 0 0 1
15.646 5 SVINFO 0 0 0 0 0 0 0
15.646 5 INS 0 0 0 0 0 0 0 0 0
15.646 5 LIDAR 0. 0. 0 1
15.661 5 ATTITUDE 0. 0. 0.
15.678 5 STATE_FILTER_STATUS 6 5 0
15.678 5 IMU_MAG_RAW 255 0 0 0
15.718 5 GPS 0 16602145 0 0 -17000 0 0 2148 10500 31 0
15.718 5 SVINFO 0 0 0 0 0 0 0
15.719 5 INS 0 0 0 0 0 0 0 0 0
15.719 5 LIDAR 0. 0. 0 1
15.719 5 ATTITUDE 0. 0. 0.
15.795 5 ROTORCRAFT_FP 0 0 0 0 0 0 0 0 0 0 0 0 0 390 0
15.796 5 INS 0 0 0 0 0 0 0 0 0
15.796 5 LIDAR 0. 0. 0 1
15.797 5 ATTITUDE 0. 0. 0.
15.797 5 GPS_INT 0 0 0 0 0 0 -17000 0 0 0 429496729 2474 10500 9999 0 0 1
15.798 5 SVINFO 0 0 0 0 0 0 0
15.799 5 INS 0 0 0 0 0 0 0 0 0
15.799 5 LIDAR 0. 0. 0 1
15.810 5 ATTITUDE 0. 0. 0.
15.842 5 INS 0 0 0 0 0 0 0 0 0
15.858 5 LIDAR 0. 0. 0 1
15.859 5 ATTITUDE 0. 0. 0.
15.913 5 STATIC_CONTROL 0 0. 0 0. 0. 0. 0. 0. 0. 0. 0. 0. 0.
15.914 5 INS 0 0 0 0 0 0 0 0 0
15.915 5 LIDAR 0. 0. 0 1
15.916 5 ATTITUDE 0. 0. 0.
15.943 5 LINK_REPORT 5 -1 16 0 28304 787 0 3396. 96. 2 97.49
15.974 5 GPS_INT 0 0 0 0 0 0 -17000 0 0 0 429496729 2487 10750 9999 0 0 1
15.974 5 SVINFO 0 0 0 0 0 0 0
15.974 5 ROVER_CTRL 0. 0. 0. 0. 1400. 600. 1000. 0. 0. 0. 0. 0.
15.974 5 GPS 0 16602145 0 0 -17000 0 0 2148 10750 31 0
15.974 5 SVINFO 0 0 0 0 0 0 0
15.974 5 INS 0 0 0 0 0 0 0 0 0
15.975 5 LIDAR 0. 0. 0 1
15.975 5 ATTITUDE 0. 0. 0.
16.016 5 ROTORCRAFT_FP 0 0 0 0 0 0 0 0 0 0 0 0 0 390 0
16.017 5 INS 0 0 0 0 0 0 0 0 0
16.018 5 LIDAR 0. 0. 0 1
16.018 5 ATTITUDE 0. 0. 0.
16.048 5 INS 0 0 0 0 0 0 0 0 0
16.049 5 LIDAR 0. 0. 0 1
16.049 5 ATTITUDE 0. 0. 0.
16.091 5 GPS_INT 0 0 0 0 0 0 -17000 0 0 0 429496729 2487 10750 9999 0 0 1
16.092 5 SVINFO 0 0 0 0 0 0 0
16.092 5 INS 0 0 0 0 0 0 0 0 0
16.106 5 LIDAR 0. 0. 0 1
16.107 5 ATTITUDE 0. 0. 0.
16.138 5 INS 0 0 0 0 0 0 0 0 0
16.154 5 LIDAR 0. 0. 0 1
16.155 5 ATTITUDE 0. 0. 0.
16.211 5 GPS 0 16602145 0 0 -17000 0 0 2148 11000 31 0
16.212 5 SVINFO 0 0 0 0 0 0 0
16.212 5 INS 0 0 0 0 0 0 0 0 0
16.213 5 LIDAR 0. 0. 0 1
16.213 5 ATTITUDE 0. 0. 0.
16.262 5 GPS_INT 0 0 0 0 0 0 -17000 0 0 0 429496729 2500 11000 9999 0 0 1
16.262 5 SVINFO 0 0 0 0 0 0 0
16.262 5 ROTORCRAFT_FP 0 0 0 0 0 0 0 0 0 0 0 0 0 390 0
16.263 5 INS 0 0 0 0 0 0 0 0 0
16.263 5 LIDAR 0. 0. 0 1
16.263 5 ATTITUDE 0. 0. 0.
16.295 5 INS 0 0 0 0 0 0 0 0 0
16.295 5 LIDAR 0. 0. 0 1
16.310 5 ATTITUDE 0. 0. 0.
16.311 5 DL_VALUE 5 1.
16.343 5 INS 0 0 0 0 0 0 0 0 0
16.343 5 LIDAR 0. 0. 0 1
16.358 5 ATTITUDE 0. 0. 0.
16.395 5 GPS_INT 0 0 0 0 0 0 -17000 0 0 0 429496729 2500 11000 9999 0 0 1
16.395 5 SVINFO 0 0 0 0 0 0 0
16.395 5 INS 0 0 0 0 0 0 0 0 0
16.395 5 LIDAR 0. 0. 0 1
16.411 5 ATTITUDE 0. 0. 0.
16.491 5 ROVER_CTRL 0. 0. 0. 0. 1400. 600. 1000. 0. 0. 0. 0. 0.
16.491 5 GPS 0 16602145 0 0 -17000 0 0 2148 11250 31 0
16.492 5 SVINFO 0 0 0 0 0 0 0
16.493 5 INS 0 0 0 0 0 0 0 0 0
16.493 5 LIDAR 0. 0. 0 1
16.493 5 ATTITUDE 0. 0. 0.
16.494 5 ROTORCRAFT_NAV_STATUS 8 0 0. 0. 0 2 0
16.494 5 IMU_MAG_RAW 255 0 0 0
16.570 5 ROTORCRAFT_FP 0 0 0 0 0 0 0 0 0 0 0 0 0 390 0
16.570 5 INS 0 0 0 0 0 0 0 0 0
16.570 5 LIDAR 0. 0. 0 1
16.570 5 ATTITUDE 0. 0. 0.
16.570 5 GPS_INT 0 0 0 0 0 0 -17000 0 0 0 429496729 2512 11250 9999 0 0 1
16.570 5 SVINFO 0 0 0 0 0 0 0
16.571 5 WP_MOVED_ENU 7 -1100 -3287 2560
16.571 5 WP_MOVED_ENU 7 -1100 -3287 2560
16.571 5 INS 0 0 0 0 0 0 0 0 0
16.571 5 LIDAR 0. 0. 0 1
16.571 5 ATTITUDE 0. 0. 0.
16.610 5 INS 0 0 0 0 0 0 0 0 0
16.610 5 ALIVE 96,139,29,68,150,246,72,142,157,40,89,186,210,225,152,96
16.611 5 LIDAR 0. 0. 0 1
16.611 5 ATTITUDE 0. 0. 0.
16.642 5 INS 0 0 0 0 0 0 0 0 0
16.642 5 LIDAR 0. 0. 0 1
16.657 5 ATTITUDE 0. 0. 0.
16.706 5 GPS_INT 0 0 0 0 0 0 -17000 0 0 0 429496729 2524 11500 9999 0 0 1
16.706 5 SVINFO 0 0 0 0 0 0 0
16.706 5 GPS 0 16602145 0 0 -17000 0 0 2148 11500 31 0
16.706 5 SVINFO 0 0 0 0 0 0 0
16.706 5 INS 0 0 0 0 0 0 0 0 0
16.706 5 LIDAR 0. 0. 0 1
16.706 5 ATTITUDE 0. 0. 0.
16.763 5 ROTORCRAFT_FP 0 0 0 0 0 0 0 0 0 0 0 0 0 390 0
16.763 5 INS 0 0 0 0 0 0 0 0 0
16.763 5 LIDAR 0. 0. 0 1
16.763 5 ATTITUDE 0. 0. 0.
16.795 5 INS 0 0 0 0 0 0 0 0 0
16.795 5 LIDAR 0. 0. 0 1
16.795 5 ATTITUDE 0. 0. 0.
16.848 5 GPS_INT 0 0 0 0 0 0 -17000 0 0 0 429496729 2524 11500 9999 0 0 1
16.848 5 SVINFO 0 0 0 0 0 0 0
16.848 5 ROVER_STATUS 0 59 0 0 0 11 8.354055
16.848 5 INS 0 0 0 0 0 0 0 0 0
16.848 5 I2C_ERRORS 0 0 28374 0 0 0 0 0 0 0 0 0
16.863 5 LIDAR 0. 0. 0 1
16.863 5 ATTITUDE 0. 0. 0.
16.907 5 STATIC_CONTROL 0 0. 0 0. 0. 0. 0. 0. 0. 0. 0. 0. 0.
16.908 5 INS 0 0 0 0 0 0 0 0 0
16.908 5 LIDAR 0. 0. 0 1
16.909 5 ATTITUDE 0. 0. 0.
16.944 5 LINK_REPORT 5 -1 17 0 31806 884 0 3502. 97. 2 97.49
17.016 5 ROVER_CTRL 0. 0. 0. 0. 1400. 600. 1000. 0. 0. 0. 0. 0.
17.016 5 GPS 0 16602145 0 0 -17000 0 0 2148 11750 31 0
17.016 5 SVINFO 0 0 0 0 0 0 0
17.016 5 INS 0 0 0 0 0 0 0 0 0
17.016 5 LIDAR 0. 0. 0 1
17.016 5 ATTITUDE 0. 0. 0.
17.016 5 GPS_INT 0 0 0 0 0 0 -17000 0 0 0 429496729 2537 11750 9999 0 0 1
17.017 5 SVINFO 0 0 0 0 0 0 0
17.017 5 ROTORCRAFT_FP 0 0 0 0 0 0 0 0 0 0 0 0 0 390 0
17.017 5 INS 0 0 0 0 0 0 0 0 0
17.017 5 LIDAR 0. 0. 0 1
17.017 5 ATTITUDE 0. 0. 0.
17.031 5 INS 0 0 0 0 0 0 0 0 0
17.048 5 LIDAR 0. 0. 0 1
17.048 5 ATTITUDE 0. 0. 0.
17.079 5 INS 0 0 0 0 0 0 0 0 0
17.095 5 LIDAR 0. 0. 0 1
17.095 5 ATTITUDE 0. 0. 0.
17.137 5 GPS_INT 0 0 0 0 0 0 -17000 0 0 0 429496729 2537 11750 9999 0 0 1
17.138 5 SVINFO 0 0 0 0 0 0 0
17.138 5 INS 0 0 0 0 0 0 0 0 0
17.154 5 LIDAR 0. 0. 0 1
17.154 5 ATTITUDE 0. 0. 0.
17.208 5 GPS 0 16602145 0 0 -17000 0 0 2148 12000 31 0
17.208 5 SVINFO 0 0 0 0 0 0 0
17.208 5 INS 0 0 0 0 0 0 0 0 0
17.209 5 LIDAR 0. 0. 0 1
17.209 5 ATTITUDE 0. 0. 0.
