12.185 6  6 -1 12 0 2643 61 0 1774. 41. 1 30.51
12.917 6  6 -1 13 0 4329 99 0 1686. 38. 4 30.51
13.917 6  6 -1 14 0 6114 143 0 1785. 44. 8 30.51
14.918 6  6 -1 15 0 7884 186 0 1770. 43. 12 30.51
15.919 6  6 -1 16 0 9695 231 0 1811. 45. 17 51.26
16.919 6  6 -1 17 0 11354 269 0 1659. 38. 21 51.26
17.920 6  6 -1 18 0 13095 310 0 1741. 41. 25 51.26
18.927 6  6 -1 19 0 14740 348 0 1645. 38. 29 51.26
19.927 6  6 -1 20 0 16513 391 0 1773. 43. 33 51.26
20.927 6  6 -1 21 0 18310 435 0 1797. 44. 38 72.84
21.927 6  6 -1 22 0 20031 475 0 1721. 40. 42 72.84
22.928 6  6 -1 23 0 21849 519 0 1818. 44. 46 72.84
23.929 6  6 -1 24 0 23671 562 0 1822. 43. 50 72.84
24.929 6  6 -1 25 0 25591 610 0 1920. 48. 54 72.84
25.930 6  6 -1 26 0 27450 656 0 1859. 46. 59 105.29
26.931 6  6 -1 27 0 29325 703 0 1875. 47. 63 105.29
27.946 6  6 -1 28 0 31261 751 0 1936. 48. 67 105.29
28.946 6  6 -1 29 0 32983 792 0 1722. 41. 71 105.29
29.948 6  6 -1 30 0 34875 839 0 1892. 47. 75 105.29
30.947 6  6 -1 31 0 36772 885 0 1897. 46. 80 -4895.73
31.947 6  6 -1 32 0 38655 930 0 1883. 45. 84 -4895.73
32.948 6  6 -1 33 0 40333 969 0 1678. 39. 88 -4895.73
33.948 6  6 -1 34 0 42340 1019 0 2007. 50. 92 -4895.73
34.949 6  6 -1 35 0 44204 1064 0 1864. 45. 96 -4895.73
35.960 6  6 -1 36 0 46000 1107 0 1796. 43. 101 32.56
36.961 6  6 -1 37 0 47788 1150 0 1788. 43. 105 32.56
37.961 6  6 -1 38 0 49557 1192 0 1769. 42. 109 32.56
38.962 6  6 -1 39 0 51399 1236 0 1842. 44. 113 32.56
39.962 6  6 -1 40 0 53211 1280 0 1812. 44. 117 32.56
40.962 6  6 -1 41 0 54991 1323 0 1780. 43. 122 30.65
41.962 6  6 -1 42 0 56861 1368 0 1870. 45. 126 30.65
42.963 6  6 -1 43 0 58714 1413 0 1853. 45. 130 30.65
43.964 6  6 -1 44 0 60512 1456 0 1798. 43. 134 30.65
44.964 6  6 -1 45 0 62243 1496 0 1731. 40. 138 30.65
45.964 6  6 -1 46 0 64078 1540 0 1835. 44. 143 40.96
46.965 6  6 -1 47 0 65927 1585 0 1849. 45. 147 40.96
48.246 6  6 -1 48 0 67714 1627 0 1787. 42. 151 40.96
48.966 6  6 -1 49 0 69533 1671 0 1819. 44. 156 40.96
49.966 6  6 -1 50 0 71372 1716 0 1839. 45. 162 40.96
50.967 6  6 -1 51 0 73110 1757 0 1738. 41. 169 23.88
51.968 6  6 -1 52 0 75033 1804 0 1923. 47. 175 23.88
52.968 6  6 -1 53 0 76864 1848 0 1831. 44. 181 23.88
53.969 6  6 -1 54 0 78558 1887 0 1694. 39. 187 23.88
54.970 6  6 -1 55 0 80407 1932 0 1849. 45. 193 23.88
55.970 6  6 -1 56 0 82232 1977 0 1825. 45. 200 113.24
56.970 6  6 -1 57 0 84096 2021 0 1864. 44. 206 113.24
57.971 6  6 -1 58 0 85896 2064 0 1800. 43. 212 113.24
58.971 6  6 -1 59 0 87666 2106 0 1770. 42. 218 113.24
59.972 6  6 -1 60 0 89398 2146 0 1732. 40. 224 113.24
60.974 6  6 -1 61 0 91298 2193 0 1900. 47. 231 376.65
61.973 6  6 -1 62 0 93318 2241 0 2020. 48. 237 376.65
62.975 6  6 -1 63 0 94847 2276 0 1529. 35. 243 376.65
63.977 6  6 -1 64 0 96822 2323 0 1975. 47. 249 376.65
64.978 6  6 -1 65 0 98415 2361 0 1593. 38. 255 376.65
65.978 6  6 -1 66 0 100249 2405 0 1834. 44. 262 84.54
66.979 6  6 -1 67 0 102147 2449 0 1898. 44. 268 84.54
67.979 6  6 -1 68 0 103810 2490 0 1663. 41. 274 84.54
68.980 6  6 -1 69 0 105645 2533 0 1835. 43. 280 84.54
69.980 6  6 -1 70 0 107516 2579 0 1871. 46. 286 84.54
70.981 6  6 -1 71 0 109583 2630 0 2067. 51. 293 82.68
71.982 6  6 -1 72 0 111280 2668 0 1697. 38. 299 82.68
72.982 6  6 -1 73 0 113187 2714 0 1907. 46. 305 82.68
73.983 6  6 -1 74 0 115036 2759 0 1849. 45. 311 82.68
74.984 6  6 -1 75 0 116735 2799 0 1699. 40. 317 82.68
75.984 6  6 -1 76 0 118516 2840 0 1781. 41. 324 64.36
76.984 6  6 -1 77 0 120280 2883 0 1764. 43. 330 64.36
77.985 6  6 -1 78 0 122157 2926 0 1877. 43. 336 64.36
78.985 6  6 -1 79 0 124056 2973 0 1899. 47. 342 64.36
79.986 6  6 -1 80 0 125635 3011 0 1579. 38. 348 64.36
80.986 6  6 -1 81 0 127706 3061 0 2071. 50. 355 122.03
81.987 6  6 -1 82 0 129579 3106 0 1873. 45. 361 122.03
82.987 6  6 -1 83 0 131415 3151 0 1836. 45. 367 122.03
83.988 6  6 -1 84 0 133185 3192 0 1770. 41. 373 122.03
84.988 6  6 -1 85 0 134939 3235 0 1754. 43. 379 122.03
85.988 6  6 -1 86 0 136722 3278 0 1783. 43. 386 94.76
86.989 6  6 -1 87 0 138411 3318 0 1689. 40. 392 94.76
87.990 6  6 -1 88 0 140489 3369 0 2078. 51. 398 94.76
88.990 6  6 -1 89 0 142322 3413 0 1833. 44. 404 94.76
89.991 6  6 -1 90 0 144077 3455 0 1755. 42. 410 94.76
90.991 6  6 -1 91 0 146049 3504 0 1972. 49. 417 66.73
91.992 6  6 -1 92 0 147934 3550 0 1885. 46. 423 66.73
92.992 6  6 -1 93 0 149565 3588 0 1631. 38. 429 66.73
93.992 6  6 -1 94 0 151493 3634 0 1928. 46. 435 66.73
94.993 6  6 -1 95 0 153358 3680 0 1865. 46. 441 66.73
95.993 6  6 -1 96 0 154924 3718 0 1566. 38. 448 98.15
96.996 6  6 -1 97 0 157021 3769 0 2097. 51. 454 98.15
97.996 6  6 -1 98 0 158801 3811 0 1780. 42. 460 98.15
98.997 6  6 -1 99 0 160567 3853 0 1766. 42. 466 98.15
99.998 6  6 -1 100 0 162386 3897 0 1819. 44. 472 98.15
100.998 6  6 -1 101 0 164231 3942 0 1845. 45. 479 64.11
101.999 6  6 -1 102 0 166014 3982 0 1783. 40. 485 64.11
103.000 6  6 -1 103 0 167833 4026 0 1819. 44. 491 64.11
104.001 6  6 -1 104 0 169706 4072 0 1873. 46. 497 64.11
105.001 6  6 -1 105 0 171361 4110 0 1655. 38. 503 64.11
106.001 6  6 -1 106 0 173284 4157 0 1923. 47. 510 143.53
107.001 6  6 -1 107 0 175028 4198 0 1744. 41. 516 143.53
108.002 6  6 -1 108 0 176932 4246 0 1904. 48. 522 143.53
109.003 6  6 -1 109 0 178801 4292 0 1869. 46. 528 143.53
110.003 6  6 -1 110 0 180720 4339 0 1919. 47. 534 143.53
111.004 6  6 -1 111 0 182512 4384 0 1792. 45. 541 120.72
112.004 6  6 -1 112 0 184471 4431 0 1959. 47. 547 120.72
113.006 6  6 -1 113 0 186189 4473 0 1718. 42. 553 120.72
114.006 6  6 -1 114 0 188008 4517 0 1819. 44. 559 120.72
115.007 6  6 -1 115 0 189939 4564 0 1931. 47. 565 120.72
116.008 6  6 -1 116 0 191799 4609 0 1860. 45. 572 89.28
117.008 6  6 -1 117 0 193514 4651 0 1715. 42. 578 89.28
118.009 6  6 -1 118 0 195408 4697 0 1894. 46. 584 89.28
119.010 6  6 -1 119 0 197268 4742 0 1860. 45. 590 89.28
120.010 6  6 -1 120 0 198999 4782 0 1731. 40. 596 89.28
121.010 6  6 -1 121 0 200898 4829 0 1899. 47. 603 83.58
122.012 6  6 -1 122 0 202741 4873 0 1843. 44. 609 83.58
123.012 6  6 -1 123 0 204422 4912 0 1681. 39. 615 83.58
124.014 6  6 -1 124 0 206221 4955 0 1799. 43. 621 83.58
125.015 6  6 -1 125 0 208163 5001 0 1942. 46. 627 83.58
126.015 6  6 -1 126 0 209855 5040 0 1692. 39. 634 72.17
127.016 6  6 -1 127 0 211674 5084 0 1819. 44. 640 72.17
128.016 6  6 -1 128 0 213530 5129 0 1856. 45. 646 72.17
129.017 6  6 -1 129 0 215258 5169 0 1728. 40. 652 72.17
130.018 6  6 -1 130 0 217144 5216 0 1886. 47. 658 72.17
131.019 6  6 -1 131 0 218883 5258 0 1739. 42. 665 31.33
132.020 6  6 -1 132 0 220734 5301 0 1851. 43. 671 31.33
133.020 6  6 -1 133 0 222565 5345 0 1831. 44. 677 31.33
134.021 6  6 -1 134 0 224359 5388 0 1794. 43. 683 31.33
135.022 6  6 -1 135 0 226273 5435 0 1914. 47. 689 31.33
136.022 6  6 -1 136 0 228093 5479 0 1820. 44. 696 110.21
137.023 6  6 -1 137 0 229796 5519 0 1703. 40. 702 110.21
138.023 6  6 -1 138 0 231640 5563 0 1844. 44. 708 110.21
139.024 6  6 -1 139 0 233531 5610 0 1891. 47. 714 110.21
140.025 6  6 -1 140 0 235325 5653 0 1794. 43. 720 110.21
141.026 6  6 -1 141 0 237103 5695 0 1778. 42. 727 -4890.1
142.026 6  6 -1 142 0 238902 5738 0 1799. 43. 733 -4890.1
143.031 6  6 -1 143 0 240954 5787 0 2052. 49. 739 -4890.1
144.028 6  6 -1 144 0 242796 5833 0 1842. 46. 745 -4890.1
145.029 6  6 -1 145 0 244526 5874 0 1730. 41. 751 -4890.1
146.030 6  6 -1 146 0 246292 5916 0 1766. 42. 758 -9890.43
147.030 6  6 -1 147 0 248297 5964 0 2005. 48. 764 -9890.43
148.030 6  6 -1 148 0 250109 6008 0 1812. 44. 770 -9890.43
149.031 6  6 -1 149 0 251931 6052 0 1822. 44. 776 -9890.43
150.031 6  6 -1 150 0 253608 6092 0 1677. 40. 782 -9890.43
151.031 6  6 -1 151 0 255654 6143 0 2046. 51. 789 222.69
152.032 6  6 -1 152 0 257414 6186 0 1760. 43. 795 222.69
153.032 6  6 -1 153 0 259242 6230 0 1828. 44. 801 222.69
154.033 6  6 -1 154 0 261040 6273 0 1798. 43. 807 222.69
155.035 6  6 -1 155 0 262906 6317 0 1866. 44. 813 222.69
156.036 6  6 -1 156 0 264707 6361 0 1801. 44. 820 189.28
157.037 6  6 -1 157 0 266536 6404 0 1829. 43. 826 189.28
158.037 6  6 -1 158 0 268382 6449 0 1846. 45. 832 189.28
159.038 6  6 -1 159 0 270125 6490 0 1743. 41. 838 189.28
160.038 6  6 -1 160 0 272015 6536 0 1890. 46. 844 189.28
161.039 6  6 -1 161 0 273839 6580 0 1824. 44. 851 65.86
162.040 6  6 -1 162 0 275676 6625 0 1837. 45. 857 65.86
163.041 6  6 -1 163 0 277403 6666 0 1727. 41. 863 65.86
164.041 6  6 -1 164 0 279327 6713 0 1924. 47. 869 65.86
165.042 6  6 -1 165 0 281188 6759 0 1861. 46. 875 65.86
166.042 6  6 -1 166 0 282997 6803 0 1809. 44. 882 84.11
167.043 6  6 -1 167 0 284820 6847 0 1823. 44. 888 84.11
168.044 6  6 -1 168 0 286729 6894 0 1909. 47. 894 84.11
169.044 6  6 -1 169 0 288596 6940 0 1867. 46. 900 84.11
170.045 6  6 -1 170 0 290485 6987 0 1889. 47. 906 84.11
171.046 6  6 -1 171 0 292389 7034 0 1904. 47. 913 126.34
172.046 6  6 -1 172 0 294107 7074 0 1718. 40. 919 126.34
173.046 6  6 -1 173 0 295943 7118 0 1836. 44. 925 126.34
174.047 6  6 -1 174 0 297740 7161 0 1797. 43. 931 126.34
175.047 6  6 -1 175 0 299625 7208 0 1885. 47. 937 126.34
176.048 6  6 -1 176 0 301487 7254 0 1862. 46. 944 183.74
177.048 6  6 -1 177 0 303321 7298 0 1834. 44. 950 183.74
178.050 6  6 -1 178 0 305129 7341 0 1808. 43. 956 183.74
179.049 6  6 -1 179 0 306981 7386 0 1852. 45. 962 183.74
180.052 6  6 -1 180 0 308772 7429 0 1791. 43. 968 183.74
181.051 6  6 -1 181 0 310629 7473 0 1857. 44. 975 85.06
182.052 6  6 -1 182 0 312351 7513 0 1722. 40. 981 85.06
183.052 6  6 -1 183 0 314223 7558 0 1872. 45. 987 85.06
184.053 6  6 -1 184 0 315965 7600 0 1742. 42. 993 85.06
185.053 6  6 -1 185 0 317842 7645 0 1877. 45. 999 85.06
186.054 6  6 -1 186 0 319622 7688 0 1780. 43. 1006 75.2
187.055 6  6 -1 187 0 321443 7731 0 1821. 43. 1012 75.2
188.055 6  6 -1 188 0 323192 7772 0 1749. 41. 1018 75.2
189.056 6  6 -1 189 0 324892 7812 0 1700. 40. 1024 75.2
190.057 6  6 -1 190 0 326839 7859 0 1947. 47. 1030 75.2
191.058 6  6 -1 191 0 328705 7904 0 1866. 45. 1037 68.68
192.059 6  6 -1 192 0 330482 7946 0 1777. 42. 1043 68.68
193.059 6  6 -1 193 0 332300 7990 0 1818. 44. 1049 68.68
194.060 6  6 -1 194 0 334046 8031 0 1746. 41. 1055 68.68
195.060 6  6 -1 195 0 335940 8078 0 1894. 47. 1061 68.68
196.061 6  6 -1 196 0 337758 8122 0 1818. 44. 1068 156.47
197.061 6  6 -1 197 0 339535 8164 0 1777. 42. 1074 156.47
198.062 6  6 -1 198 0 341331 8207 0 1796. 43. 1080 156.47
199.063 6  6 -1 199 0 343099 8249 0 1768. 42. 1086 156.47
200.064 6  6 -1 200 0 344959 8294 0 1860. 45. 1092 156.47
201.064 6  6 -1 201 0 346795 8338 0 1836. 44. 1099 62.98
202.065 6  6 -1 202 0 348685 8384 0 1890. 46. 1105 62.98
203.065 6  6 -1 203 0 350482 8427 0 1797. 43. 1111 62.98
204.065 6  6 -1 204 0 352273 8470 0 1791. 43. 1117 62.98
205.066 6  6 -1 205 0 354172 8517 0 1899. 47. 1123 62.98
206.069 6  6 -1 206 0 356132 8564 0 1960. 47. 1130 71.85
207.070 6  6 -1 207 0 357731 8602 0 1599. 38. 1136 71.85
208.070 6  6 -1 208 0 359526 8645 0 1795. 43. 1142 71.85
209.071 6  6 -1 209 0 361343 8688 0 1817. 43. 1148 71.85
210.071 6  6 -1 210 0 363207 8734 0 1864. 46. 1154 71.85
211.072 6  6 -1 211 0 365111 8781 0 1904. 47. 1161 27.06
212.073 6  6 -1 212 0 367107 8828 0 1996. 47. 1167 27.06
213.074 6  6 -1 213 0 368679 8865 0 1572. 37. 1173 27.06
214.074 6  6 -1 214 0 370633 8912 0 1954. 47. 1179 27.06
215.075 6  6 -1 215 0 372357 8954 0 1724. 42. 1185 27.06
216.077 6  6 -1 216 0 374158 8998 0 1801. 44. 1192 101.51
217.076 6  6 -1 217 0 376160 9046 0 2002. 48. 1198 101.51
218.077 6  6 -1 218 0 378060 9091 0 1900. 45. 1204 101.51
219.078 6  6 -1 219 0 379824 9134 0 1764. 43. 1210 101.51
220.079 6  6 -1 220 0 381425 9171 0 1601. 37. 1216 101.51
221.079 6  6 -1 221 0 383526 9221 0 2101. 50. 1223 97.82
222.080 6  6 -1 222 0 385311 9265 0 1785. 44. 1229 97.82
223.081 6  6 -1 223 0 387146 9310 0 1835. 45. 1235 97.82
224.081 6  6 -1 224 0 389029 9355 0 1883. 45. 1241 97.82
225.082 6  6 -1 225 0 390777 9396 0 1748. 41. 1247 97.82
226.082 6  6 -1 226 0 392587 9442 0 1810. 46. 1254 76.32
227.083 6  6 -1 227 0 394423 9486 0 1836. 44. 1260 76.32
228.084 6  6 -1 228 0 396287 9530 0 1864. 44. 1266 76.32
229.085 6  6 -1 229 0 398115 9573 0 1828. 43. 1272 76.32
230.085 6  6 -1 230 0 399879 9616 0 1764. 43. 1278 76.32
231.086 6  6 -1 231 0 401730 9663 0 1851. 47. 1285 102.66
232.086 6  6 -1 232 0 403648 9709 0 1918. 46. 1291 102.66
233.086 6  6 -1 233 0 405565 9754 0 1917. 45. 1297 102.66
234.087 6  6 -1 234 0 407310 9795 0 1745. 41. 1303 102.66
235.088 6  6 -1 235 0 409063 9836 0 1753. 41. 1309 102.66
236.088 6  6 -1 236 0 410927 9882 0 1864. 46. 1316 198.02
237.089 6  6 -1 237 0 412735 9927 0 1808. 45. 1322 198.02
238.090 6  6 -1 238 0 414529 9970 0 1794. 43. 1328 198.02
239.090 6  6 -1 239 0 416373 10014 0 1844. 44. 1334 198.02
240.091 6  6 -1 240 0 418171 10057 0 1798. 43. 1340 198.02
241.092 6  6 -1 241 0 420088 10104 0 1917. 47. 1347 66.42
242.093 6  6 -1 242 0 421739 10142 0 1651. 38. 1353 66.42
243.094 6  6 -1 243 0 423452 10183 0 1713. 41. 1359 66.42
244.095 6  6 -1 244 0 425271 10225 0 1819. 42. 1365 66.42
245.096 6  6 -1 245 0 427198 10272 0 1927. 47. 1371 66.42
246.096 6  6 -1 246 0 429201 10321 0 2003. 49. 1378 72.85
247.098 6  6 -1 247 0 430855 10360 0 1654. 39. 1384 72.85
248.098 6  6 -1 248 0 432695 10405 0 1840. 45. 1390 72.85
249.099 6  6 -1 249 0 434579 10452 0 1884. 47. 1396 72.85
250.099 6  6 -1 250 0 436452 10496 0 1873. 44. 1402 72.85
251.099 6  6 -1 251 0 438267 10539 0 1815. 43. 1409 -4928.2
252.100 6  6 -1 252 0 440069 10584 0 1802. 45. 1415 -4928.2
253.100 6  6 -1 253 0 441843 10626 0 1774. 42. 1421 -4928.2
254.101 6  6 -1 254 0 443749 10671 0 1906. 45. 1427 -4928.2
255.102 6  6 -1 255 0 445332 10708 0 1583. 37. 1433 -4928.2
256.102 6  6 -1 256 0 447278 10755 0 1946. 47. 1440 86.55
257.103 6  6 -1 257 0 449090 10799 0 1812. 44. 1446 86.55
258.103 6  6 -1 258 0 451012 10846 0 1922. 47. 1452 86.55
259.104 6  6 -1 259 0 452752 10889 0 1740. 43. 1458 86.55
260.104 6  6 -1 260 0 454705 10935 0 1953. 46. 1464 86.55
261.106 6  6 -1 261 0 456656 10984 0 1951. 49. 1471 -4913.94
262.107 6  6 -1 262 0 458362 11026 0 1706. 42. 1477 -4913.94
263.108 6  6 -1 263 0 460303 11073 0 1941. 47. 1483 -4913.94
264.109 6  6 -1 264 0 462091 11116 0 1788. 43. 1489 -4913.94
265.109 6  6 -1 265 0 463944 11160 0 1853. 44. 1495 -4913.94
266.109 6  6 -1 266 0 465793 11206 0 1849. 46. 1502 63.75
267.110 6  6 -1 267 0 467474 11248 0 1681. 42. 1508 63.75
268.111 6  6 -1 268 0 469443 11295 0 1969. 47. 1514 63.75
269.112 6  6 -1 269 0 471252 11339 0 1809. 44. 1520 63.75
270.113 6  6 -1 270 0 473162 11386 0 1910. 47. 1526 63.75
271.114 6  6 -1 271 0 475020 11431 0 1858. 45. 1533 114.25
272.114 6  6 -1 272 0 476828 11475 0 1808. 44. 1539 114.25
273.114 6  6 -1 273 0 478632 11517 0 1804. 42. 1545 114.25
274.115 6  6 -1 274 0 480350 11558 0 1718. 41. 1551 114.25
275.116 6  6 -1 275 0 482197 11602 0 1847. 44. 1557 114.25
276.116 6  6 -1 276 0 484055 11647 0 1858. 45. 1564 129.53
277.117 6  6 -1 277 0 485871 11691 0 1816. 44. 1570 129.53
278.118 6  6 -1 278 0 487501 11728 0 1630. 37. 1576 129.53
279.118 6  6 -1 279 0 489339 11770 0 1838. 42. 1582 129.53
280.118 6  6 -1 280 0 491180 11815 0 1841. 45. 1588 129.53
281.119 6  6 -1 281 0 493103 11862 0 1923. 47. 1595 137.79
282.119 6  6 -1 282 0 494779 11900 0 1676. 38. 1601 137.79
283.120 6  6 -1 283 0 496709 11946 0 1930. 46. 1607 137.79
284.121 6  6 -1 284 0 498488 11988 0 1779. 42. 1613 137.79
285.121 6  6 -1 285 0 500242 12029 0 1754. 41. 1619 137.79
286.122 6  6 -1 286 0 502020 12071 0 1778. 42. 1626 64.01
287.122 6  6 -1 287 0 503738 12111 0 1718. 40. 1632 64.01
288.123 6  6 -1 288 0 505555 12154 0 1817. 43. 1638 64.01
289.124 6  6 -1 289 0 507228 12194 0 1673. 40. 1644 64.01
290.124 6  6 -1 290 0 509240 12242 0 2012. 48. 1650 64.01
291.127 6  6 -1 291 0 511047 12285 0 1807. 43. 1657 86.51
292.126 6  6 -1 292 0 512865 12329 0 1818. 44. 1663 86.51
293.126 6  6 -1 293 0 514705 12374 0 1840. 45. 1669 86.51
294.128 6  6 -1 294 0 516431 12416 0 1726. 42. 1675 86.51
295.127 6  6 -1 295 0 518286 12459 0 1855. 43. 1681 86.51
296.128 6  6 -1 296 0 520188 12506 0 1902. 47. 1688 71.92
297.128 6  6 -1 297 0 522010 12550 0 1822. 44. 1694 71.92
298.132 6  6 -1 298 0 523811 12593 0 1801. 43. 1700 71.92
299.132 6  6 -1 299 0 525668 12638 0 1857. 45. 1706 71.92
300.133 6  6 -1 300 0 527202 12674 0 1534. 36. 1712 71.92
301.133 6  6 -1 301 0 529133 12718 0 1931. 44. 1719 131.73
302.134 6  6 -1 302 0 530976 12763 0 1843. 45. 1725 131.73
303.138 6  6 -1 303 0 532818 12807 0 1842. 44. 1731 131.73
304.134 6  6 -1 304 0 534515 12846 0 1697. 39. 1737 131.73
305.142 6  6 -1 305 0 536401 12893 0 1886. 47. 1743 131.73
306.136 6  6 -1 306 0 538214 12937 0 1813. 44. 1750 152.67
307.137 6  6 -1 307 0 539991 12979 0 1777. 42. 1756 152.67
308.138 6  6 -1 308 0 541868 13025 0 1877. 46. 1762 152.67
309.139 6  6 -1 309 0 543659 13068 0 1791. 43. 1768 152.67
310.140 6  6 -1 310 0 545454 13111 0 1795. 43. 1774 152.67
311.140 6  6 -1 311 0 547417 13161 0 1963. 50. 1781 150.82
312.142 6  6 -1 312 0 549308 13206 0 1891. 45. 1787 150.82
313.142 6  6 -1 313 0 550893 13241 0 1585. 35. 1793 150.82
314.142 6  6 -1 314 0 552809 13288 0 1916. 47. 1799 150.82
315.142 6  6 -1 315 0 554649 13333 0 1840. 45. 1805 150.82
316.143 6  6 -1 316 0 556403 13374 0 1754. 41. 1812 127.65
317.144 6  6 -1 317 0 558183 13416 0 1780. 42. 1818 127.65
318.146 6  6 -1 318 0 560002 13460 0 1819. 44. 1824 127.65
319.149 6  6 -1 319 0 561736 13500 0 1734. 40. 1830 127.65
320.149 6  6 -1 320 0 563513 13542 0 1777. 42. 1836 127.65
321.146 6  6 -1 321 0 565384 13587 0 1871. 45. 1843 -4873.15
322.146 6  6 -1 322 0 567205 13631 0 1821. 44. 1849 -4873.15
323.149 6  6 -1 323 0 569034 13674 0 1829. 43. 1855 -4873.15
324.147 6  6 -1 324 0 570904 13720 0 1870. 46. 1861 -4873.15
325.148 6  6 -1 325 0 572629 13760 0 1725. 40. 1867 -4873.15
326.148 6  6 -1 326 0 574426 13803 0 1797. 43. 1874 76.25
327.148 6  6 -1 327 0 576292 13849 0 1866. 46. 1880 76.25
328.149 6  6 -1 328 0 578045 13890 0 1753. 41. 1886 76.25
329.149 6  6 -1 329 0 579801 13931 0 1756. 41. 1892 76.25
330.150 6  6 -1 330 0 581587 13973 0 1786. 42. 1898 76.25
331.160 6  6 -1 331 0 583377 14015 0 1790. 42. 1904 90.17
332.151 6  6 -1 332 0 585258 14059 0 1881. 44. 1911 90.17
333.152 6  6 -1 333 0 586978 14101 0 1720. 42. 1917 90.17
334.158 6  6 -1 334 0 588710 14140 0 1732. 39. 1923 90.17
335.173 6  6 -1 335 0 590623 14185 0 1913. 45. 1928 90.17
336.154 6  6 -1 336 0 592413 14228 0 1790. 43. 1936 66.55
337.155 6  6 -1 337 0 594256 14273 0 1843. 45. 1942 66.55
338.157 6  6 -1 338 0 596032 14315 0 1776. 42. 1948 66.55
339.156 6  6 -1 339 0 597816 14357 0 1784. 42. 1954 66.55
340.175 6  6 -1 340 0 599656 14402 0 1840. 45. 1959 66.55
341.176 6  6 -1 341 0 601469 14445 0 1813. 43. 1966 79.69
342.158 6  6 -1 342 0 603354 14492 0 1885. 47. 1973 79.69
343.158 6  6 -1 343 0 605056 14531 0 1702. 39. 1979 79.69
344.181 6  6 -1 344 0 606830 14572 0 1774. 41. 1984 79.69
345.160 6  6 -1 345 0 608701 14617 0 1871. 45. 1991 79.69
346.160 6  6 -1 346 0 610493 14660 0 1792. 43. 1998 49.88
347.179 6  6 -1 347 0 612270 14702 0 1777. 42. 2003 49.88
348.161 6  6 -1 348 0 614096 14746 0 1826. 44. 2010 49.88
349.161 6  6 -1 349 0 615987 14791 0 1891. 45. 2016 49.88
350.162 6  6 -1 350 0 617670 14831 0 1683. 40. 2022 49.88
351.163 6  6 -1 351 0 619591 14879 0 1921. 48. 2029 135.02
352.165 6  6 -1 352 0 621361 14921 0 1770. 42. 2035 135.02
353.183 6  6 -1 353 0 623131 14962 0 1770. 41. 2040 135.02
354.179 6  6 -1 354 0 624973 15007 0 1842. 45. 2046 135.02
355.180 6  6 -1 355 0 626792 15051 0 1819. 44. 2052 135.02
356.166 6  6 -1 356 0 628579 15093 0 1787. 42. 2060 19.18
357.166 6  6 -1 357 0 630441 15138 0 1862. 45. 2066 19.18
358.169 6  6 -1 358 0 632281 15183 0 1840. 45. 2072 19.18
359.167 6  6 -1 359 0 634057 15225 0 1776. 42. 2078 19.18
360.168 6  6 -1 360 0 636039 15272 0 1982. 47. 2084 19.18
361.169 6  6 -1 361 0 637906 15318 0 1867. 46. 2091 99.21
362.169 6  6 -1 362 0 639515 15356 0 1609. 38. 2097 99.21
363.169 6  6 -1 363 0 641358 15401 0 1843. 45. 2103 99.21
364.170 6  6 -1 364 0 643198 15446 0 1840. 45. 2109 99.21
365.171 6  6 -1 365 0 645006 15490 0 1808. 44. 2115 99.21
366.180 6  6 -1 366 0 647039 15539 0 2033. 49. 2121 101.25
367.182 6  6 -1 367 0 648954 15586 0 1915. 47. 2127 101.25
368.176 6  6 -1 368 0 650568 15625 0 1614. 39. 2134 101.25
369.187 6  6 -1 369 0 652272 15664 0 1704. 39. 2139 101.25
370.181 6  6 -1 370 0 654319 15714 0 2047. 50. 2146 101.25
371.183 6  6 -1 371 0 656295 15762 0 1976. 48. 2153 95.97
372.184 6  6 -1 372 0 658114 15806 0 1819. 44. 2158 95.97
373.184 6  6 -1 373 0 659916 15851 0 1802. 45. 2164 95.97
374.199 6  6 -1 374 0 661829 15896 0 1913. 45. 2170 95.97
375.188 6  6 -1 375 0 663573 15938 0 1744. 42. 2176 95.97
376.190 6  6 -1 376 0 665371 15983 0 1798. 45. 2183 67.55
377.198 6  6 -1 377 0 667251 16028 0 1880. 45. 2188 67.55
378.190 6  6 -1 378 0 669160 16073 0 1909. 45. 2195 67.55
379.194 6  6 -1 379 0 670805 16113 0 1645. 40. 2200 67.55
380.220 6  6 -1 380 0 672702 16158 0 1897. 45. 2206 67.55
381.194 6  6 -1 381 0 674518 16201 0 1816. 43. 2213 49.09
382.197 6  6 -1 382 0 676273 16244 0 1755. 43. 2219 49.09
383.197 6  6 -1 383 0 677928 16281 0 1655. 37. 2225 49.09
384.212 6  6 -1 384 0 679795 16324 0 1867. 43. 2231 49.09
385.205 6  6 -1 385 0 681593 16367 0 1798. 43. 2237 49.09
386.203 6  6 -1 386 0 683339 16410 0 1746. 43. 2244 36.96
387.242 6  6 -1 387 0 685149 16452 0 1810. 42. 2250 36.96
388.213 6  6 -1 388 0 686992 16497 0 1843. 45. 2256 36.96
389.207 6  6 -1 389 0 688900 16543 0 1908. 46. 2262 36.96
390.207 6  6 -1 390 0 690677 16585 0 1777. 42. 2267 36.96
391.236 6  6 -1 391 0 692671 16633 0 1994. 48. 2274 20.87
392.221 6  6 -1 392 0 694320 16673 0 1649. 40. 2280 20.87
393.186 6  6 -1 393 0 696244 16719 0 1924. 46. 2286 20.87
394.241 6  6 -1 394 0 698097 16763 0 1853. 44. 2292 20.87
395.215 6  6 -1 395 0 699930 16808 0 1833. 45. 2299 20.87
396.231 6  6 -1 396 0 701775 16852 0 1845. 44. 2306 120.08
397.219 6  6 -1 397 0 703535 16895 0 1760. 43. 2312 120.08
398.241 6  6 -1 398 0 705470 16942 0 1935. 47. 2318 120.08
399.227 6  6 -1 399 0 707268 16985 0 1798. 43. 2324 120.08
400.220 6  6 -1 400 0 708863 17022 0 1595. 37. 2330 120.08
401.245 6  6 -1 401 0 710819 17070 0 1956. 48. 2337 -4880.09
402.224 6  6 -1 402 0 712627 17113 0 1808. 43. 2342 -4880.09
403.224 6  6 -1 403 0 714412 17155 0 1785. 42. 2348 -4880.09
404.225 6  6 -1 404 0 716155 17196 0 1743. 41. 2354 -4880.09
405.225 6  6 -1 405 0 717969 17241 0 1814. 45. 2360 -4880.09
406.227 6  6 -1 406 0 719833 17286 0 1864. 45. 2367 67.6
407.226 6  6 -1 407 0 721641 17329 0 1808. 43. 2373 67.6
408.202 6  6 -1 408 0 723511 17375 0 1870. 46. 2379 67.6
409.203 6  6 -1 409 0 725297 17416 0 1786. 41. 2385 67.6
410.204 6  6 -1 410 0 726982 17456 0 1685. 40. 2391 67.6
411.205 6  6 -1 411 0 728941 17503 0 1959. 47. 2398 -4933.03
412.233 6  6 -1 412 0 730849 17548 0 1908. 45. 2404 -4933.03
413.269 6  6 -1 413 0 732548 17588 0 1699. 40. 2410 -4933.03
414.209 6  6 -1 414 0 734348 17633 0 1800. 45. 2416 -4933.03
415.237 6  6 -1 415 0 736273 17678 0 1925. 45. 2422 -4933.03
416.210 6  6 -1 416 0 738062 17721 0 1789. 43. 2429 106.67
417.211 6  6 -1 417 0 739728 17762 0 1666. 41. 2435 106.67
418.210 6  6 -1 418 0 741403 17801 0 1675. 39. 2441 106.67
419.212 6  6 -1 419 0 743232 17845 0 1829. 44. 2447 106.67
420.213 6  6 -1 420 0 745068 17889 0 1836. 44. 2453 106.67
421.213 6  6 -1 421 0 746922 17934 0 1854. 45. 2460 126.29
422.215 6  6 -1 422 0 748581 17971 0 1659. 37. 2466 126.29
423.216 6  6 -1 423 0 750452 18017 0 1871. 46. 2472 126.29
424.217 6  6 -1 424 0 752184 18058 0 1732. 41. 2478 126.29
425.218 6  6 -1 425 0 753933 18099 0 1749. 41. 2484 126.29
426.218 6  6 -1 426 0 755737 18143 0 1804. 44. 2491 106.95
427.283 6  6 -1 427 0 757513 18185 0 1776. 42. 2497 106.95
428.220 6  6 -1 428 0 759152 18225 0 1639. 40. 2503 106.95
429.220 6  6 -1 429 0 761003 18270 0 1851. 45. 2509 106.95
430.221 6  6 -1 430 0 762534 18309 0 1531. 39. 2515 106.95
431.222 6  6 -1 431 0 764248 18349 0 1714. 40. 2522 123.74
432.222 6  6 -1 432 0 766044 18392 0 1796. 43. 2528 123.74
433.224 6  6 -1 433 0 767947 18439 0 1903. 47. 2534 123.74
434.224 6  6 -1 434 0 769708 18481 0 1761. 42. 2540 123.74
435.225 6  6 -1 435 0 771505 18524 0 1797. 43. 2546 123.74
436.225 6  6 -1 436 0 773312 18568 0 1807. 44. 2553 75.75
437.225 6  6 -1 437 0 775100 18611 0 1788. 43. 2559 75.75
438.226 6  6 -1 438 0 777122 18660 0 2022. 49. 2565 75.75
439.227 6  6 -1 439 0 778804 18701 0 1682. 41. 2571 75.75
440.227 6  6 -1 440 0 780689 18745 0 1885. 44. 2577 75.75
441.278 6  6 -1 441 0 782627 18792 0 1938. 47. 2584 -4925.22
442.233 6  6 -1 442 0 784349 18833 0 1722. 41. 2590 -4925.22
443.234 6  6 -1 443 0 786239 18878 0 1890. 45. 2596 -4925.22
444.237 6  6 -1 444 0 787981 18920 0 1742. 42. 2602 -4925.22
445.237 6  6 -1 445 0 789824 18964 0 1843. 44. 2608 -4925.22
446.238 6  6 -1 446 0 791588 19007 0 1764. 43. 2615 124.72
447.239 6  6 -1 447 0 793475 19054 0 1887. 47. 2622 124.72
448.240 6  6 -1 448 0 795170 19094 0 1695. 40. 2628 124.72
449.240 6  6 -1 449 0 796989 19138 0 1819. 44. 2634 124.72
450.240 6  6 -1 450 0 798808 19182 0 1819. 44. 2640 124.72
451.245 6  6 -1 451 0 800820 19232 0 2012. 50. 2648 110.96
452.248 6  6 -1 452 0 802615 19275 0 1795. 43. 2654 110.96
453.248 6  6 -1 453 0 804291 19313 0 1676. 38. 2660 110.96
454.304 6  6 -1 454 0 806069 19356 0 1778. 43. 2666 110.96
455.250 6  6 -1 455 0 807917 19400 0 1848. 44. 2672 110.96
456.250 6  6 -1 456 0 809778 19444 0 1861. 44. 2679 127.65
457.277 6  6 -1 457 0 811587 19488 0 1809. 44. 2685 127.65
458.314 6  6 -1 458 0 813232 19529 0 1645. 41. 2691 127.65
459.315 6  6 -1 459 0 815028 19573 0 1796. 44. 2698 127.65
460.282 6  6 -1 460 0 817021 19622 0 1993. 49. 2704 127.65
461.315 6  6 -1 461 0 818690 19664 0 1669. 42. 2711 54.35
462.284 6  6 -1 462 0 820459 19706 0 1769. 42. 2717 54.35
463.284 6  6 -1 463 0 822078 19747 0 1619. 41. 2723 54.35
464.288 6  6 -1 464 0 823387 19781 0 1309. 34. 2729 54.35
465.290 6  6 -1 465 0 824810 19816 0 1423. 35. 2735 54.35
466.291 6  6 -1 466 0 826524 19857 0 1714. 41. 2742 106.57
467.289 6  6 -1 467 0 828261 19899 0 1737. 42. 2749 106.57
468.291 6  6 -1 468 0 830129 19944 0 1868. 45. 2755 106.57
469.292 6  6 -1 469 0 831947 19987 0 1818. 43. 2761 106.57
470.324 6  6 -1 470 0 833876 20035 0 1929. 48. 2767 106.57
471.322 6  6 -1 471 0 835653 20078 0 1777. 43. 2773 123.59
472.323 6  6 -1 472 0 837434 20122 0 1781. 44. 2779 123.59
473.325 6  6 -1 473 0 839274 20167 0 1840. 45. 2785 123.59
474.327 6  6 -1 474 0 841106 20211 0 1832. 44. 2792 123.59
475.327 6  6 -1 475 0 842792 20252 0 1686. 41. 2798 123.59
476.327 6  6 -1 476 0 844599 20296 0 1807. 44. 2805 114.95
477.304 6  6 -1 477 0 846362 20339 0 1763. 43. 2811 114.95
478.321 6  6 -1 478 0 848127 20382 0 1765. 43. 2816 114.95
479.318 6  6 -1 479 0 849911 20426 0 1784. 44. 2822 114.95
480.280 6  6 -1 480 0 851660 20469 0 1749. 43. 2828 114.95
481.281 6  6 -1 481 0 853388 20512 0 1728. 43. 2835 96.83
482.281 6  6 -1 482 0 855126 20555 0 1738. 43. 2841 96.83
483.282 6  6 -1 483 0 856937 20600 0 1811. 45. 2847 96.83
484.284 6  6 -1 484 0 858770 20645 0 1833. 45. 2853 96.83
485.284 6  6 -1 485 0 860413 20685 0 1643. 40. 2859 96.83
486.284 6  6 -1 486 0 862244 20731 0 1831. 46. 2866 97.27
487.285 6  6 -1 487 0 864032 20774 0 1788. 43. 2872 97.27
488.286 6  6 -1 488 0 865694 20814 0 1662. 40. 2878 97.27
489.287 6  6 -1 489 0 867394 20857 0 1700. 43. 2884 97.27
490.288 6  6 -1 490 0 869258 20902 0 1864. 45. 2890 97.27
491.289 6  6 -1 491 0 871024 20946 0 1766. 44. 2897 212.07
492.290 6  6 -1 492 0 872889 20992 0 1865. 46. 2903 212.07
493.291 6  6 -1 493 0 874665 21036 0 1776. 44. 2909 212.07
494.291 6  6 -1 494 0 876460 21079 0 1795. 43. 2915 212.07
495.292 6  6 -1 495 0 878133 21119 0 1673. 40. 2921 212.07
496.303 6  6 -1 496 0 880093 21168 0 1960. 49. 2928 53.89
497.303 6  6 -1 497 0 881753 21206 0 1660. 38. 2934 53.89
498.304 6  6 -1 498 0 883338 21247 0 1585. 41. 2940 53.89
499.305 6  6 -1 499 0 884835 21285 0 1497. 38. 2946 53.89
500.305 6  6 -1 500 0 886674 21330 0 1839. 45. 2952 53.89
501.306 6  6 -1 501 0 888322 21370 0 1648. 40. 2959 78.96
502.307 6  6 -1 502 0 890001 21411 0 1679. 41. 2965 78.96
503.307 6  6 -1 503 0 891467 21448 0 1466. 37. 2971 78.96
504.319 6  6 -1 504 0 893259 21493 0 1792. 45. 2977 78.96
505.320 6  6 -1 505 0 894980 21536 0 1721. 43. 2983 78.96
506.320 6  6 -1 506 0 896864 21581 0 1884. 45. 2990 110.45
507.321 6  6 -1 507 0 898581 21624 0 1717. 43. 2996 110.45
508.321 6  6 -1 508 0 900457 21670 0 1876. 46. 3002 110.45
509.322 6  6 -1 509 0 901973 21707 0 1516. 37. 3008 110.45
510.323 6  6 -1 510 0 903803 21753 0 1830. 46. 3014 110.45
511.324 6  6 -1 511 0 905672 21798 0 1869. 45. 3021 56.73
512.325 6  6 -1 512 0 907160 21833 0 1488. 35. 3027 56.73
513.381 6  6 -1 513 0 908786 21875 0 1626. 42. 3033 56.73
514.326 6  6 -1 514 0 910612 21919 0 1826. 44. 3039 56.73
515.327 6  6 -1 515 0 912317 21960 0 1705. 41. 3045 56.73
516.328 6  6 -1 516 0 914117 22004 0 1800. 44. 3052 36.43
517.328 6  6 -1 517 0 915784 22045 0 1667. 41. 3058 36.43
518.329 6  6 -1 518 0 917377 22083 0 1593. 38. 3064 36.43
519.330 6  6 -1 519 0 919066 22124 0 1689. 41. 3070 36.43
520.330 6  6 -1 520 0 920644 22163 0 1578. 39. 3076 36.43
521.331 6  6 -1 521 0 922500 22208 0 1856. 45. 3083 116.85
522.331 6  6 -1 522 0 924276 22252 0 1776. 44. 3089 116.85
523.332 6  6 -1 523 0 925823 22289 0 1547. 37. 3095 116.85
524.333 6  6 -1 524 0 927506 22329 0 1683. 40. 3101 116.85
525.334 6  6 -1 525 0 929183 22369 0 1677. 40. 3107 116.85
526.335 6  6 -1 526 0 930671 22409 0 1488. 40. 3114 441.5
527.390 6  6 -1 527 0 932432 22452 0 1761. 43. 3120 441.5
528.395 6  6 -1 528 0 933928 22487 0 1496. 35. 3127 441.5
529.398 6  6 -1 529 0 935560 22529 0 1632. 42. 3132 441.5
530.403 6  6 -1 530 0 937236 22570 0 1676. 41. 3138 441.5
531.408 6  6 -1 531 0 938819 22609 0 1583. 39. 3145 88.16
532.402 6  6 -1 532 0 940489 22652 0 1670. 43. 3151 88.16
533.397 6  6 -1 533 0 941895 22687 0 1406. 35. 3157 88.16
534.404 6  6 -1 534 0 943362 22724 0 1467. 37. 3163 88.16
535.405 6  6 -1 535 0 945045 22768 0 1683. 44. 3169 88.16
536.406 6  6 -1 536 0 946410 22801 0 1365. 33. 3176 -4912.61
537.408 6  6 -1 537 0 948305 22846 0 1895. 45. 3182 -4912.61
538.412 6  6 -1 538 0 949610 22880 0 1305. 34. 3188 -4912.61
539.412 6  6 -1 539 0 951287 22922 0 1677. 42. 3194 -4912.61
540.383 6  6 -1 540 0 952829 22960 0 1542. 38. 3200 -4912.61
541.357 6  6 -1 541 0 954280 22997 0 1451. 37. 3207 78.33
542.421 6  6 -1 542 0 955743 23034 0 1463. 37. 3213 78.33
543.358 6  6 -1 543 0 957394 23073 0 1651. 39. 3219 78.33
544.359 6  6 -1 544 0 958974 23114 0 1580. 41. 3225 78.33
545.359 6  6 -1 545 0 960634 23156 0 1660. 42. 3231 78.33
546.359 6  6 -1 546 0 962364 23198 0 1730. 42. 3238 119.45
547.360 6  6 -1 547 0 964271 23245 0 1907. 47. 3244 119.45
548.361 6  6 -1 548 0 966131 23292 0 1860. 47. 3251 119.45
549.362 6  6 -1 549 0 967880 23333 0 1749. 41. 3257 119.45
550.363 6  6 -1 550 0 969735 23377 0 1855. 44. 3263 119.45
551.363 6  6 -1 551 0 971446 23421 0 1711. 44. 3270 17.56
552.363 6  6 -1 552 0 973164 23462 0 1718. 41. 3276 17.56
553.364 6  6 -1 553 0 974894 23504 0 1730. 42. 3282 17.56
554.364 6  6 -1 554 0 976646 23547 0 1752. 43. 3288 17.56
555.364 6  6 -1 555 0 978406 23588 0 1760. 41. 3294 17.56
556.365 6  6 -1 556 0 980046 23628 0 1640. 40. 3301 98.33
557.366 6  6 -1 557 0 981670 23669 0 1624. 41. 3307 98.33
558.366 6  6 -1 558 0 983277 23708 0 1607. 39. 3313 98.33
559.367 6  6 -1 559 0 985007 23751 0 1730. 43. 3319 98.33
560.368 6  6 -1 560 0 986814 23795 0 1807. 44. 3325 98.33
561.369 6  6 -1 561 0 988755 23842 0 1941. 47. 3332 91.84
562.369 6  6 -1 562 0 990363 23881 0 1608. 39. 3338 91.84
563.370 6  6 -1 563 0 992015 23921 0 1652. 40. 3344 91.84
564.371 6  6 -1 564 0 993744 23964 0 1729. 43. 3350 91.84
565.382 6  6 -1 565 0 995634 24011 0 1890. 47. 3356 91.84
566.427 6  6 -1 566 0 997329 24053 0 1695. 42. 3363 161.69
567.383 6  6 -1 567 0 999123 24096 0 1794. 43. 3369 161.69
568.384 6  6 -1 568 0 1000792 24137 0 1669. 41. 3375 161.69
569.385 6  6 -1 569 0 1002423 24179 0 1631. 42. 3381 161.69
570.385 6  6 -1 570 0 1004238 24224 0 1815. 45. 3387 161.69
571.386 6  6 -1 571 0 1005745 24261 0 1507. 37. 3394 88.06
572.387 6  6 -1 572 0 1007517 24306 0 1772. 45. 3400 88.06
573.387 6  6 -1 573 0 1009110 24348 0 1593. 42. 3406 88.06
574.388 6  6 -1 574 0 1010740 24388 0 1630. 40. 3412 88.06
575.388 6  6 -1 575 0 1012458 24430 0 1718. 42. 3418 88.06
576.390 6  6 -1 576 0 1014237 24476 0 1779. 46. 3425 348.15
577.390 6  6 -1 577 0 1015989 24520 0 1752. 44. 3431 348.15
578.391 6  6 -1 578 0 1017487 24559 0 1498. 39. 3437 348.15
579.395 6  6 -1 579 0 1019101 24600 0 1614. 41. 3443 348.15
580.395 6  6 -1 580 0 1020784 24640 0 1683. 40. 3449 348.15
581.396 6  6 -1 581 0 1022366 24681 0 1582. 41. 3456 325.39
582.396 6  6 -1 582 0 1024171 24725 0 1805. 44. 3462 325.39
583.396 6  6 -1 583 0 1025850 24766 0 1679. 41. 3468 325.39
584.397 6  6 -1 584 0 1027690 24811 0 1840. 45. 3474 325.39
585.402 6  6 -1 585 0 1029519 24856 0 1829. 45. 3480 325.39
586.402 6  6 -1 586 0 1031413 24903 0 1894. 47. 3487 127.85
587.402 6  6 -1 587 0 1033232 24947 0 1819. 44. 3493 127.85
588.402 6  6 -1 588 0 1035123 24993 0 1891. 46. 3499 127.85
589.403 6  6 -1 589 0 1036890 25035 0 1767. 42. 3505 127.85
590.403 6  6 -1 590 0 1038768 25080 0 1878. 45. 3511 127.85
591.404 6  6 -1 591 0 1040696 25129 0 1928. 49. 3518 241.54
592.405 6  6 -1 592 0 1042259 25168 0 1563. 39. 3524 241.54
593.406 6  6 -1 593 0 1044101 25212 0 1842. 44. 3530 241.54
594.406 6  6 -1 594 0 1045779 25255 0 1678. 43. 3536 241.54
595.468 6  6 -1 595 0 1047731 25303 0 1952. 48. 3542 241.54
596.440 6  6 -1 596 0 1049238 25341 0 1507. 38. 3550 68.47
597.442 6  6 -1 597 0 1050978 25384 0 1740. 43. 3556 68.47
598.448 6  6 -1 598 0 1052801 25429 0 1823. 45. 3562 68.47
599.444 6  6 -1 599 0 1054788 25477 0 1987. 48. 3568 68.47
600.445 6  6 -1 600 0 1056622 25522 0 1834. 45. 3574 68.47
601.446 6  6 -1 601 0 1058703 25576 0 2081. 54. 3581 408.38
602.461 6  6 -1 602 0 1060470 25618 0 1767. 42. 3587 408.38
603.451 6  6 -1 603 0 1062163 25659 0 1693. 41. 3592 408.38
604.426 6  6 -1 604 0 1064183 25709 0 2020. 50. 3598 408.38
605.426 6  6 -1 605 0 1065962 25752 0 1779. 43. 3604 408.38
606.427 6  6 -1 606 0 1067587 25791 0 1625. 39. 3611 342.71
607.428 6  6 -1 607 0 1069643 25843 0 2056. 52. 3617 342.71
608.428 6  6 -1 608 0 1071418 25886 0 1775. 43. 3623 342.71
609.429 6  6 -1 609 0 1073129 25928 0 1711. 42. 3629 342.71
610.429 6  6 -1 610 0 1075135 25978 0 2006. 50. 3635 342.71
611.459 6  6 -1 611 0 1076829 26019 0 1694. 41. 3642 149.1
612.486 6  6 -1 612 0 1078623 26063 0 1794. 44. 3648 149.1
613.460 6  6 -1 613 0 1080458 26109 0 1835. 46. 3655 149.1
614.504 6  6 -1 614 0 1082230 26152 0 1772. 43. 3660 149.1
615.466 6  6 -1 615 0 1083917 26192 0 1687. 40. 3668 149.1
616.475 6  6 -1 616 0 1085672 26237 0 1755. 45. 3674 141.49
617.470 6  6 -1 617 0 1087404 26280 0 1732. 43. 3681 141.49
618.471 6  6 -1 618 0 1089048 26319 0 1644. 39. 3687 141.49
619.471 6  6 -1 619 0 1090711 26358 0 1663. 39. 3693 141.49
620.473 6  6 -1 620 0 1092408 26400 0 1697. 42. 3699 141.49
621.474 6  6 -1 621 0 1094150 26443 0 1742. 43. 3705 -4858.65
622.478 6  6 -1 622 0 1096101 26491 0 1951. 48. 3711 -4858.65
623.491 6  6 -1 623 0 1097698 26530 0 1597. 39. 3717 -4858.65
624.493 6  6 -1 624 0 1099303 26570 0 1605. 40. 3723 -4858.65
625.480 6  6 -1 625 0 1101231 26617 0 1928. 47. 3729 -4858.65
626.480 6  6 -1 626 0 1103069 26664 0 1838. 47. 3736 106.14
627.492 6  6 -1 627 0 1104829 26705 0 1760. 41. 3742 106.14
628.483 6  6 -1 628 0 1106211 26739 0 1382. 34. 3748 106.14
629.501 6  6 -1 629 0 1108063 26785 0 1852. 46. 3753 106.14
630.486 6  6 -1 630 0 1109721 26826 0 1658. 41. 3760 106.14
631.489 6  6 -1 631 0 1111650 26874 0 1929. 48. 3767 -4894.86
632.491 6  6 -1 632 0 1113532 26921 0 1882. 47. 3772 -4894.86
633.466 6  6 -1 633 0 1115274 26962 0 1742. 41. 3778 -4894.86
634.492 6  6 -1 634 0 1117013 27006 0 1739. 44. 3784 -4894.86
635.468 6  6 -1 635 0 1118874 27052 0 1861. 46. 3790 -4894.86
636.496 6  6 -1 636 0 1120732 27098 0 1858. 46. 3797 33.69
637.470 6  6 -1 637 0 1122365 27136 0 1633. 38. 3803 33.69
638.470 6  6 -1 638 0 1124222 27182 0 1857. 46. 3809 33.69
639.470 6  6 -1 639 0 1125979 27225 0 1757. 43. 3815 33.69
640.471 6  6 -1 640 0 1127942 27272 0 1963. 47. 3821 33.69
641.471 6  6 -1 641 0 1129705 27318 0 1763. 46. 3828 85.06
642.471 6  6 -1 642 0 1131556 27361 0 1851. 43. 3834 85.06
643.472 6  6 -1 643 0 1133351 27404 0 1795. 43. 3840 85.06
644.474 6  6 -1 644 0 1135167 27450 0 1816. 46. 3846 85.06
645.474 6  6 -1 645 0 1136968 27494 0 1801. 44. 3852 85.06
646.474 6  6 -1 646 0 1138721 27536 0 1753. 42. 3859 133.01
647.474 6  6 -1 647 0 1140696 27585 0 1975. 49. 3865 133.01
648.475 6  6 -1 648 0 1142631 27633 0 1935. 48. 3871 133.01
649.476 6  6 -1 649 0 1144321 27673 0 1690. 40. 3877 133.01
650.476 6  6 -1 650 0 1146070 27716 0 1749. 43. 3883 133.01
651.477 6  6 -1 651 0 1147848 27760 0 1778. 44. 3890 116.1
652.477 6  6 -1 652 0 1149624 27803 0 1776. 43. 3896 116.1
653.477 6  6 -1 653 0 1151479 27849 0 1855. 46. 3902 116.1
654.479 6  6 -1 654 0 1153386 27897 0 1907. 48. 3908 116.1
655.479 6  6 -1 655 0 1155112 27936 0 1726. 39. 3914 116.1
656.482 6  6 -1 656 0 1156873 27981 0 1761. 45. 3921 72.79
657.482 6  6 -1 657 0 1158580 28024 0 1707. 43. 3927 72.79
658.484 6  6 -1 658 0 1160309 28066 0 1729. 42. 3933 72.79
659.484 6  6 -1 659 0 1162076 28108 0 1767. 42. 3939 72.79
660.484 6  6 -1 660 0 1163862 28153 0 1786. 45. 3945 72.79
661.485 6  6 -1 661 0 1165728 28198 0 1866. 45. 3952 95.99
662.485 6  6 -1 662 0 1167584 28243 0 1856. 45. 3958 95.99
663.485 6  6 -1 663 0 1169387 28287 0 1803. 44. 3964 95.99
664.493 6  6 -1 664 0 1171082 28328 0 1695. 41. 3970 95.99
665.493 6  6 -1 665 0 1172720 28369 0 1638. 41. 3976 95.99
666.494 6  6 -1 666 0 1174657 28418 0 1937. 49. 3983 132.79
667.495 6  6 -1 667 0 1176396 28460 0 1739. 42. 3989 132.79
668.496 6  6 -1 668 0 1178156 28502 0 1760. 42. 3995 132.79
669.507 6  6 -1 669 0 1180126 28552 0 1970. 50. 4001 132.79
670.506 6  6 -1 670 0 1181918 28596 0 1792. 44. 4007 132.79
671.507 6  6 -1 671 0 1183650 28639 0 1732. 43. 4014 106.87
672.508 6  6 -1 672 0 1185595 28687 0 1945. 48. 4020 106.87
673.509 6  6 -1 673 0 1187453 28732 0 1858. 45. 4026 106.87
674.510 6  6 -1 674 0 1189115 28773 0 1662. 41. 4032 106.87
675.510 6  6 -1 675 0 1190976 28819 0 1861. 46. 4038 106.87
676.511 6  6 -1 676 0 1192772 28865 0 1796. 46. 4045 206.56
677.512 6  6 -1 677 0 1194715 28912 0 1943. 47. 4051 206.56
678.512 6  6 -1 678 0 1196470 28955 0 1755. 43. 4057 206.56
679.513 6  6 -1 679 0 1198272 29000 0 1802. 45. 4063 206.56
680.514 6  6 -1 680 0 1200080 29043 0 1808. 43. 4069 206.56
681.514 6  6 -1 681 0 1201775 29084 0 1695. 41. 4076 70.51
682.515 6  6 -1 682 0 1203733 29134 0 1958. 50. 4082 70.51
683.516 6  6 -1 683 0 1205540 29179 0 1807. 45. 4088 70.51
684.516 6  6 -1 684 0 1207309 29223 0 1769. 44. 4094 70.51
685.516 6  6 -1 685 0 1209133 29269 0 1824. 46. 4100 70.51
686.518 6  6 -1 686 0 1211016 29315 0 1883. 46. 4107 61.24
687.518 6  6 -1 687 0 1212845 29361 0 1829. 46. 4113 61.24
688.519 6  6 -1 688 0 1214558 29403 0 1713. 42. 4119 61.24
689.520 6  6 -1 689 0 1216497 29450 0 1939. 47. 4125 61.24
690.521 6  6 -1 690 0 1218222 29492 0 1725. 42. 4131 61.24
691.524 6  6 -1 691 0 1220273 29543 0 2051. 51. 4138 35.32
692.525 6  6 -1 692 0 1222039 29586 0 1766. 43. 4144 35.32
693.525 6  6 -1 693 0 1223767 29629 0 1728. 43. 4150 35.32
694.526 6  6 -1 694 0 1225594 29674 0 1827. 45. 4156 35.32
695.525 6  6 -1 695 0 1227364 29716 0 1770. 42. 4162 35.32
696.526 6  6 -1 696 0 1229270 29762 0 1906. 46. 4169 87.2
697.527 6  6 -1 697 0 1230987 29804 0 1717. 42. 4175 87.2
698.528 6  6 -1 698 0 1232988 29852 0 2001. 48. 4181 87.2
699.530 6  6 -1 699 0 1234891 29899 0 1903. 47. 4187 87.2
700.539 6  6 -1 700 0 1236647 29942 0 1756. 43. 4193 87.2
701.539 6  6 -1 701 0 1238488 29987 0 1841. 45. 4200 74.61
702.540 6  6 -1 702 0 1240411 30035 0 1923. 48. 4206 74.61
703.541 6  6 -1 703 0 1242221 30078 0 1810. 43. 4212 74.61
704.542 6  6 -1 704 0 1243914 30118 0 1693. 40. 4218 74.61
705.542 6  6 -1 705 0 1245684 30161 0 1770. 43. 4225 -4923.16
706.543 6  6 -1 706 0 1247458 30205 0 1774. 44. 4231 67.69
707.543 6  6 -1 707 0 1249246 30248 0 1788. 43. 4237 67.69
708.544 6  6 -1 708 0 1250861 30285 0 1615. 37. 4243 67.69
709.545 6  6 -1 709 0 1252749 30332 0 1888. 47. 4249 67.69
710.546 6  6 -1 710 0 1254555 30375 0 1806. 43. 4256 -4933.01
711.546 6  6 -1 711 0 1256264 30418 0 1709. 43. 4262 47.04
712.547 6  6 -1 712 0 1258008 30460 0 1744. 42. 4268 47.04
713.547 6  6 -1 713 0 1259840 30504 0 1832. 44. 4274 47.04
714.549 6  6 -1 714 0 1261618 30548 0 1778. 44. 4280 47.04
715.549 6  6 -1 715 0 1263324 30590 0 1706. 42. 4287 -4953.76
716.549 6  6 -1 716 0 1265114 30633 0 1790. 43. 4293 58.52
717.550 6  6 -1 717 0 1266790 30676 0 1676. 43. 4299 58.52
718.551 6  6 -1 718 0 1268503 30717 0 1713. 41. 4305 58.52
719.552 6  6 -1 719 0 1270352 30761 0 1849. 44. 4311 58.52
720.553 6  6 -1 720 0 1272036 30802 0 1684. 41. 4318 -4942.17
721.553 6  6 -1 721 0 1273966 30850 0 1930. 48. 4324 53.57
722.567 6  6 -1 722 0 1275724 30892 0 1758. 42. 4330 53.57
723.567 6  6 -1 723 0 1277611 30939 0 1887. 47. 4336 53.57
724.568 6  6 -1 724 0 1279350 30981 0 1739. 42. 4342 53.57
725.569 6  6 -1 725 0 1281111 31023 0 1761. 42. 4349 -4947.4
726.570 6  6 -1 726 0 1282824 31067 0 1713. 44. 4355 45.56
727.578 6  6 -1 727 0 1284678 31113 0 1854. 46. 4361 45.56
728.578 6  6 -1 728 0 1286429 31156 0 1751. 43. 4367 45.56
729.578 6  6 -1 729 0 1288327 31202 0 1898. 46. 4373 45.56
730.579 6  6 -1 730 0 1290142 31247 0 1815. 45. 4380 23.47
731.579 6  6 -1 731 0 1291967 31291 0 1825. 44. 4386 23.47
732.580 6  6 -1 732 0 1293901 31339 0 1934. 48. 4392 23.47
733.580 6  6 -1 733 0 1295702 31383 0 1801. 44. 4398 23.47
734.581 6  6 -1 734 0 1297464 31425 0 1762. 42. 4404 23.47
735.581 6  6 -1 735 0 1299291 31471 0 1827. 46. 4411 23.72
736.581 6  6 -1 736 0 1301157 31517 0 1866. 46. 4417 23.72
737.582 6  6 -1 737 0 1302801 31557 0 1644. 40. 4423 23.72
738.583 6  6 -1 738 0 1304506 31599 0 1705. 42. 4429 23.72
739.583 6  6 -1 739 0 1306381 31646 0 1875. 47. 4435 23.72
740.584 6  6 -1 740 0 1308136 31688 0 1755. 42. 4442 -4977.97
741.585 6  6 -1 741 0 1309884 31733 0 1748. 45. 4448 102.59
742.586 6  6 -1 742 0 1311745 31779 0 1861. 46. 4454 102.59
743.587 6  6 -1 743 0 1313506 31821 0 1761. 42. 4460 102.59
744.587 6  6 -1 744 0 1315242 31864 0 1736. 43. 4466 102.59
745.588 6  6 -1 745 0 1317021 31908 0 1779. 44. 4473 -4897.78
746.588 6  6 -1 746 0 1318752 31950 0 1731. 42. 4479 177.26
747.589 6  6 -1 747 0 1320540 31994 0 1788. 44. 4485 177.26
748.590 6  6 -1 748 0 1322282 32038 0 1742. 44. 4491 177.26
749.591 6  6 -1 749 0 1323993 32079 0 1711. 41. 4497 177.26
750.592 6  6 -1 750 0 1325763 32123 0 1770. 44. 4504 -4823.17
751.592 6  6 -1 751 0 1327557 32167 0 1794. 44. 4510 416.26
752.593 6  6 -1 752 0 1329313 32209 0 1756. 42. 4516 416.26
753.593 6  6 -1 753 0 1331240 32258 0 1927. 49. 4522 416.26
754.594 6  6 -1 754 0 1333035 32302 0 1795. 44. 4528 416.26
755.599 6  6 -1 755 0 1334799 32343 0 1764. 41. 4535 -4584.98
756.595 6  6 -1 756 0 1336322 32381 0 1523. 38. 4541 -4584.98
757.596 6  6 -1 757 0 1338299 32429 0 1977. 48. 4547 -4584.98
758.596 6  6 -1 758 0 1339989 32470 0 1690. 41. 4553 -4584.98
759.597 6  6 -1 759 0 1341907 32517 0 1918. 47. 4559 -4584.98
760.597 6  6 -1 760 0 1343725 32561 0 1818. 44. 4566 -9585.29
761.598 6  6 -1 761 0 1345554 32605 0 1829. 44. 4572 381.6
762.599 6  6 -1 762 0 1347359 32650 0 1805. 45. 4578 381.6
763.600 6  6 -1 763 0 1349149 32695 0 1790. 45. 4584 381.6
764.600 6  6 -1 764 0 1350797 32734 0 1648. 39. 4590 381.6
765.600 6  6 -1 765 0 1352623 32778 0 1826. 44. 4597 -4618.85
766.601 6  6 -1 766 0 1354378 32824 0 1755. 46. 4603 189.62
767.602 6  6 -1 767 0 1356120 32865 0 1742. 41. 4609 189.62
768.602 6  6 -1 768 0 1357928 32909 0 1808. 44. 4615 189.62
769.602 6  6 -1 769 0 1359822 32955 0 1894. 46. 4621 189.62
770.603 6  6 -1 770 0 1361341 32992 0 1519. 37. 4628 -4810.75
771.604 6  6 -1 771 0 1362955 33034 0 1614. 42. 4634 95.06
772.605 6  6 -1 772 0 1364770 33078 0 1815. 44. 4640 95.06
773.606 6  6 -1 773 0 1366463 33117 0 1693. 39. 4646 95.06
774.606 6  6 -1 774 0 1368352 33164 0 1889. 47. 4652 95.06
775.606 6  6 -1 775 0 1370220 33210 0 1868. 46. 4659 -4905.15
776.607 6  6 -1 776 0 1372110 33256 0 1890. 46. 4665 103.39
777.608 6  6 -1 777 0 1373852 33299 0 1742. 43. 4671 103.39
778.609 6  6 -1 778 0 1375706 33344 0 1854. 45. 4677 103.39
779.610 6  6 -1 779 0 1377742 33392 0 2036. 48. 4683 103.39
780.614 6  6 -1 780 0 1379656 33439 0 1914. 47. 4690 -4898.04
781.616 6  6 -1 781 0 1381411 33482 0 1755. 43. 4696 141.43
782.616 6  6 -1 782 0 1383064 33520 0 1653. 38. 4702 141.43
783.616 6  6 -1 783 0 1385075 33571 0 2011. 51. 4708 141.43
784.617 6  6 -1 784 0 1386924 33616 0 1849. 45. 4714 141.43
785.617 6  6 -1 785 0 1388691 33659 0 1767. 43. 4721 -4858.74
786.619 6  6 -1 786 0 1390420 33703 0 1729. 44. 4727 -4858.74
787.619 6  6 -1 787 0 1392237 33747 0 1817. 44. 4733 -4858.74
788.619 6  6 -1 788 0 1394143 33793 0 1906. 46. 4739 -4858.74
789.620 6  6 -1 789 0 1396077 33841 0 1934. 48. 4745 -4858.74
790.620 6  6 -1 790 0 1397812 33884 0 1735. 43. 4752 -9859.12
791.621 6  6 -1 791 0 1399540 33925 0 1728. 41. 4758 120.99
792.623 6  6 -1 792 0 1401370 33970 0 1830. 45. 4764 120.99
793.623 6  6 -1 793 0 1403212 34016 0 1842. 46. 4770 120.99
794.624 6  6 -1 794 0 1404982 34058 0 1770. 42. 4776 120.99
795.625 6  6 -1 795 0 1406863 34105 0 1881. 47. 4783 -4879.55
796.625 6  6 -1 796 0 1408741 34152 0 1878. 47. 4789 179.08
797.626 6  6 -1 797 0 1410558 34195 0 1817. 43. 4795 179.08
798.626 6  6 -1 798 0 1412592 34246 0 2034. 51. 4801 179.08
799.626 6  6 -1 799 0 1414406 34290 0 1814. 44. 4807 179.08
800.627 6  6 -1 800 0 1416134 34331 0 1728. 41. 4814 38.71
801.628 6  6 -1 801 0 1418015 34378 0 1881. 47. 4820 38.71
802.629 6  6 -1 802 0 1419808 34422 0 1793. 44. 4826 38.71
803.630 6  6 -1 803 0 1421471 34463 0 1663. 41. 4832 38.71
804.631 6  6 -1 804 0 1423260 34506 0 1789. 43. 4838 38.71
805.631 6  6 -1 805 0 1425017 34551 0 1757. 45. 4845 61.37
806.631 6  6 -1 806 0 1426654 34591 0 1637. 40. 4851 61.37
807.632 6  6 -1 807 0 1428696 34642 0 2042. 51. 4857 61.37
808.634 6  6 -1 808 0 1430508 34686 0 1812. 44. 4863 61.37
809.635 6  6 -1 809 0 1432227 34727 0 1719. 41. 4869 61.37
810.638 6  6 -1 810 0 1434215 34778 0 1988. 51. 4876 77.87
811.648 6  6 -1 811 0 1436060 34823 0 1845. 45. 4882 77.87
812.649 6  6 -1 812 0 1437785 34864 0 1725. 41. 4888 77.87
813.649 6  6 -1 813 0 1439576 34908 0 1791. 44. 4894 77.87
814.649 6  6 -1 814 0 1441462 34954 0 1886. 46. 4900 77.87
815.651 6  6 -1 815 0 1443422 35002 0 1960. 48. 4907 93.05
816.652 6  6 -1 816 0 1445145 35045 0 1723. 43. 4913 93.05
817.652 6  6 -1 817 0 1447115 35093 0 1970. 48. 4919 93.05
818.652 6  6 -1 818 0 1448751 35132 0 1636. 39. 4925 93.05
819.653 6  6 -1 819 0 1450749 35182 0 1998. 50. 4931 93.05
820.653 6  6 -1 820 0 1452474 35224 0 1725. 42. 4938 -4907.27
821.654 6  6 -1 821 0 1454318 35268 0 1844. 44. 4944 -4907.27
822.655 6  6 -1 822 0 1456104 35312 0 1786. 44. 4950 -4907.27
823.655 6  6 -1 823 0 1457753 35353 0 1649. 41. 4956 -4907.27
824.655 6  6 -1 824 0 1459635 35398 0 1882. 45. 4962 -4907.27
825.656 6  6 -1 825 0 1461588 35447 0 1953. 49. 4969 83.42
826.657 6  6 -1 826 0 1463082 35482 0 1494. 35. 4975 83.42
827.658 6  6 -1 827 0 1465058 35529 0 1976. 47. 4981 83.42
828.659 6  6 -1 828 0 1466880 35575 0 1822. 46. 4987 83.42
829.659 6  6 -1 829 0 1468475 35614 0 1595. 39. 4993 83.42
830.662 6  6 -1 830 0 1470435 35661 0 1960. 47. 5000 -4917.13
831.663 6  6 -1 831 0 1472140 35704 0 1705. 43. 5006 596.83
832.664 6  6 -1 832 0 1473732 35745 0 1592. 41. 5012 596.83
833.663 6  6 -1 833 0 1475553 35789 0 1821. 44. 5018 596.83
834.665 6  6 -1 834 0 1477431 35836 0 1878. 47. 5024 596.83
835.665 6  6 -1 835 0 1479257 35881 0 1826. 45. 5031 85.51
836.666 6  6 -1 836 0 1481103 35926 0 1846. 45. 5037 85.51
837.667 6  6 -1 837 0 1482974 35972 0 1871. 46. 5043 85.51
838.668 6  6 -1 838 0 1484730 36015 0 1756. 43. 5049 85.51
839.669 6  6 -1 839 0 1486652 36061 0 1922. 46. 5055 85.51
840.669 6  6 -1 840 0 1488519 36108 0 1867. 47. 5062 60.1
841.669 6  6 -1 841 0 1490410 36154 0 1891. 46. 5068 60.1
842.670 6  6 -1 842 0 1492173 36196 0 1763. 42. 5074 60.1
843.670 6  6 -1 843 0 1494041 36243 0 1868. 47. 5080 60.1
844.671 6  6 -1 844 0 1495879 36288 0 1838. 45. 5086 60.1
845.671 6  6 -1 845 0 1497667 36331 0 1788. 43. 5093 -4940.57
846.671 6  6 -1 846 0 1499651 36382 0 1984. 51. 5099 274.39
847.672 6  6 -1 847 0 1501438 36426 0 1787. 44. 5105 274.39
848.672 6  6 -1 848 0 1503174 36467 0 1736. 41. 5111 274.39
849.673 6  6 -1 849 0 1505208 36518 0 2034. 51. 5117 274.39
850.673 6  6 -1 850 0 1507099 36565 0 1891. 47. 5124 65.51
851.673 6  6 -1 851 0 1508887 36608 0 1788. 43. 5130 65.51
852.674 6  6 -1 852 0 1510722 36653 0 1835. 45. 5136 65.51
853.675 6  6 -1 853 0 1512559 36698 0 1837. 45. 5142 65.51
854.676 6  6 -1 854 0 1514395 36744 0 1836. 46. 5148 65.51
855.677 6  6 -1 855 0 1516358 36794 0 1963. 50. 5155 97.84
856.678 6  6 -1 856 0 1518114 36837 0 1756. 43. 5161 97.84
857.678 6  6 -1 857 0 1519825 36879 0 1711. 42. 5167 97.84
858.679 6  6 -1 858 0 1521778 36928 0 1953. 49. 5173 97.84
859.680 6  6 -1 859 0 1523505 36969 0 1727. 41. 5179 97.84
860.680 6  6 -1 860 0 1525452 37018 0 1947. 49. 5186 -4902.89
861.681 6  6 -1 861 0 1527148 37059 0 1696. 41. 5192 188.27
862.681 6  6 -1 862 0 1528862 37102 0 1714. 43. 5198 188.27
863.682 6  6 -1 863 0 1530592 37144 0 1730. 42. 5204 188.27
864.683 6  6 -1 864 0 1532627 37195 0 2035. 51. 5210 188.27
865.683 6  6 -1 865 0 1534350 37236 0 1723. 41. 5217 -4812.45
866.683 6  6 -1 866 0 1536179 37281 0 1829. 45. 5223 315.96
867.684 6  6 -1 867 0 1538180 37331 0 2001. 50. 5229 315.96
868.685 6  6 -1 868 0 1539962 37375 0 1782. 44. 5235 315.96
869.685 6  6 -1 869 0 1541896 37422 0 1934. 47. 5241 315.96
870.686 6  6 -1 870 0 1543769 37469 0 1873. 47. 5248 31.71
871.687 6  6 -1 871 0 1545630 37515 0 1861. 46. 5254 31.71
872.687 6  6 -1 872 0 1547332 37557 0 1702. 42. 5260 31.71
873.687 6  6 -1 873 0 1549096 37602 0 1764. 45. 5266 31.71
874.688 6  6 -1 874 0 1550793 37642 0 1697. 40. 5272 31.71
875.689 6  6 -1 875 0 1552629 37687 0 1836. 45. 5279 -4971.38
876.689 6  6 -1 876 0 1554500 37734 0 1871. 47. 5285 462.13
877.690 6  6 -1 877 0 1556329 37778 0 1829. 44. 5291 462.13
878.692 6  6 -1 878 0 1558120 37822 0 1791. 44. 5297 462.13
879.693 6  6 -1 879 0 1559980 37867 0 1860. 45. 5303 462.13
880.693 6  6 -1 880 0 1561850 37914 0 1870. 47. 5310 78.05
881.694 6  6 -1 881 0 1563678 37958 0 1828. 44. 5316 78.05
882.694 6  6 -1 882 0 1565455 38003 0 1777. 45. 5322 78.05
883.694 6  6 -1 883 0 1567126 38044 0 1671. 41. 5328 78.05
884.697 6  6 -1 884 0 1568975 38089 0 1849. 45. 5334 78.05
885.698 6  6 -1 885 0 1570912 38137 0 1937. 48. 5341 32.48
886.698 6  6 -1 886 0 1572692 38182 0 1780. 45. 5347 32.48
887.699 6  6 -1 887 0 1574541 38226 0 1849. 44. 5353 32.48
888.699 6  6 -1 888 0 1576371 38271 0 1830. 45. 5359 32.48
889.699 6  6 -1 889 0 1578307 38319 0 1936. 48. 5365 32.48
890.699 6  6 -1 890 0 1580129 38363 0 1822. 44. 5372 -4968.86
891.700 6  6 -1 891 0 1582018 38410 0 1889. 47. 5378 -4968.86
892.701 6  6 -1 892 0 1583857 38455 0 1839. 45. 5384 -4968.86
893.701 6  6 -1 893 0 1585648 38498 0 1791. 43. 5390 -4968.86
894.702 6  6 -1 894 0 1587506 38544 0 1858. 46. 5396 -4968.86
895.703 6  6 -1 895 0 1589635 38597 0 2129. 53. 5403 41.32
896.704 6  6 -1 896 0 1591374 38638 0 1739. 41. 5409 41.32
897.705 6  6 -1 897 0 1593246 38685 0 1872. 47. 5415 41.32
898.705 6  6 -1 898 0 1594960 38727 0 1714. 42. 5421 41.32
899.706 6  6 -1 899 0 1596817 38772 0 1857. 45. 5427 41.32
900.707 6  6 -1 900 0 1598869 38824 0 2052. 52. 5434 41.47
901.708 6  6 -1 901 0 1600541 38865 0 1672. 41. 5440 41.47
902.709 6  6 -1 902 0 1602133 38905 0 1592. 40. 5446 41.47
903.710 6  6 -1 903 0 1603921 38950 0 1788. 45. 5452 41.47
904.711 6  6 -1 904 0 1605820 38995 0 1899. 45. 5458 41.47
905.711 6  6 -1 905 0 1607388 39033 0 1568. 38. 5465 69.79
906.712 6  6 -1 906 0 1609257 39079 0 1869. 46. 5471 69.79
907.713 6  6 -1 907 0 1610980 39120 0 1723. 41. 5477 69.79
908.714 6  6 -1 908 0 1612546 39160 0 1566. 40. 5483 69.79
909.714 6  6 -1 909 0 1614239 39202 0 1693. 42. 5489 69.79
910.726 6  6 -1 910 0 1616353 39254 0 2114. 52. 5496 134.77
911.726 6  6 -1 911 0 1618098 39297 0 1745. 43. 5502 134.77
912.727 6  6 -1 912 0 1619570 39334 0 1472. 37. 5508 134.77
913.727 6  6 -1 913 0 1621451 39379 0 1881. 45. 5514 134.77
914.728 6  6 -1 914 0 1623212 39422 0 1761. 43. 5520 134.77
915.728 6  6 -1 915 0 1624872 39463 0 1660. 41. 5527 -4866.26
916.729 6  6 -1 916 0 1626674 39508 0 1802. 45. 5533 -4866.26
917.730 6  6 -1 917 0 1628418 39551 0 1744. 43. 5539 -4866.26
918.731 6  6 -1 918 0 1630395 39598 0 1977. 47. 5545 -4866.26
919.731 6  6 -1 919 0 1632157 39641 0 1762. 43. 5551 -4866.26
920.732 6  6 -1 920 0 1634062 39688 0 1905. 47. 5558 126.83
921.733 6  6 -1 921 0 1635777 39730 0 1715. 42. 5564 126.83
922.735 6  6 -1 922 0 1637641 39776 0 1864. 46. 5570 126.83
923.736 6  6 -1 923 0 1639026 39811 0 1385. 35. 5576 126.83
924.737 6  6 -1 924 0 1640805 39855 0 1779. 44. 5582 126.83
925.737 6  6 -1 925 0 1642555 39898 0 1750. 43. 5589 92.22
926.738 6  6 -1 926 0 1643846 39931 0 1291. 33. 5595 92.22
927.738 6  6 -1 927 0 1645729 39976 0 1883. 45. 5601 92.22
928.739 6  6 -1 928 0 1647199 40010 0 1470. 34. 5607 92.22
929.740 6  6 -1 929 0 1649079 40056 0 1880. 46. 5613 92.22
930.742 6  6 -1 930 0 1650897 40102 0 1818. 46. 5620 124.83
931.750 6  6 -1 931 0 1652723 40145 0 1826. 43. 5626 124.83
932.751 6  6 -1 932 0 1654504 40190 0 1781. 45. 5632 124.83
933.761 6  6 -1 933 0 1656451 40237 0 1947. 47. 5638 124.83
934.757 6  6 -1 934 0 1658104 40277 0 1653. 40. 5644 124.83
935.758 6  6 -1 935 0 1659814 40319 0 1710. 42. 5651 -4876.5
936.759 6  6 -1 936 0 1661798 40368 0 1984. 49. 5657 307.81
937.760 6  6 -1 937 0 1663452 40407 0 1654. 39. 5663 307.81
938.761 6  6 -1 938 0 1665273 40452 0 1821. 45. 5669 307.81
939.761 6  6 -1 939 0 1667059 40496 0 1786. 44. 5675 307.81
940.762 6  6 -1 940 0 1668716 40536 0 1657. 40. 5682 -4693.21
941.762 6  6 -1 941 0 1670552 40582 0 1836. 46. 5688 -4693.21
942.763 6  6 -1 942 0 1672134 40621 0 1582. 39. 5694 -4693.21
943.763 6  6 -1 943 0 1673901 40663 0 1767. 42. 5700 -4693.21
944.764 6  6 -1 944 0 1675510 40703 0 1609. 40. 5706 -4693.21
945.766 6  6 -1 945 0 1677360 40749 0 1850. 46. 5713 81.22
946.766 6  6 -1 946 0 1678933 40787 0 1573. 38. 5719 81.22
947.767 6  6 -1 947 0 1680688 40830 0 1755. 43. 5725 81.22
948.768 6  6 -1 948 0 1682229 40866 0 1541. 36. 5731 81.22
949.769 6  6 -1 949 0 1683822 40905 0 1593. 39. 5737 81.22
950.770 6  6 -1 950 0 1685454 40945 0 1632. 40. 5744 140.78
951.776 6  6 -1 951 0 1686884 40982 0 1430. 37. 5750 140.78
952.775 6  6 -1 952 0 1688350 41016 0 1466. 34. 5756 140.78
953.778 6  6 -1 953 0 1690143 41061 0 1793. 45. 5762 140.78
954.779 6  6 -1 954 0 1691688 41099 0 1545. 38. 5768 140.78
955.779 6  6 -1 955 0 1693326 41137 0 1638. 38. 5775 125.16
956.784 6  6 -1 956 0 1695186 41185 0 1860. 48. 5781 125.16
957.786 6  6 -1 957 0 1696770 41223 0 1584. 38. 5787 125.16
958.786 6  6 -1 958 0 1698437 41262 0 1667. 39. 5793 125.16
959.787 6  6 -1 959 0 1700531 41315 0 2094. 53. 5799 125.16
960.788 6  6 -1 960 0 1702150 41354 0 1619. 39. 5806 73.17
961.788 6  6 -1 961 0 1704014 41400 0 1864. 46. 5812 73.17
962.789 6  6 -1 962 0 1705842 41446 0 1828. 46. 5818 73.17
963.789 6  6 -1 963 0 1707719 41490 0 1877. 44. 5824 73.17
964.790 6  6 -1 964 0 1709611 41536 0 1892. 46. 5830 73.17
965.790 6  6 -1 965 0 1711356 41581 0 1745. 45. 5837 57.15
966.790 6  6 -1 966 0 1713322 41628 0 1966. 47. 5843 57.15
967.791 6  6 -1 967 0 1715168 41674 0 1846. 46. 5849 57.15
968.792 6  6 -1 968 0 1716684 41710 0 1516. 36. 5855 57.15
969.792 6  6 -1 969 0 1718561 41756 0 1877. 46. 5861 57.15
970.793 6  6 -1 970 0 1720387 41802 0 1826. 46. 5868 40.72
971.793 6  6 -1 971 0 1722194 41846 0 1807. 44. 5874 40.72
972.796 6  6 -1 972 0 1723970 41890 0 1776. 44. 5880 40.72
973.798 6  6 -1 973 0 1725882 41938 0 1912. 48. 5886 40.72
974.798 6  6 -1 974 0 1727694 41982 0 1812. 44. 5892 40.72
975.799 6  6 -1 975 0 1729525 42027 0 1831. 45. 5899 47.98
976.799 6  6 -1 976 0 1731490 42077 0 1965. 50. 5905 47.98
977.799 6  6 -1 977 0 1733260 42119 0 1770. 42. 5911 47.98
978.805 6  6 -1 978 0 1735172 42166 0 1912. 47. 5917 47.98
979.804 6  6 -1 979 0 1736958 42211 0 1786. 45. 5923 47.98
980.805 6  6 -1 980 0 1738738 42253 0 1780. 42. 5930 -4953.07
981.806 6  6 -1 981 0 1740589 42300 0 1851. 47. 5936 302.62
982.806 6  6 -1 982 0 1742513 42348 0 1924. 48. 5942 302.62
983.806 6  6 -1 983 0 1744307 42391 0 1794. 43. 5948 302.62
984.807 6  6 -1 984 0 1746147 42436 0 1840. 45. 5954 302.62
985.807 6  6 -1 985 0 1748027 42483 0 1880. 47. 5961 81.95
986.807 6  6 -1 986 0 1749857 42527 0 1830. 44. 5967 81.95
987.808 6  6 -1 987 0 1751638 42571 0 1781. 44. 5973 81.95
988.808 6  6 -1 988 0 1753489 42616 0 1851. 45. 5979 81.95
989.809 6  6 -1 989 0 1755467 42665 0 1978. 49. 5985 81.95
990.810 6  6 -1 990 0 1757219 42708 0 1752. 43. 5992 85.27
991.809 6  6 -1 991 0 1759104 42755 0 1885. 47. 5998 85.27
992.810 6  6 -1 992 0 1761048 42803 0 1944. 48. 6004 85.27
993.810 6  6 -1 993 0 1762773 42845 0 1725. 42. 6010 85.27
994.811 6  6 -1 994 0 1764681 42892 0 1908. 47. 6016 85.27
995.812 6  6 -1 995 0 1766597 42940 0 1916. 48. 6023 141.3
996.813 6  6 -1 996 0 1768441 42986 0 1844. 46. 6029 141.3
997.814 6  6 -1 997 0 1770157 43027 0 1716. 41. 6035 141.3
998.814 6  6 -1 998 0 1772125 43075 0 1968. 48. 6041 141.3
999.815 6  6 -1 999 0 1774030 43122 0 1905. 47. 6047 141.3
1000.816 6  6 -1 1000 0 1775790 43165 0 1760. 43. 6054 -4859.77
1001.817 6  6 -1 1001 0 1777525 43207 0 1735. 42. 6060 -4859.77
1002.818 6  6 -1 1002 0 1779371 43252 0 1846. 45. 6066 -4859.77
1003.818 6  6 -1 1003 0 1781298 43299 0 1927. 47. 6072 -4859.77
1004.819 6  6 -1 1004 0 1783067 43343 0 1769. 44. 6078 -4859.77
1005.820 6  6 -1 1005 0 1784967 43391 0 1900. 48. 6085 89.11
1006.820 6  6 -1 1006 0 1786710 43432 0 1743. 41. 6091 89.11
1007.821 6  6 -1 1007 0 1788507 43477 0 1797. 45. 6097 89.11
1008.822 6  6 -1 1008 0 1790447 43525 0 1940. 48. 6103 89.11
1009.822 6  6 -1 1009 0 1792308 43570 0 1861. 45. 6109 89.11
1010.823 6  6 -1 1010 0 1794057 43613 0 1749. 43. 6116 103.53
1011.824 6  6 -1 1011 0 1795821 43657 0 1764. 44. 6122 103.53
1012.825 6  6 -1 1012 0 1797699 43703 0 1878. 46. 6128 103.53
1013.826 6  6 -1 1013 0 1799611 43751 0 1912. 48. 6134 103.53
1014.827 6  6 -1 1014 0 1801374 43794 0 1763. 43. 6140 103.53
1015.828 6  6 -1 1015 0 1803109 43835 0 1735. 41. 6147 83.62
1016.829 6  6 -1 1016 0 1805010 43883 0 1901. 48. 6153 83.62
1017.830 6  6 -1 1017 0 1806842 43928 0 1832. 45. 6159 83.62
1018.831 6  6 -1 1018 0 1808639 43971 0 1797. 43. 6165 83.62
1019.830 6  6 -1 1019 0 1810420 44014 0 1781. 43. 6171 83.62
1020.831 6  6 -1 1020 0 1812283 44059 0 1863. 45. 6178 59.12
1021.840 6  6 -1 1021 0 1814328 44109 0 2045. 50. 6184 59.12
1022.841 6  6 -1 1022 0 1816066 44153 0 1738. 44. 6190 59.12
1023.841 6  6 -1 1023 0 1817833 44195 0 1767. 42. 6196 59.12
1024.842 6  6 -1 1024 0 1819679 44240 0 1846. 45. 6202 59.12
1025.842 6  6 -1 1025 0 1821718 44290 0 2039. 50. 6209 58.66
1026.843 6  6 -1 1026 0 1823476 44332 0 1758. 42. 6215 58.66
1027.844 6  6 -1 1027 0 1825206 44375 0 1730. 43. 6221 58.66
1028.844 6  6 -1 1028 0 1826969 44416 0 1763. 41. 6227 58.66
1029.845 6  6 -1 1029 0 1829023 44466 0 2054. 50. 6233 58.66
1030.846 6  6 -1 1030 0 1830820 44509 0 1797. 43. 6240 128.6
1031.846 6  6 -1 1031 0 1832666 44553 0 1846. 44. 6246 128.6
1032.847 6  6 -1 1032 0 1834533 44599 0 1867. 46. 6252 128.6
1033.848 6  6 -1 1033 0 1836321 44642 0 1788. 43. 6258 128.6
1034.848 6  6 -1 1034 0 1838220 44689 0 1899. 47. 6264 128.6
1035.849 6  6 -1 1035 0 1840040 44733 0 1820. 44. 6271 27.52
1036.854 6  6 -1 1036 0 1841977 44779 0 1937. 46. 6277 27.52
1037.854 6  6 -1 1037 0 1843819 44824 0 1842. 45. 6283 27.52
1038.855 6  6 -1 1038 0 1845506 44865 0 1687. 41. 6289 27.52
1039.856 6  6 -1 1039 0 1847424 44911 0 1918. 46. 6295 27.52
1040.857 6  6 -1 1040 0 1849159 44953 0 1735. 42. 6302 101.02
1041.857 6  6 -1 1041 0 1851047 44997 0 1888. 44. 6308 101.02
1042.858 6  6 -1 1042 0 1852939 45043 0 1892. 46. 6314 101.02
1043.858 6  6 -1 1043 0 1854805 45088 0 1866. 45. 6320 101.02
1044.859 6  6 -1 1044 0 1856638 45133 0 1833. 45. 6326 101.02
1045.860 6  6 -1 1045 0 1858285 45175 0 1647. 42. 6333 93.91
1046.860 6  6 -1 1046 0 1860261 45221 0 1976. 46. 6339 93.91
1047.863 6  6 -1 1047 0 1862100 45266 0 1839. 45. 6345 93.91
1048.863 6  6 -1 1048 0 1864075 45315 0 1975. 49. 6351 93.91
1049.869 6  6 -1 1049 0 1865866 45358 0 1791. 43. 6357 93.91
1050.870 6  6 -1 1050 0 1867572 45399 0 1706. 41. 6364 131.58
1051.870 6  6 -1 1051 0 1869492 45446 0 1920. 47. 6370 131.58
1052.871 6  6 -1 1052 0 1871366 45492 0 1874. 46. 6376 131.58
1053.871 6  6 -1 1053 0 1873284 45539 0 1918. 47. 6382 131.58
1054.872 6  6 -1 1054 0 1875024 45580 0 1740. 41. 6388 131.58
1055.878 6  6 -1 1055 0 1876917 45626 0 1893. 46. 6395 55.
1056.879 6  6 -1 1056 0 1878747 45672 0 1830. 46. 6401 55.
1057.879 6  6 -1 1057 0 1880658 45718 0 1911. 46. 6407 55.
1058.880 6  6 -1 1058 0 1882321 45756 0 1663. 38. 6413 55.
1059.884 6  6 -1 1059 0 1884298 45805 0 1977. 49. 6419 55.
1060.894 6  6 -1 1060 0 1886029 45847 0 1731. 42. 6426 54.1
1061.896 6  6 -1 1061 0 1887944 45893 0 1915. 46. 6432 54.1
1062.896 6  6 -1 1062 0 1889691 45937 0 1747. 44. 6438 54.1
1063.897 6  6 -1 1063 0 1891434 45978 0 1743. 41. 6444 54.1
1064.898 6  6 -1 1064 0 1893438 46027 0 2004. 49. 6450 54.1
1065.898 6  6 -1 1065 0 1895326 46075 0 1888. 48. 6457 97.38
1066.903 6  6 -1 1066 0 1897106 46118 0 1780. 43. 6463 97.38
1067.899 6  6 -1 1067 0 1898804 46160 0 1698. 42. 6469 97.38
1068.900 6  6 -1 1068 0 1900703 46207 0 1899. 47. 6475 97.38
1069.901 6  6 -1 1069 0 1902519 46251 0 1816. 44. 6481 97.38
1070.903 6  6 -1 1070 0 1904413 46296 0 1894. 45. 6488 -4903.62
1071.903 6  6 -1 1071 0 1906178 46341 0 1765. 45. 6494 -4903.62
1072.903 6  6 -1 1072 0 1908078 46387 0 1900. 46. 6500 -4903.62
1073.903 6  6 -1 1073 0 1910006 46435 0 1928. 48. 6506 -4903.62
1074.904 6  6 -1 1074 0 1911947 46484 0 1941. 49. 6512 -4903.62
1075.906 6  6 -1 1075 0 1913784 46529 0 1837. 45. 6519 77.92
1076.906 6  6 -1 1077 0 1915614 46573 0 1830. 44. 6525 77.92
1077.907 6  6 -1 1078 0 1917545 46622 0 1931. 49. 6531 77.92
1078.907 6  6 -1 1079 0 1919394 46666 0 1849. 44. 6537 77.92
1079.907 6  6 -1 1080 0 1921244 46711 0 1850. 45. 6543 77.92
1080.908 6  6 -1 1081 0 1923102 46757 0 1858. 46. 6550 70.32
1081.909 6  6 -1 1082 0 1924779 46795 0 1677. 38. 6556 70.32
1082.909 6  6 -1 1083 0 1926661 46842 0 1882. 47. 6562 70.32
1083.910 6  6 -1 1084 0 1928568 46889 0 1907. 47. 6568 70.32
1084.910 6  6 -1 1085 0 1930339 46931 0 1771. 42. 6574 70.32
1085.911 6  6 -1 1086 0 1932334 46981 0 1995. 50. 6581 194.05
1086.911 6  6 -1 1087 0 1934277 47029 0 1943. 48. 6587 194.05
1087.913 6  6 -1 1088 0 1935867 47066 0 1590. 37. 6593 194.05
1088.913 6  6 -1 1089 0 1937837 47117 0 1970. 51. 6599 194.05
1089.914 6  6 -1 1090 0 1939749 47163 0 1912. 46. 6605 194.05
1090.915 6  6 -1 1091 0 1941606 47208 0 1857. 45. 6612 94.85
1091.915 6  6 -1 1092 0 1943408 47253 0 1802. 45. 6618 94.85
1092.916 6  6 -1 1093 0 1945319 47300 0 1911. 47. 6624 94.85
1093.916 6  6 -1 1094 0 1947208 47346 0 1889. 46. 6630 94.85
1094.917 6  6 -1 1095 0 1948867 47387 0 1659. 41. 6636 94.85
1095.917 6  6 -1 1096 0 1950868 47436 0 2001. 49. 6643 70.93
1096.918 6  6 -1 1097 0 1952686 47481 0 1818. 45. 6649 70.93
1097.918 6  6 -1 1098 0 1954700 47531 0 2014. 50. 6655 70.93
1098.919 6  6 -1 1099 0 1956532 47575 0 1832. 44. 6661 70.93
1099.919 6  6 -1 1100 0 1958198 47616 0 1666. 41. 6667 70.93
1100.919 6  6 -1 1101 0 1960266 47668 0 2068. 52. 6674 86.04
1101.920 6  6 -1 1102 0 1962074 47712 0 1808. 44. 6680 86.04
1102.920 6  6 -1 1103 0 1963990 47759 0 1916. 47. 6686 86.04
1103.921 6  6 -1 1104 0 1965799 47803 0 1809. 44. 6692 86.04
1104.922 6  6 -1 1105 0 1967593 47846 0 1794. 43. 6698 86.04
1105.923 6  6 -1 1106 0 1969396 47891 0 1803. 45. 6705 45.25
1106.924 6  6 -1 1107 0 1971365 47940 0 1969. 49. 6711 45.25
1107.925 6  6 -1 1108 0 1973052 47980 0 1687. 40. 6717 45.25
1108.926 6  6 -1 1109 0 1975096 48030 0 2044. 50. 6723 45.25
1109.933 6  6 -1 1110 0 1976915 48074 0 1819. 44. 6729 45.25
1110.927 6  6 -1 1111 0 1978704 48119 0 1789. 45. 6736 -4955.46
1111.926 6  6 -1 1112 0 1980421 48160 0 1717. 41. 6742 -4955.46
1112.928 6  6 -1 1113 0 1982132 48202 0 1711. 42. 6748 -4955.46
1113.928 6  6 -1 1114 0 1984072 48251 0 1940. 49. 6754 -4955.46
1114.930 6  6 -1 1115 0 1985877 48295 0 1805. 44. 6760 -4955.46
1115.930 6  6 -1 1116 0 1987798 48343 0 1921. 48. 6767 67.71
1116.930 6  6 -1 1117 0 1989625 48388 0 1827. 45. 6773 67.71
1117.931 6  6 -1 1118 0 1991483 48434 0 1858. 46. 6779 67.71
1118.931 6  6 -1 1119 0 1993380 48480 0 1897. 46. 6785 67.71
1119.933 6  6 -1 1120 0 1995282 48526 0 1902. 46. 6791 67.71
1120.934 6  6 -1 1121 0 1997097 48571 0 1815. 45. 6798 87.86
1121.935 6  6 -1 1122 0 1999065 48620 0 1968. 49. 6804 87.86
1122.935 6  6 -1 1123 0 2000821 48663 0 1756. 43. 6810 87.86
1123.936 6  6 -1 1124 0 2002758 48712 0 1937. 49. 6816 87.86
1124.937 6  6 -1 1125 0 2004531 48754 0 1773. 42. 6822 87.86
1125.937 6  6 -1 1126 0 2006380 48800 0 1849. 46. 6829 41.82
1126.937 6  6 -1 1127 0 2008280 48848 0 1900. 48. 6835 41.82
1127.938 6  6 -1 1128 0 2009974 48888 0 1694. 40. 6841 41.82
1128.939 6  6 -1 1129 0 2011963 48938 0 1989. 50. 6847 41.82
1129.947 6  6 -1 1130 0 2013854 48985 0 1891. 47. 6853 41.82
1130.948 6  6 -1 1131 0 2015543 49025 0 1689. 40. 6860 66.56
1131.949 6  6 -1 1132 0 2017434 49072 0 1891. 47. 6866 66.56
1132.949 6  6 -1 1133 0 2019201 49114 0 1767. 42. 6872 66.56
1133.949 6  6 -1 1134 0 2021124 49161 0 1923. 47. 6878 66.56
1134.950 6  6 -1 1135 0 2022917 49205 0 1793. 44. 6884 66.56
1135.950 6  6 -1 1136 0 2024811 49252 0 1894. 47. 6891 129.83
1136.951 6  6 -1 1137 0 2026652 49297 0 1841. 45. 6897 129.83
1137.952 6  6 -1 1138 0 2028456 49341 0 1804. 44. 6903 129.83
1138.952 6  6 -1 1139 0 2030484 49391 0 2028. 50. 6909 129.83
1139.952 6  6 -1 1140 0 2032309 49435 0 1825. 44. 6915 129.83
1140.953 6  6 -1 1141 0 2034064 49478 0 1755. 43. 6922 45.94
1141.954 6  6 -1 1142 0 2035889 49521 0 1825. 43. 6928 45.94
1142.954 6  6 -1 1143 0 2037628 49563 0 1739. 42. 6934 45.94
1143.955 6  6 -1 1144 0 2039531 49611 0 1903. 48. 6940 45.94
1144.957 6  6 -1 1145 0 2041262 49653 0 1731. 42. 6946 45.94
1145.956 6  6 -1 1146 0 2043102 49700 0 1840. 47. 6953 100.92
1146.957 6  6 -1 1147 0 2044900 49743 0 1798. 43. 6959 100.92
1147.957 6  6 -1 1148 0 2046632 49786 0 1732. 43. 6965 100.92
1148.957 6  6 -1 1149 0 2048537 49833 0 1905. 47. 6971 100.92
1149.958 6  6 -1 1150 0 2050377 49878 0 1840. 45. 6977 100.92
1150.958 6  6 -1 1151 0 2052134 49921 0 1757. 43. 6984 74.32
1151.958 6  6 -1 1152 0 2054002 49967 0 1868. 46. 6990 74.32
1152.958 6  6 -1 1153 0 2055915 50014 0 1913. 47. 6996 74.32
1153.959 6  6 -1 1154 0 2057785 50060 0 1870. 46. 7002 74.32
1154.959 6  6 -1 1155 0 2059578 50105 0 1793. 45. 7008 74.32
1155.960 6  6 -1 1156 0 2061326 50147 0 1748. 42. 7015 112.91
1156.960 6  6 -1 1157 0 2063168 50192 0 1842. 45. 7021 112.91
1157.961 6  6 -1 1158 0 2065026 50238 0 1858. 46. 7027 112.91
1158.962 6  6 -1 1159 0 2066990 50285 0 1964. 47. 7033 112.91
1159.962 6  6 -1 1160 0 2068725 50328 0 1735. 43. 7039 112.91
1160.963 6  6 -1 1161 0 2070607 50376 0 1882. 48. 7046 62.65
1161.964 6  6 -1 1162 0 2072477 50422 0 1870. 46. 7052 62.65
1162.964 6  6 -1 1163 0 2074289 50466 0 1812. 44. 7058 62.65
1163.964 6  6 -1 1164 0 2076311 50516 0 2022. 50. 7064 62.65
1164.965 6  6 -1 1165 0 2078051 50558 0 1740. 42. 7070 62.65
1165.966 6  6 -1 1166 0 2080060 50609 0 2009. 51. 7077 89.84
1166.966 6  6 -1 1167 0 2081722 50650 0 1662. 41. 7083 89.84
1167.967 6  6 -1 1168 0 2083492 50692 0 1770. 42. 7089 89.84
1168.967 6  6 -1 1169 0 2085325 50736 0 1833. 44. 7095 89.84
1169.967 6  6 -1 1170 0 2087275 50785 0 1950. 49. 7101 89.84
1170.968 6  6 -1 1171 0 2089184 50832 0 1909. 47. 7108 58.7
1171.968 6  6 -1 1172 0 2090889 50873 0 1705. 41. 7114 58.7
1172.980 6  6 -1 1173 0 2092948 50924 0 2059. 51. 7120 58.7
1173.980 6  6 -1 1174 0 2094732 50966 0 1784. 42. 7126 58.7
1174.981 6  6 -1 1175 0 2096656 51015 0 1924. 49. 7132 58.7
1175.981 6  6 -1 1176 0 2098366 51056 0 1710. 41. 7139 37.89
1176.982 6  6 -1 1177 0 2100334 51103 0 1968. 47. 7145 37.89
1177.983 6  6 -1 1178 0 2102187 51149 0 1853. 46. 7151 37.89
1178.984 6  6 -1 1179 0 2103888 51190 0 1701. 41. 7157 37.89
1179.984 6  6 -1 1180 0 2105794 51238 0 1906. 48. 7163 37.89
1180.985 6  6 -1 1181 0 2107755 51287 0 1961. 49. 7170 82.89
1181.985 6  6 -1 1182 0 2109434 51327 0 1679. 40. 7176 82.89
1182.988 6  6 -1 1183 0 2111461 51376 0 2027. 49. 7182 82.89
1183.988 6  6 -1 1184 0 2113281 51422 0 1820. 46. 7188 82.89
1184.989 6  6 -1 1185 0 2115121 51467 0 1840. 45. 7194 82.89
1185.990 6  6 -1 1186 0 2116940 51513 0 1819. 46. 7201 114.47
1186.990 6  6 -1 1187 0 2118794 51558 0 1854. 45. 7207 114.47
1187.990 6  6 -1 1188 0 2120804 51605 0 2010. 47. 7213 114.47
1188.991 6  6 -1 1189 0 2122677 51650 0 1873. 45. 7219 114.47
1189.991 6  6 -1 1190 0 2124400 51693 0 1723. 43. 7225 114.47
1190.991 6  6 -1 1191 0 2126206 51734 0 1806. 41. 7232 69.73
1191.992 6  6 -1 1192 0 2127931 51776 0 1725. 42. 7238 69.73
1192.993 6  6 -1 1193 0 2129909 51824 0 1978. 48. 7244 69.73
1193.993 6  6 -1 1194 0 2130277 51832 0 368. 8. 7250 69.73
1194.994 6  6 -1 1195 1 2130277 51832 0 0. 0. 7256 69.73
1195.995 6  6 -1 1196 2 2130277 51832 0 0. 0. 7263 -4930.46
1196.995 6  6 -1 1197 3 2130277 51832 0 0. 0. 7269 -4930.46
1197.995 6  6 -1 1198 4 2130277 51832 0 0. 0. 7275 -4930.46
1198.996 6  6 -1 1199 5 2130277 51832 0 0. 0. 7281 -4930.46
1199.996 6  6 -1 1200 6 2130277 51832 0 0. 0. 7287 -4930.46
1200.996 6  6 -1 1201 7 2130277 51832 0 0. 0. 7293 -9930.84
1201.996 6  6 -1 1202 8 2130277 51832 0 0. 0. 7299 -9930.84
1202.997 6  6 -1 1203 9 2130277 51832 0 0. 0. 7305 -9930.84
1203.997 6  6 -1 1204 10 2130277 51832 0 0. 0. 7311 -9930.84
1204.999 6  6 -1 1205 11 2130277 51832 0 0. 0. 7317 -9930.84
1205.999 6  6 -1 1206 12 2130277 51832 0 0. 0. 7323 -14931.51
1207.000 6  6 -1 1207 13 2130277 51832 0 0. 0. 7329 -14931.51
1208.001 6  6 -1 1208 14 2130277 51832 0 0. 0. 7335 -14931.51
1209.000 6  6 -1 1209 15 2130277 51832 0 0. 0. 7341 -14931.51
1210.001 6  6 -1 1210 16 2130277 51832 0 0. 0. 7347 -14931.51
1211.001 6  6 -1 1211 17 2130277 51832 0 0. 0. 7353 -19932.46
1212.002 6  6 -1 1212 18 2130277 51832 0 0. 0. 7359 -19932.46
1213.005 6  6 -1 1213 19 2130277 51832 0 0. 0. 7365 -19932.46
1214.005 6  6 -1 1214 20 2130277 51832 0 0. 0. 7371 -19932.46
1215.006 6  6 -1 1215 21 2130277 51832 0 0. 0. 7377 -19932.46
1216.007 6  6 -1 1216 22 2130277 51832 0 0. 0. 7383 -24933.41
1217.007 6  6 -1 1217 23 2130277 51832 0 0. 0. 7389 -24933.41
1218.007 6  6 -1 1218 24 2130277 51832 0 0. 0. 7395 -24933.41
1219.008 6  6 -1 1219 25 2130277 51832 0 0. 0. 7401 -24933.41
1220.008 6  6 -1 1220 26 2130277 51832 0 0. 0. 7407 -24933.41
1221.008 6  6 -1 1221 27 2130277 51832 0 0. 0. 7413 -29933.97
1222.009 6  6 -1 1222 28 2130277 51832 0 0. 0. 7419 -29933.97
1223.011 6  6 -1 1223 29 2130277 51832 0 0. 0. 7425 -29933.97
1224.011 6  6 -1 1224 30 2130277 51832 0 0. 0. 7431 -29933.97
1225.011 6  6 -1 1225 31 2130277 51832 0 0. 0. 7437 -29933.97
1226.012 6  6 -1 1226 32 2130277 51832 0 0. 0. 7443 -34934.29
1227.012 6  6 -1 1227 33 2130277 51832 0 0. 0. 7449 -34934.29
1228.012 6  6 -1 1228 34 2130277 51832 0 0. 0. 7455 -34934.29
1229.019 6  6 -1 1229 35 2130277 51832 0 0. 0. 7461 -34934.29
1230.018 6  6 -1 1230 36 2130277 51832 0 0. 0. 7467 -34934.29
1231.018 6  6 -1 1231 37 2130277 51832 0 0. 0. 7473 -39934.62
1232.018 6  6 -1 1232 38 2130277 51832 0 0. 0. 7479 -39934.62
1233.020 6  6 -1 1233 39 2130277 51832 0 0. 0. 7485 -39934.62
1234.020 6  6 -1 1234 40 2130277 51832 0 0. 0. 7491 -39934.62
1235.021 6  6 -1 1235 41 2130277 51832 0 0. 0. 7497 -39934.62
1236.022 6  6 -1 1236 42 2130277 51832 0 0. 0. 7503 -44934.99
1237.023 6  6 -1 1237 43 2130277 51832 0 0. 0. 7509 -44934.99
1238.023 6  6 -1 1238 44 2130277 51832 0 0. 0. 7515 -44934.99
1239.024 6  6 -1 1239 45 2130277 51832 0 0. 0. 7521 -44934.99
1240.024 6  6 -1 1240 46 2130277 51832 0 0. 0. 7527 -44934.99
1241.025 6  6 -1 1241 47 2130277 51832 0 0. 0. 7533 -49935.69
1242.026 6  6 -1 1242 48 2130277 51832 0 0. 0. 7539 -49935.69
1243.026 6  6 -1 1243 49 2130277 51832 0 0. 0. 7545 -49935.69
1244.027 6  6 -1 1244 50 2130277 51832 0 0. 0. 7551 -49935.69
1245.028 6  6 -1 1245 51 2130277 51832 0 0. 0. 7557 -49935.69
1246.029 6  6 -1 1246 52 2130277 51832 0 0. 0. 7563 -54936.53
1247.029 6  6 -1 1247 53 2130277 51832 0 0. 0. 7569 -54936.53
1248.030 6  6 -1 1248 54 2130277 51832 0 0. 0. 7575 -54936.53
1249.031 6  6 -1 1249 55 2130277 51832 0 0. 0. 7581 -54936.53
1250.031 6  6 -1 1250 56 2130277 51832 0 0. 0. 7587 -54936.53
1251.032 6  6 -1 1251 57 2130277 51832 0 0. 0. 7593 -59937.1
1252.032 6  6 -1 1252 58 2130277 51832 0 0. 0. 7599 -59937.1
1253.033 6  6 -1 1253 59 2130277 51832 0 0. 0. 7605 -59937.1
1254.033 6  6 -1 1254 60 2130277 51832 0 0. 0. 7611 -59937.1
1255.034 6  6 -1 1255 61 2130277 51832 0 0. 0. 7617 -59937.1
1256.034 6  6 -1 1256 62 2130277 51832 0 0. 0. 7623 -64937.89
1257.036 6  6 -1 1257 63 2130277 51832 0 0. 0. 7629 -64937.89
1258.037 6  6 -1 1258 64 2130277 51832 0 0. 0. 7635 -64937.89
1259.037 6  6 -1 1259 65 2130277 51832 0 0. 0. 7641 -64937.89
1260.038 6  6 -1 1260 66 2130277 51832 0 0. 0. 7647 -64937.89
1261.038 6  6 -1 1261 67 2130277 51832 0 0. 0. 7653 -69938.56
1262.039 6  6 -1 1262 68 2130277 51832 0 0. 0. 7659 -69938.56
1263.039 6  6 -1 1263 69 2130277 51832 0 0. 0. 7665 -69938.56
1264.040 6  6 -1 1264 70 2130277 51832 0 0. 0. 7671 -69938.56
1265.041 6  6 -1 1265 71 2130277 51832 0 0. 0. 7677 -69938.56
1266.041 6  6 -1 1266 72 2130277 51832 0 0. 0. 7683 -74939.56
1267.042 6  6 -1 1267 73 2130277 51832 0 0. 0. 7689 -74939.56
1268.042 6  6 -1 1268 74 2130277 51832 0 0. 0. 7695 -74939.56
1269.044 6  6 -1 1269 75 2130277 51832 0 0. 0. 7701 -74939.56
1270.044 6  6 -1 1270 76 2130277 51832 0 0. 0. 7707 -74939.56
1271.045 6  6 -1 1271 77 2130277 51832 0 0. 0. 7713 -79940.37
1272.046 6  6 -1 1272 78 2130277 51832 0 0. 0. 7719 -79940.37
1273.047 6  6 -1 1273 79 2130277 51832 0 0. 0. 7725 -79940.37
1274.046 6  6 -1 1274 80 2130277 51832 0 0. 0. 7731 -79940.37
1275.048 6  6 -1 1275 81 2130277 51832 0 0. 0. 7737 -79940.37
1276.048 6  6 -1 1276 82 2130277 51832 0 0. 0. 7743 -84941.19
1277.048 6  6 -1 1277 83 2130277 51832 0 0. 0. 7749 -84941.19
1278.049 6  6 -1 1278 84 2130277 51832 0 0. 0. 7755 -84941.19
1279.050 6  6 -1 1279 85 2130277 51832 0 0. 0. 7761 -84941.19
1280.050 6  6 -1 1280 86 2130277 51832 0 0. 0. 7767 -84941.19
1281.051 6  6 -1 1281 87 2130277 51832 0 0. 0. 7773 -89942.32
1282.052 6  6 -1 1282 88 2130277 51832 0 0. 0. 7779 -89942.32
1283.052 6  6 -1 1283 89 2130277 51832 0 0. 0. 7785 -89942.32
1284.053 6  6 -1 1284 90 2130277 51832 0 0. 0. 7791 -89942.32
1285.053 6  6 -1 1285 91 2130277 51832 0 0. 0. 7797 -89942.32
1286.053 6  6 -1 1286 92 2130277 51832 0 0. 0. 7803 -94943.06
1287.055 6  6 -1 1287 93 2130277 51832 0 0. 0. 7809 -94943.06
1288.055 6  6 -1 1288 94 2130277 51832 0 0. 0. 7815 -94943.06
1289.056 6  6 -1 1289 95 2130277 51832 0 0. 0. 7821 -94943.06
1290.057 6  6 -1 1290 96 2130277 51832 0 0. 0. 7827 -94943.06
